time,open,high,low,close,volume
2020-03-13T00:00:00.000Z,2785.5845,2785.5845,2712.6201,2751.6155,25
2020-03-13T04:00:00.000Z,2751.6155,2789.3555,2751.6155,2788.4045,38
2020-03-16T00:00:00.000Z,2768.4312,2788.4045,2768.4312,2788.4045,14
2020-03-16T04:00:00.000Z,2788.4045,2788.4045,2767.5779,2767.5779,14
2020-03-17T00:00:00.000Z,2767.1824,2770.9978,2735.7056,2762.4131,25
2020-03-17T04:00:00.000Z,2762.4131,2766.2285,2761.4592,2765.2747,7
2020-03-18T00:00:00.000Z,2765.1541,2765.1541,2755.6096,2764.1995,10
2020-03-18T04:00:00.000Z,2760.3818,2768.9717,2756.564,2756.564,20
2020-03-19T00:00:00.000Z,2730.6587,2762.5129,2730.6587,2755.8433,34
2020-03-19T04:00:00.000Z,2755.8433,2772.0408,2752.0322,2763.4656,358
2020-03-20T00:00:00.000Z,2763.6331,2783.6177,2763.6331,2769.3428,14
2020-03-20T04:00:00.000Z,2769.3428,2769.3428,2742.6968,2748.4065,40
2020-03-23T00:00:00.000Z,2750.6218,2772.49,2750.6218,2767.7361,33
2020-03-23T04:00:00.000Z,2767.7361,2789.604,2767.7361,2787.595,48
2020-03-24T00:00:00.000Z,2787.2751,2807.197,2778.4231,2794.6323,72
2020-03-24T04:00:00.000Z,2794.6323,2804.1191,2792.7351,2804.1191,27
2020-03-25T00:00:00.000Z,2765.6038,2806.0364,2765.6038,2801.4968,54
2020-03-25T04:00:00.000Z,2801.4968,2807.1755,2787.2998,2788.2463,28
2020-03-26T00:00:00.000Z,2780.7063,2815.6597,2780.7063,2807.5852,84
2020-03-26T04:00:00.000Z,2801.917,2836.5234,2801.917,2828.0618,112
2020-03-27T00:00:00.000Z,2848.0271,2928.1316,2846.1523,2896.5554,403
2020-03-27T04:00:00.000Z,2896.5554,2917.1775,2894.6807,2908.7161,88
2020-03-30T00:00:00.000Z,2939.5042,3004.5649,2916.021,2988.2302,691
2020-03-30T04:00:00.000Z,2988.3325,3006.8704,2981.4666,3006.8704,333
2020-03-31T00:00:00.000Z,3024.0781,3024.0781,2953.7117,2958.8328,418
2020-03-31T04:00:00.000Z,2958.8328,2979.2454,2954.2036,2969.9866,124
2020-04-01T00:00:00.000Z,2969.8394,2977.1753,2931.2727,2947.6206,183
2020-04-01T04:00:00.000Z,2947.6206,2947.6206,2929.344,2941.739,156
2020-04-02T00:00:00.000Z,2942.0486,2965.6677,2918.3408,2950.0413,203
2020-04-02T04:00:00.000Z,2950.0413,2960.1697,2943.2681,2955.6191,114
2020-04-03T00:00:00.000Z,2965.5054,2965.5054,2911.6426,2920.2898,208
2020-04-03T04:00:00.000Z,2920.2898,2926.0386,2907.4329,2914.7795,157
2020-04-07T00:00:00.000Z,2914.7156,2936.2913,2914.7156,2933.5125,87
2020-04-07T04:00:00.000Z,2933.5125,2934.8054,2930.0498,2933.6707,42
2020-04-08T00:00:00.000Z,2934.0764,2934.0764,2917.9109,2928.8853,34
2020-04-08T04:00:00.000Z,2928.8853,2930.8789,2923.6943,2930.8789,40
2020-04-09T00:00:00.000Z,2931.2981,2972.9829,2921.7375,2938.1396,82
2020-04-09T04:00:00.000Z,2938.1396,2938.1396,2928.5125,2928.5125,36
2020-04-10T00:00:00.000Z,2928.9424,2937.2192,2921.9253,2931.0793,106
2020-04-10T04:00:00.000Z,2931.0793,2933.7107,2928.448,2928.448,29
2020-04-13T00:00:00.000Z,2919.7148,2926.6799,2911.0083,2913.5505,97
2020-04-13T04:00:00.000Z,2913.5505,2915.6201,2910.3962,2911.2671,58
2020-04-14T00:00:00.000Z,2902.1538,2917.2849,2902.1538,2911.1748,56
2020-04-14T04:00:00.000Z,2911.1748,2912.9055,2905.9824,2911.1748,19
2020-04-15T00:00:00.000Z,2911.0657,2923.1262,2907.6199,2916.2344,48
2020-04-15T04:00:00.000Z,2916.2344,2918.8188,2908.4814,2908.7886,30
2020-04-16T00:00:00.000Z,2909.002,2915.0149,2898.1855,2914.1558,17
2020-04-16T04:00:00.000Z,2914.1558,2914.1558,2909.002,2912.4377,7
2020-04-17T00:00:00.000Z,2912.4839,2944.3081,2912.4839,2928.3328,48
2020-04-17T04:00:00.000Z,2928.3328,2928.3328,2915.4309,2920.501,17
2020-04-20T00:00:00.000Z,2920.8672,2948.8711,2920.8672,2938.6877,34
2020-04-20T04:00:00.000Z,2938.6877,2938.6877,2932.7476,2938.4055,19
2020-04-21T00:00:00.000Z,2938.3542,2938.3542,2903.3303,2922.9927,26
2020-04-21T04:00:00.000Z,2922.9927,2928.1899,2920.8672,2926.3838,25
2020-04-22T00:00:00.000Z,2926.5642,2938.8442,2914.7666,2921.6147,27
2020-04-22T04:00:00.000Z,2921.6147,2924.9534,2918.9612,2924.9534,11
2020-04-23T00:00:00.000Z,2925.0923,2930.9758,2923.3855,2925.002,13
2020-04-23T04:00:00.000Z,2925.002,2926.7087,2923.2952,2923.2952,5
2020-04-24T00:00:00.000Z,2923.2932,2932.0281,2923.2932,2932.0281,22
2020-04-24T04:00:00.000Z,2932.0281,2932.8594,2926.6907,2932.0039,14
2020-04-27T00:00:00.000Z,2932.3743,2932.3743,2914.4949,2922.1187,16
2020-04-27T04:00:00.000Z,2922.1187,2927.2012,2922.1187,2923.4688,23
2020-04-28T00:00:00.000Z,2923.5874,2923.5874,2913.9021,2916.4458,33
2020-04-28T04:00:00.000Z,2916.4458,2922.7063,2915.9229,2920.1626,18
2020-04-29T00:00:00.000Z,2920.2595,2928.7275,2918.5659,2918.5659,17
2020-04-29T04:00:00.000Z,2918.5659,2920.2595,2918.5659,2919.4128,5
2020-04-30T00:00:00.000Z,2920.7983,2920.7983,2873.9175,2878.9458,56
2020-04-30T04:00:00.000Z,2878.9458,2878.9458,2870.5076,2875.5706,19
2020-05-06T00:00:00.000Z,2875.4414,2879.6738,2820.4199,2838.196,33
2020-05-06T04:00:00.000Z,2838.196,2838.196,2816.4243,2822.3496,65
2020-05-07T00:00:00.000Z,2822.8542,2835.4663,2806.76,2820.2129,34
2020-05-07T04:00:00.000Z,2820.2129,2821.0537,2814.3274,2821.0537,6
2020-05-08T00:00:00.000Z,2821.2952,2836.4167,2751.5676,2807.2974,87
2020-05-08T04:00:00.000Z,2807.2974,2814.5427,2801.0676,2807.313,11
2020-05-11T00:00:00.000Z,2808.1069,2812.2698,2808.1069,2812.2698,9
2020-05-11T04:00:00.000Z,2812.2698,2815.6001,2810.6047,2810.6047,4
2020-05-12T00:00:00.000Z,2809.8337,2813.1592,2778.2412,2807.3396,31
2020-05-12T04:00:00.000Z,2806.5083,2806.5083,2799.0259,2804.8455,15
2020-05-13T00:00:00.000Z,2804.8733,2807.3662,2804.8733,2807.3662,1
2020-05-13T04:00:00.000Z,2807.3662,2811.0635,2806.5352,2811.0635,4
2020-05-14T00:00:00.000Z,2811.124,2811.124,2806.1499,2806.1499,3
2020-05-14T04:00:00.000Z,2806.1499,2806.1499,2785.0117,2789.9858,17
2020-05-15T00:00:00.000Z,2789.877,2807.3025,2787.3877,2807.3025,11
2020-05-15T04:00:00.000Z,2807.3025,2807.3025,2796.5154,2807.0261,3
2020-05-18T00:00:00.000Z,2807.1846,2807.1846,2798.9114,2799.9905,4
2020-05-18T04:00:00.000Z,2799.9905,2806.6091,2799.9905,2806.6091,12
2020-05-19T00:00:00.000Z,2806.9583,2836.5012,2795.4692,2803.6758,18
2020-05-19T04:00:00.000Z,2803.6758,2807.7788,2803.6758,2807.7788,7
2020-05-20T00:00:00.000Z,2807.842,2807.842,2806.7061,2806.7061,1
2020-05-20T04:00:00.000Z,2806.7061,2807.5259,2801.7876,2807.5259,12
2020-05-21T00:00:00.000Z,2807.5259,2816.5432,2805.0667,2805.0667,4
2020-05-21T04:00:00.000Z,2805.0667,2811.032,2797.916,2799.1655,12
2020-05-22T00:00:00.000Z,2799.2747,2801.7278,2798.4604,2800.6758,7
2020-05-22T04:00:00.000Z,2803.9431,2808.0273,2803.9431,2807.2104,7
2020-05-25T00:00:00.000Z,2807.2432,2817.1563,2791.0322,2805.8438,58
2020-05-25T04:00:00.000Z,2805.8438,2808.2927,2805.8438,2808.2927,2
2020-05-26T00:00:00.000Z,2809.9834,2811.5581,2806.801,2811.5581,7
2020-05-26T04:00:00.000Z,2811.5581,2811.5581,2809.1794,2809.1794,1
2020-05-27T00:00:00.000Z,2809.3877,2812.5562,2804.6348,2806.3735,4
2020-05-27T04:00:00.000Z,2807.9578,2816.6714,2807.9578,2816.6714,14
2020-05-28T00:00:00.000Z,2817.4207,2840.0391,2812.741,2812.741,9
2020-05-28T04:00:00.000Z,2812.741,2817.4207,2812.741,2812.741,4
2020-05-29T00:00:00.000Z,2812.156,2816.0557,2809.0361,2813.7158,23
2020-05-29T04:00:00.000Z,2813.7158,2816.0557,2811.376,2811.376,8
2020-06-01T00:00:00.000Z,2811.9941,2813.5388,2811.2219,2813.5388,4
2020-06-01T04:00:00.000Z,2813.5388,2813.5388,2806.2766,2810.4612,9
2020-06-02T00:00:00.000Z,2809.3293,2809.3293,2799.9883,2804.6589,5
2020-06-02T04:00:00.000Z,2804.6589,2804.6589,2802.2798,2803.8367,5
2020-06-03T00:00:00.000Z,2801.0059,2806.884,2778.1421,2800.8086,35
2020-06-03T04:00:00.000Z,2800.8086,2803.916,2800.8086,2802.3623,3
2020-06-04T00:00:00.000Z,2802.7229,2805.7742,2800.4343,2804.2485,5
2020-06-04T04:00:00.000Z,2805.0115,2805.0115,2800.4343,2800.4343,6
2020-06-05T00:00:00.000Z,2801.4509,2802.2109,2801.4509,2801.4509,2
2020-06-05T04:00:00.000Z,2801.4509,2802.2109,2801.4509,2802.2109,1
2020-06-08T00:00:00.000Z,2802.3528,2802.3528,2782.9651,2794.3352,10
2020-06-08T04:00:00.000Z,2795.519,2795.519,2790.1196,2794.5044,33
2020-06-09T00:00:00.000Z,2795.3982,2796.4619,2786.7568,2794.2644,33
2020-06-09T04:00:00.000Z,2794.2644,2797.1946,2793.4985,2797.1946,8
2020-06-10T00:00:00.000Z,2799.1958,2799.9216,2794.8403,2794.8403,2
2020-06-10T04:00:00.000Z,2794.8403,2794.8403,2794.8403,2794.8403,0
2020-06-11T00:00:00.000Z,2793.8701,2801.145,2793.8701,2801.145,11
2020-06-11T04:00:00.000Z,2801.145,2801.3293,2801.145,2801.3293,1
2020-06-12T00:00:00.000Z,2801.176,2809.3313,2798.2747,2800.8477,23
2020-06-12T04:00:00.000Z,2800.8477,2805.385,2800.6626,2800.6626,13
2020-06-15T00:00:00.000Z,2800.8738,2816.7297,2800.8738,2813.0901,15
2020-06-15T04:00:00.000Z,2813.0901,2813.0901,2798.6758,2798.6758,20
2020-06-16T00:00:00.000Z,2798.6548,2804.2549,2793.0549,2799.3547,25
2020-06-16T04:00:00.000Z,2799.3547,2805.271,2799.3547,2805.271,6
2020-06-17T00:00:00.000Z,2804.9092,2805.1716,2799.6768,2805.1716,5
2020-06-17T04:00:00.000Z,2805.1716,2805.1716,2803.7981,2803.7981,2
2020-06-18T00:00:00.000Z,2803.7283,2803.7283,2795,2797.7517,21
2020-06-18T04:00:00.000Z,2797.7517,2797.7517,2794.7517,2796.812,8
2020-06-19T00:00:00.000Z,2807.9866,2807.9866,2795.1074,2795.1074,4
2020-06-19T04:00:00.000Z,2795.1074,2797.1409,2794.6611,2794.6611,4
2020-06-22T00:00:00.000Z,2794.7322,2795.4067,2791.3594,2795.1729,13
2020-06-22T04:00:00.000Z,2795.1729,2797.2102,2791.8,2797.2102,12
2020-06-23T00:00:00.000Z,2798.3936,2802.8411,2785.9097,2801.249,43
2020-06-23T04:00:00.000Z,2801.249,2801.249,2797.74,2799.7004,4
2020-06-24T00:00:00.000Z,2800.6831,2801.4868,2790.8,2793.9131,9
2020-06-24T04:00:00.000Z,2785.0642,2786.7434,2768.6492,2782.3472,44
2020-06-29T00:00:00.000Z,2784.5454,2784.5454,2750.5227,2750.5227,51
2020-06-29T04:00:00.000Z,2750.5227,2750.5227,2744.0493,2744.0493,24
2020-06-30T00:00:00.000Z,2754.3196,2754.3196,2693.5159,2705.8127,85
2020-06-30T04:00:00.000Z,2705.8127,2707.3105,2687.9133,2706.959,82
2020-07-01T00:00:00.000Z,2725.7043,2725.7043,2722.3279,2722.3279,4
2020-07-01T04:00:00.000Z,2722.3279,2722.3279,2709.8765,2710.6074,58
2020-07-02T00:00:00.000Z,2734.9741,2739.9741,2734.9741,2739.9741,3
2020-07-02T04:00:00.000Z,2739.9741,2777.8311,2739.9741,2755.6882,47
2020-07-03T00:00:00.000Z,2753.1169,2754.8701,2741.4285,2746.2986,6
2020-07-03T04:00:00.000Z,2746.2986,2749.4155,2746.2986,2746.2986,6
2020-07-06T00:00:00.000Z,2745.6194,2765.5225,2745.6194,2748.8,14
2020-07-06T04:00:00.000Z,2748.8,2748.9871,2748.8,2748.9871,2
2020-07-07T00:00:00.000Z,2749.4714,2752.325,2742.3376,2747.3313,13
2020-07-07T04:00:00.000Z,2747.3313,2749.4714,2747.0764,2747.0764,4
2020-07-08T00:00:00.000Z,2746.6428,2748.6558,2722.052,2748.5391,12
2020-07-08T04:00:00.000Z,2748.5391,2750.9026,2747.0974,2750.9026,3
2020-07-09T00:00:00.000Z,2747.9551,2747.9551,2747.9551,2747.9551,1
2020-07-09T04:00:00.000Z,2747.9551,2747.9551,2741.3462,2743.9294,3
2020-07-10T00:00:00.000Z,2744.2,2744.2,2744.2,2744.2,0
2020-07-10T04:00:00.000Z,2744.2,2744.2,2742.7549,2742.7549,2
2020-07-13T00:00:00.000Z,2742.1084,2758.2102,2742.1084,2755.5222,24
2020-07-13T04:00:00.000Z,2756.9746,2757.7898,2754.0701,2757.7898,9
2020-07-14T00:00:00.000Z,2757.8916,2757.8916,2749.9397,2757.47,5
2020-07-14T04:00:00.000Z,2757.47,2762.5784,2754.5784,2759.6868,11
2020-07-15T00:00:00.000Z,2760.1394,2760.1394,2755.1333,2755.1333,2
2020-07-15T04:00:00.000Z,2755.1333,2755.1333,2747.9819,2747.9819,8
2020-07-16T00:00:00.000Z,2747.1575,2755.7395,2746.4424,2754.3091,8
2020-07-16T04:00:00.000Z,2754.3091,2755.7395,2753.594,2753.594,4
2020-07-17T00:00:00.000Z,2753.594,2753.594,2748.5879,2750.0181,2
2020-07-17T04:00:00.000Z,2750.0181,2752.2183,2748.5879,2751.188,11
2020-07-20T00:00:00.000Z,2752.2209,2764.5291,2752.2209,2764.5291,7
2020-07-20T04:00:00.000Z,2764.5291,2764.5291,2748.4534,2748.4534,7
2020-07-21T00:00:00.000Z,2748.1287,2753.1462,2748.1287,2753.1462,4
2020-07-21T04:00:00.000Z,2753.1462,2780.6257,2753.1462,2770.3918,11
2020-07-22T00:00:00.000Z,2773.1028,2773.1028,2746.3828,2751.2229,29
2020-07-22T04:00:00.000Z,2751.2229,2769.8914,2751.2229,2762.8286,17
2020-07-23T00:00:00.000Z,2764.8789,2770.8789,2759.5454,2760.8789,17
2020-07-23T04:00:00.000Z,2760.8789,2771.8789,2760.8789,2768.2546,11
2020-07-24T00:00:00.000Z,2771.7856,2779.5715,2767.8928,2767.8928,5
2020-07-24T04:00:00.000Z,2781.5178,2781.5178,2762.0952,2764.7441,13
2020-07-27T00:00:00.000Z,2763.4663,2763.4663,2748.4785,2750.4478,12
2020-07-27T04:00:00.000Z,2750.4478,2755.6995,2748.4785,2751.1042,6
2020-07-28T00:00:00.000Z,2750.7161,2811.4011,2750.7161,2783.6604,57
2020-07-28T04:00:00.000Z,2783.6604,2794.1975,2771.1604,2771.1604,9
2020-07-29T00:00:00.000Z,2774.6833,2783.9875,2772.0249,2776.8074,10
2020-07-29T04:00:00.000Z,2776.8074,2792.7578,2773.6895,2787.646,30
2020-07-30T00:00:00.000Z,2785.9819,2785.9819,2780.6001,2780.6001,1
2020-07-30T04:00:00.000Z,2780.6001,2780.6001,2769.1636,2769.1636,4
2020-07-31T00:00:00.000Z,2770.3066,2770.3066,2770.3066,2770.3066,0
2020-07-31T04:00:00.000Z,2770.3066,2770.3066,2754.2576,2769.6379,8
2020-08-03T00:00:00.000Z,2768.313,2769.0247,2757.6135,2765.0122,8
2020-08-03T04:00:00.000Z,2765.0122,2767.0183,2751.6379,2759.4417,10
2020-08-04T00:00:00.000Z,2759.2195,2777.7317,2751.5732,2777.7317,18
2020-08-04T04:00:00.000Z,2777.7317,2777.7317,2769.0122,2770.3538,4
2020-08-05T00:00:00.000Z,2770.3809,2775.0476,2761.7144,2771.0476,24
2020-08-05T04:00:00.000Z,2771.0476,2772.8333,2766.8333,2767.6428,6
2020-08-06T00:00:00.000Z,2770.1951,2778.0977,2761.1951,2761.1951,10
2020-08-06T04:00:00.000Z,2761.1951,2762.7317,2746.9268,2754.1707,13
2020-08-07T00:00:00.000Z,2754.8447,2755.5901,2740.8137,2749.261,15
2020-08-07T04:00:00.000Z,2749.261,2750.5652,2743.2361,2743.2361,17
2020-08-10T00:00:00.000Z,2744.1074,2749.9548,2734.1526,2734.1526,7
2020-08-10T04:00:00.000Z,2734.1526,2739.2712,2732.4575,2737.0056,16
2020-08-11T00:00:00.000Z,2740.4839,2740.4839,2721.3171,2736.6235,8
2020-08-11T04:00:00.000Z,2735.5698,2735.5698,2729.9355,2729.9355,8
2020-08-12T00:00:00.000Z,2731.5527,2731.5527,2681.2263,2694.6631,99
2020-08-12T04:00:00.000Z,2694.6631,2695.137,2666.1052,2666.1052,14
2020-08-13T00:00:00.000Z,2664.9438,2692.8623,2658.7449,2692.8623,83
2020-08-13T04:00:00.000Z,2698.5254,2699.75,2680.9592,2681.9695,68
2020-08-14T00:00:00.000Z,2685.0186,2685.8333,2647.9722,2650.7871,32
2020-08-14T04:00:00.000Z,2650.7871,2650.7871,2631.199,2636.7732,56
2020-08-17T00:00:00.000Z,2634.2183,2668.5818,2634.2183,2649.7454,21
2020-08-17T04:00:00.000Z,2648.3274,2653.0364,2644.9819,2650.3274,22
2020-08-18T00:00:00.000Z,2655.8755,2662.3547,2642.8572,2660.0737,22
2020-08-18T04:00:00.000Z,2660.0737,2660.0737,2652.9907,2653.47,6
2020-08-19T00:00:00.000Z,2659.478,2664.4343,2647.772,2658.1799,17
2020-08-19T04:00:00.000Z,2658.1799,2662.6404,2657.1885,2657.1885,4
2020-08-20T00:00:00.000Z,2661.6653,2686.2322,2650.884,2659.6428,27
2020-08-20T04:00:00.000Z,2659.1653,2660.1206,2658.6875,2658.6875,5
2020-08-21T00:00:00.000Z,2658.0044,2661.9517,2643.4539,2643.7356,34
2020-08-21T04:00:00.000Z,2643.7356,2657.7974,2643.7356,2648.5374,25
2020-08-24T00:00:00.000Z,2664.8845,2664.8845,2654.071,2654.071,19
2020-08-24T04:00:00.000Z,2654.071,2672.1067,2651.1467,2672.1067,26
2020-08-25T00:00:00.000Z,2674.7397,2674.7397,2660.9224,2672.1873,27
2020-08-25T04:00:00.000Z,2672.1873,2672.1873,2668.1279,2668.6667,6
2020-08-26T00:00:00.000Z,2678.385,2678.385,2666.7559,2666.7559,29
2020-08-26T04:00:00.000Z,2666.7559,2666.7559,2662.6572,2662.6572,7
2020-08-27T00:00:00.000Z,2671.5601,2673.6001,2653.615,2660.4399,30
2020-08-27T04:00:00.000Z,2660.4399,2666.8999,2659.76,2666.8999,10
2020-08-28T00:00:00.000Z,2679.0881,2679.0881,2669.7942,2669.7942,17
2020-08-28T04:00:00.000Z,2673.0833,2673.0833,2657.0393,2657.0393,25
2020-08-31T00:00:00.000Z,2694.3562,2703.77,2621.6609,2682.5518,50
2020-08-31T04:00:00.000Z,2682.5518,2737.4023,2682.5518,2726.6553,53
2020-09-01T00:00:00.000Z,2750.1975,2756.3354,2749.4192,2749.4192,43
2020-09-01T04:00:00.000Z,2749.4192,2749.4192,2749.4192,2749.4192,0
2020-09-02T00:00:00.000Z,2752.5388,2777.6348,2752.5388,2771.8083,20
2020-09-02T04:00:00.000Z,2771.8083,2778.8503,2771.2214,2778.5569,4
2020-09-03T00:00:00.000Z,2784.3374,2787.5625,2768.9688,2768.9688,10
2020-09-03T04:00:00.000Z,2768.9688,2768.9688,2768.9688,2768.9688,0
2020-09-04T00:00:00.000Z,2769.0195,2772.6624,2763.1169,2767.5195,6
2020-09-04T04:00:00.000Z,2767.5195,2768.2014,2763.4285,2768.2014,4
2020-09-07T00:00:00.000Z,2768.2192,2768.2192,2765.4839,2765.4839,1
2020-09-07T04:00:00.000Z,2765.4839,2765.4839,2762.0645,2762.0645,1
2020-09-08T00:00:00.000Z,2762.0388,2781.187,2762.0388,2770.2451,11
2020-09-08T04:00:00.000Z,2770.2451,2777.6904,2770.2451,2773.5872,3
2020-09-09T00:00:00.000Z,2773.6924,2773.6924,2773.6924,2773.6924,0
2020-09-09T04:00:00.000Z,2773.6924,2773.6924,2770.9487,2770.9487,2
2020-09-10T00:00:00.000Z,2770.0645,2770.0645,2759.5354,2760.3872,9
2020-09-10T04:00:00.000Z,2760.3872,2760.3872,2740.5549,2759.7678,10
2020-09-11T00:00:00.000Z,2759.6428,2759.6428,2759.6428,2759.6428,1
2020-09-11T04:00:00.000Z,2737.8247,2738.5066,2737.8247,2738.5066,2
2020-09-14T00:00:00.000Z,2735.3896,2763.1494,2735.3896,2762.4675,9
2020-09-14T04:00:00.000Z,2762.4675,2763.0908,2754.3635,2763.0908,5
2020-09-15T00:00:00.000Z,2762.3152,2772.4246,2762.3152,2772.4246,3
2020-09-15T04:00:00.000Z,2772.4246,2786.0891,2772.4246,2772.4246,2
2020-09-16T00:00:00.000Z,2773.8057,2773.8057,2773.8057,2773.8057,0
2020-09-16T04:00:00.000Z,2773.8057,2773.8057,2773.8057,2773.8057,0
2020-09-17T00:00:00.000Z,2776.6667,2776.6667,2767.5,2767.5,1
2020-09-17T04:00:00.000Z,2778.6111,2778.6111,2774.3193,2774.3193,5
2020-09-18T00:00:00.000Z,2774.3804,2774.3804,2774.3804,2774.3804,0
2020-09-18T04:00:00.000Z,2774.3804,2779.3591,2769.2183,2769.2183,17
2020-09-21T00:00:00.000Z,2769.2646,2777.1104,2769.2646,2777.1104,2
2020-09-21T04:00:00.000Z,2777.1104,2787.3677,2766.6838,2787.3677,10
2020-09-22T00:00:00.000Z,2787.3789,2798.8257,2764.8484,2789.4395,21
2020-09-22T04:00:00.000Z,2789.4395,2809.3789,2779.2349,2794.4016,24
2020-09-23T00:00:00.000Z,2794.3672,2797.1797,2790.8516,2790.8516,3
2020-09-23T04:00:00.000Z,2790.8516,2790.8516,2790.1484,2790.1484,1
2020-09-24T00:00:00.000Z,2788.125,2788.125,2788.125,2788.125,0
2020-09-24T04:00:00.000Z,2788.125,2788.125,2774.7656,2774.7656,1
2020-09-25T00:00:00.000Z,2774.5938,2776.6172,2774.5938,2776.6172,1
2020-09-25T04:00:00.000Z,2776.6172,2776.6172,2769.9688,2776.6172,2
2020-09-28T00:00:00.000Z,2776.7209,2776.7209,2754.5193,2754.5193,7
2020-09-28T04:00:00.000Z,2754.5193,2777.8218,2754.5193,2777.5271,6
2020-09-29T00:00:00.000Z,2777.4263,2777.4263,2753.7053,2753.7053,2
2020-09-29T04:00:00.000Z,2753.7053,2753.7053,2730.7288,2738.9768,5
2020-09-30T00:00:00.000Z,2738.8438,2738.8438,2678.8281,2678.8281,7
2020-09-30T04:00:00.000Z,2678.8281,2689.2344,2678.8281,2685.4766,7
2020-10-09T00:00:00.000Z,2685.6777,2734.0249,2685.6777,2734.0249,3
2020-10-09T04:00:00.000Z,2734.0249,2754.8513,2734.0249,2740.2231,6
2020-10-12T00:00:00.000Z,2740.0488,2752.4878,2733.4634,2744.0164,9
2020-10-12T04:00:00.000Z,2744.0164,2760.1138,2744.0164,2744.0164,3
2020-10-13T00:00:00.000Z,2744.4509,2746.9917,2741.0901,2746.9917,5
2020-10-13T04:00:00.000Z,2746.9917,2770.5984,2746.9917,2770.5984,4
2020-10-14T00:00:00.000Z,2771.2683,2771.2683,2756.3088,2756.3088,2
2020-10-14T04:00:00.000Z,2756.3088,2756.3088,2744.3416,2744.3416,1
2020-10-15T00:00:00.000Z,2769.6968,2769.6968,2747.3196,2747.3196,6
2020-10-15T04:00:00.000Z,2747.3196,2747.3196,2747.3196,2747.3196,0
2020-10-16T00:00:00.000Z,2747.3115,2747.3115,2747.3115,2747.3115,1
2020-10-16T04:00:00.000Z,2747.3115,2762.2295,2747.3115,2762.2295,4
2020-10-19T00:00:00.000Z,2763.6936,2771.1936,2753.1936,2760.6936,13
2020-10-19T04:00:00.000Z,2760.6936,2760.6936,2760.6936,2760.6936,0
2020-10-20T00:00:00.000Z,2760.6775,2793.5806,2745.5322,2756.4194,9
2020-10-20T04:00:00.000Z,2756.4194,2756.4194,2756.4194,2756.4194,0
2020-10-21T00:00:00.000Z,2756.2314,2757.7935,2756.2314,2757.7935,1
2020-10-21T04:00:00.000Z,2757.7935,2778.5454,2757.7935,2778.5454,2
2020-10-22T00:00:00.000Z,2778.7373,2821.8135,2771.0254,2821.8135,15
2020-10-22T04:00:00.000Z,2821.8135,2874.2542,2821.8135,2844.9492,20
2020-10-23T00:00:00.000Z,2845.3772,2880.114,2839.2017,2863.9036,29
2020-10-23T04:00:00.000Z,2863.9036,2894.0527,2849.2808,2867.0352,17
2020-10-26T00:00:00.000Z,2867.7068,2908.4397,2849.8621,2881.2844,9
2020-10-26T04:00:00.000Z,2916.1982,2928.6121,2888.2673,2916.9741,17
2020-10-27T00:00:00.000Z,2918.7966,2918.7966,2895.9268,2897.2764,10
2020-10-27T04:00:00.000Z,2897.2764,2898.9106,2883.8699,2895.0488,7
2020-10-28T00:00:00.000Z,2896.3621,2963.5173,2896.3621,2957.7844,28
2020-10-28T04:00:00.000Z,2957.7844,3002.8276,2957.7844,2997.9138,8
2020-10-29T00:00:00.000Z,2994.4285,3032.311,2938.5127,2938.5127,34
2020-10-29T04:00:00.000Z,2938.5127,2945.4873,2924.5127,2945.4873,9
2020-10-30T00:00:00.000Z,2944.7844,3018.7932,2944.7844,2961.4656,34
2020-10-30T04:00:00.000Z,2961.4656,3004.0518,2961.4656,2975.3879,11
2020-11-02T00:00:00.000Z,3017.5981,3017.5981,2977.9902,2977.9902,9
2020-11-02T04:00:00.000Z,2950.2646,2963.1372,2950.2646,2963.1372,8
2020-11-03T00:00:00.000Z,2962.6868,2962.6868,2947.8384,2948.8284,3
2020-11-03T04:00:00.000Z,2948.8284,2948.8284,2948.8284,2948.8284,0
2020-11-04T00:00:00.000Z,2948.5657,2948.5657,2921.8384,2947.5757,2
2020-11-04T04:00:00.000Z,2947.5757,2947.5757,2947.5757,2947.5757,1
2020-11-05T00:00:00.000Z,2947.4849,2967.2827,2913.8284,2915.8081,4
2020-11-05T04:00:00.000Z,2915.8081,2924.7173,2915.8081,2924.7173,5
2020-11-06T00:00:00.000Z,2924.6262,2924.6262,2888,2888,8
2020-11-06T04:00:00.000Z,2888,2898.8889,2883.0505,2891.9597,4
2020-11-09T00:00:00.000Z,2891.4517,2891.4517,2819.2366,2887.4946,5
2020-11-09T04:00:00.000Z,2887.4946,2887.4946,2850.8926,2850.8926,1
2020-11-10T00:00:00.000Z,2850.4517,2850.4517,2848.4731,2848.4731,1
2020-11-10T04:00:00.000Z,2848.4731,2848.4731,2819.7849,2819.7849,3
2020-11-11T00:00:00.000Z,2819.6597,2849.3403,2817.6809,2823.6169,6
2020-11-11T04:00:00.000Z,2823.6169,2823.6169,2798.8831,2823.6169,5
2020-11-12T00:00:00.000Z,2823.4111,2823.4111,2823.4111,2823.4111,0
2020-11-12T04:00:00.000Z,2823.4111,2835.2778,2823.4111,2835.2778,1
2020-11-13T00:00:00.000Z,2835.4045,2845.2922,2824.5281,2824.5281,2
2020-11-13T04:00:00.000Z,2824.5281,2824.5281,2824.5281,2824.5281,0
2020-11-16T00:00:00.000Z,2824.5281,2830.4607,2815.6292,2830.4607,6
2020-11-16T04:00:00.000Z,2830.4607,2886.8203,2830.4607,2847.2698,6
2020-11-17T00:00:00.000Z,2847.2024,2858.0715,2847.2024,2858.0715,1
2020-11-17T04:00:00.000Z,2858.0715,2858.0715,2858.0715,2858.0715,0
2020-11-18T00:00:00.000Z,2858.2261,2858.2261,2858.2261,2858.2261,0
2020-11-18T04:00:00.000Z,2858.2261,2858.2261,2858.2261,2858.2261,1
2020-11-19T00:00:00.000Z,2858.2261,2858.2261,2858.2261,2858.2261,0
2020-11-19T04:00:00.000Z,2858.2261,2858.2261,2858.2261,2858.2261,0
2020-11-20T00:00:00.000Z,2858.2261,2858.2261,2823.6428,2855.262,4
2020-11-20T04:00:00.000Z,2894.7856,2894.7856,2857.238,2857.238,2
2020-11-23T00:00:00.000Z,2857.1099,2857.1099,2857.1099,2857.1099,0
2020-11-23T04:00:00.000Z,2857.1099,2857.1099,2857.1099,2857.1099,0
2020-11-24T00:00:00.000Z,2853.1584,2853.1584,2853.1584,2853.1584,0
2020-11-24T04:00:00.000Z,2853.1584,2853.1584,2827.4756,2827.4756,1
2020-11-25T00:00:00.000Z,2827.1829,2827.1829,2827.1829,2827.1829,0
2020-11-25T04:00:00.000Z,2827.1829,2827.1829,2827.1829,2827.1829,0
2020-11-26T00:00:00.000Z,2830.1462,2896.3293,2830.1462,2856.8171,3
2020-11-26T04:00:00.000Z,2851.8779,2925.9634,2851.8779,2925.9634,25
2020-11-27T00:00:00.000Z,2925.8872,2984.9194,2925.8872,2947.5322,11
2020-11-27T04:00:00.000Z,2947.5322,2964.2581,2947.5322,2964.2581,6
2020-11-30T00:00:00.000Z,2965.0625,2985.7344,2900.0938,2900.0938,7
2020-11-30T04:00:00.000Z,2900.0938,2933.5625,2900.0938,2932.5781,6
2020-12-01T00:00:00.000Z,2931.5715,2931.5715,2931.5715,2931.5715,0
2020-12-01T04:00:00.000Z,2924.6965,2924.6965,2924.6965,2924.6965,3
2020-12-02T00:00:00.000Z,2924.4341,2924.4341,2924.4341,2924.4341,0
2020-12-02T04:00:00.000Z,2924.4341,2924.4341,2924.4341,2924.4341,0
2020-12-03T00:00:00.000Z,2924.4341,2924.4341,2924.4341,2924.4341,0
2020-12-03T04:00:00.000Z,2924.4341,2924.4341,2924.4341,2924.4341,0
2020-12-04T00:00:00.000Z,2924.4341,2924.4341,2924.4341,2924.4341,0
2020-12-04T04:00:00.000Z,2924.4341,2924.4341,2924.4341,2924.4341,0
2020-12-07T00:00:00.000Z,2924.4341,2924.4341,2843.9812,2843.9812,4
2020-12-07T04:00:00.000Z,2843.9812,2854.7737,2843.9812,2854.7737,1
2020-12-08T00:00:00.000Z,2853.4614,2853.4614,2853.4614,2853.4614,0
2020-12-08T04:00:00.000Z,2853.4614,2853.4614,2853.4614,2853.4614,0
2020-12-09T00:00:00.000Z,2847.5769,2847.5769,2847.5769,2847.5769,0
2020-12-09T04:00:00.000Z,2847.5769,2847.5769,2847.5769,2847.5769,0
2020-12-10T00:00:00.000Z,2806.3845,2831.8845,2763.2307,2785.7886,4
2020-12-10T04:00:00.000Z,2785.7886,2785.7886,2785.7886,2785.7886,0
2020-12-11T00:00:00.000Z,2785.5769,2796.3655,2753.2114,2796.3655,7
2020-12-11T04:00:00.000Z,2796.3655,2796.3655,2796.3655,2796.3655,0
2020-12-14T00:00:00.000Z,2796.1321,2796.1321,2796.1321,2796.1321,0
2020-12-14T04:00:00.000Z,2796.1321,2796.1321,2736.283,2736.283,5
2020-12-15T00:00:00.000Z,2735.5193,2735.5193,2735.5193,2735.5193,0
2020-12-15T04:00:00.000Z,2735.5193,2735.5193,2732.5769,2732.5769,1
2020-12-16T00:00:00.000Z,2732.4119,2732.4119,2732.4119,2732.4119,0
2020-12-16T04:00:00.000Z,2732.4119,2732.4119,2732.4119,2732.4119,0
2020-12-17T00:00:00.000Z,2732.4119,2732.4119,2732.4119,2732.4119,0
2020-12-17T04:00:00.000Z,2789.2744,2789.2744,2713.7844,2713.7844,2
2020-12-18T00:00:00.000Z,2714.157,2714.157,2714.157,2714.157,0
2020-12-18T04:00:00.000Z,2714.157,2714.157,2714.157,2714.157,0
2020-12-21T00:00:00.000Z,2752.3921,2752.3921,2727.8823,2729.843,4
2020-12-21T04:00:00.000Z,2729.843,2780.8235,2729.843,2780.8235,1
2020-12-22T00:00:00.000Z,2780.3877,2780.3877,2740.2246,2740.2246,1
2020-12-22T04:00:00.000Z,2730.4285,2737.2856,2708.8774,2737.2856,4
2020-12-23T00:00:00.000Z,2736.8696,2736.8696,2736.8696,2736.8696,0
2020-12-23T04:00:00.000Z,2736.8696,2736.8696,2706.5435,2716.3262,3
2020-12-24T00:00:00.000Z,2715.8181,2715.8181,2694.3181,2694.3181,10
2020-12-24T04:00:00.000Z,2694.3181,2694.3181,2692.3635,2692.3635,3
2020-12-25T00:00:00.000Z,2690.4375,2690.4375,2690.4375,2690.4375,0
2020-12-25T04:00:00.000Z,2690.4375,2690.4375,2690.4375,2690.4375,0
2020-12-28T00:00:00.000Z,2692.375,2820.25,2692.375,2698.1875,2
2020-12-28T04:00:00.000Z,2673,2673,2649.75,2650.7188,4
2020-12-29T00:00:00.000Z,2650.5161,2779.2258,2576,2577.9355,47
2020-12-29T04:00:00.000Z,2577.9355,2603.0967,2559.5483,2598.2581,32
2020-12-30T00:00:00.000Z,2592.762,2592.762,2468.9524,2524.1904,34
2020-12-30T04:00:00.000Z,2524.1904,2557.5239,2496.5715,2503.238,18
2020-12-31T00:00:00.000Z,2497.7222,2578,2475.0557,2540.2222,27
2020-12-31T04:00:00.000Z,2540.2222,2540.2222,2472.2222,2472.2222,5
2021-01-04T00:00:00.000Z,2474.25,2474.25,2459.25,2459.25,3
2021-01-04T04:00:00.000Z,2459.25,2508.5,2459.25,2508.5,11
2021-01-05T00:00:00.000Z,2654,2879,2654,2803,30
2021-01-05T04:00:00.000Z,2803,2878,2780,2800,33
2021-01-06T00:00:00.000Z,2800,2946,2800,2938,96
2021-01-06T04:00:00.000Z,2938,2959,2924,2958,52
2021-01-07T00:00:00.000Z,2958,3049,2933,2998,222
2021-01-07T04:00:00.000Z,2998,3000,2933,2953,78
2021-01-08T00:00:00.000Z,2951.3164,2980.9368,2898.9873,2916.7595,53
2021-01-08T04:00:00.000Z,2916.7595,2955.2659,2907.8735,2909.8481,7
2021-01-11T00:00:00.000Z,2909.4722,2909.4722,2861.1528,2869.0417,17
2021-01-11T04:00:00.000Z,2869.0417,2876.9307,2862.1389,2869.0417,22
2021-01-12T00:00:00.000Z,2868.7222,2962.9443,2868.7222,2940.3704,30
2021-01-12T04:00:00.000Z,2957.0557,2957.0557,2909.9443,2945.5186,22
2021-01-13T00:00:00.000Z,2946,3028,2808,2920,49
2021-01-13T04:00:00.000Z,2920,2938,2880,2880,7
2021-01-14T00:00:00.000Z,2880,2919,2860,2890,7
2021-01-14T04:00:00.000Z,2903,2917,2903,2917,2
2021-01-15T00:00:00.000Z,2917,2925,2911,2925,4
2021-01-15T04:00:00.000Z,2948,2948,2909,2915,9
2021-01-18T00:00:00.000Z,2915,2970,2915,2940,8
2021-01-18T04:00:00.000Z,2940,2940,2940,2940,0
2021-01-19T00:00:00.000Z,2940,3018,2940,2999,16
2021-01-19T04:00:00.000Z,2999,2999,2991,2992,3
2021-01-20T00:00:00.000Z,2992,2992,2970,2970,1
2021-01-20T04:00:00.000Z,2970,2997,2956,2985,5
2021-01-21T00:00:00.000Z,2985,2985,2985,2985,0
2021-01-21T04:00:00.000Z,2951,3000,2951,2960,4
2021-01-22T00:00:00.000Z,2990,2990,2952,2952,2
2021-01-22T04:00:00.000Z,2952,2952,2930,2930,7
2021-01-25T00:00:00.000Z,2930,2961,2881,2899,22
2021-01-25T04:00:00.000Z,2899,2899,2899,2899,0
2021-01-26T00:00:00.000Z,2899,2938,2884,2884,4
2021-01-26T04:00:00.000Z,2884,2928,2876,2928,15
2021-01-27T00:00:00.000Z,2916.7407,2916.7407,2916.7407,2916.7407,0
2021-01-27T04:00:00.000Z,2916.7407,2920.1482,2914.1853,2914.1853,4
2021-01-28T00:00:00.000Z,2916.2156,2961.7451,2897.0981,2909.7451,18
2021-01-28T04:00:00.000Z,2909.7451,2909.7451,2888.6667,2888.6667,1
2021-01-29T00:00:00.000Z,2884.4375,2923.25,2884.4375,2923.25,9
2021-01-29T04:00:00.000Z,2929.1563,2957.1875,2921.9688,2957.1875,15
2021-02-01T00:00:00.000Z,2945.7778,2945.7778,2876.6111,2917.5557,25
2021-02-01T04:00:00.000Z,2917.5557,2935.2778,2917.5557,2930.3889,10
2021-02-02T00:00:00.000Z,2932.875,2992.125,2914.125,2954.375,32
2021-02-02T04:00:00.000Z,2961.875,2961.875,2940.625,2955.625,3
2021-02-03T00:00:00.000Z,2951.8948,2960.8948,2951.8948,2960.8948,5
2021-02-03T04:00:00.000Z,2960.8948,2970,2953.3684,2954.3684,6
2021-02-04T00:00:00.000Z,2954.8975,2960.2051,2940.7437,2949.5898,9
2021-02-04T04:00:00.000Z,2949.5898,2949.5898,2898.2563,2898.2563,26
2021-02-05T00:00:00.000Z,2897.863,2915.2739,2878.7671,2879.8904,16
2021-02-05T04:00:00.000Z,2879.8904,2896.178,2879.8904,2886.0686,8
2021-02-08T00:00:00.000Z,2889.4866,2898.5676,2883.8108,2883.8108,8
2021-02-08T04:00:00.000Z,2883.8108,2884.946,2876.4324,2881.5405,3
2021-02-09T00:00:00.000Z,2880.5557,2881.1111,2871.6667,2871.6667,4
2021-02-09T04:00:00.000Z,2871.6667,2875,2860,2860,8
2021-02-10T00:00:00.000Z,2854.261,2915.9275,2854.261,2869.2754,8
2021-02-10T04:00:00.000Z,2869.2754,2869.2754,2861.7681,2861.7681,1
2021-02-18T00:00:00.000Z,2861.543,2880,2837.6572,2863.7144,3
2021-02-18T04:00:00.000Z,2880,2880,2880,2880,1
2021-02-19T00:00:00.000Z,2880,2880,2880,2880,0
2021-02-19T04:00:00.000Z,2880,2880,2880,2880,0
2021-02-22T00:00:00.000Z,2865.3428,2890.8572,2852.8572,2890.8572,4
2021-02-22T04:00:00.000Z,2890.8572,2905.5144,2883.2571,2889.7715,4
2021-02-23T00:00:00.000Z,2889.7715,2910.3999,2884.8857,2890.8572,14
2021-02-23T04:00:00.000Z,2890.8572,2897.3713,2890.3142,2890.3142,3
2021-02-24T00:00:00.000Z,2890.3142,2902.2571,2875.1143,2890.8572,11
2021-02-24T04:00:00.000Z,2890.8572,2903.3428,2890.8572,2903.3428,3
2021-02-25T00:00:00.000Z,2903.6196,2920.155,2903.6196,2920.155,3
2021-02-25T04:00:00.000Z,2920.155,2923.4507,2900.3804,2923.4507,11
2021-02-26T00:00:00.000Z,2923.8889,2923.8889,2900,2913.3333,7
2021-02-26T04:00:00.000Z,2913.3333,2913.3333,2834.8889,2835.4443,12
2021-03-01T00:00:00.000Z,2835.3289,2870.7124,2835.3289,2855.5479,5
2021-03-01T04:00:00.000Z,2856.1096,2856.1096,2855.5479,2855.5479,3
2021-03-02T00:00:00.000Z,2855.2285,2855.2285,2855.2285,2855.2285,0
2021-03-02T04:00:00.000Z,2855.2285,2855.2285,2855.2285,2855.2285,0
2021-03-03T00:00:00.000Z,2857.9429,2864.457,2857.9429,2864.457,2
2021-03-03T04:00:00.000Z,2863.3713,2879.457,2842.3428,2879.457,28
2021-03-04T00:00:00.000Z,2879.2549,2879.2549,2856.9019,2856.9019,10
2021-03-04T04:00:00.000Z,2856.9019,2856.9019,2847.2156,2847.2156,2
2021-03-05T00:00:00.000Z,2847.4399,2847.4399,2840.04,2840.04,1
2021-03-05T04:00:00.000Z,2840.04,2840.04,2839.3,2839.3,3
2021-03-08T00:00:00.000Z,2839.8572,2880.2654,2829.5715,2842.7959,8
2021-03-08T04:00:00.000Z,2842.7959,2842.7959,2842.7959,2842.7959,0
2021-03-09T00:00:00.000Z,2842.7959,2842.7959,2842.7959,2842.7959,0
2021-03-09T04:00:00.000Z,2842.7959,2842.7959,2784.7551,2784.7551,6
2021-03-10T00:00:00.000Z,2775.4695,2776.2041,2775.4695,2776.2041,5
2021-03-10T04:00:00.000Z,2776.2041,2811.4695,2776.2041,2783.551,10
2021-03-11T00:00:00.000Z,2787.3096,2826.6667,2787.3096,2813.5476,3
2021-03-11T04:00:00.000Z,2813.5476,2813.5476,2813.5476,2813.5476,0
2021-03-12T00:00:00.000Z,2813.2092,2813.2092,2813.2092,2813.2092,0
2021-03-12T04:00:00.000Z,2813.2092,2813.2092,2813.2092,2813.2092,0
2021-03-15T00:00:00.000Z,2809.7209,2824.3721,2809.7209,2824.3721,1
2021-03-15T04:00:00.000Z,2824.3721,2824.3721,2824.3721,2824.3721,0
2021-03-16T00:00:00.000Z,2824.3721,2824.3721,2824.3721,2824.3721,0
2021-03-16T04:00:00.000Z,2824.3721,2824.3721,2824.3721,2824.3721,0
2021-03-17T00:00:00.000Z,2824.3721,2824.3721,2824.3721,2824.3721,0
2021-03-17T04:00:00.000Z,2824.3721,2824.3721,2824.3721,2824.3721,1
2021-03-18T00:00:00.000Z,2824.3721,2824.3721,2788.7908,2788.7908,1
2021-03-18T04:00:00.000Z,2788.7908,2813.907,2788.7908,2793.6743,3
2021-03-19T00:00:00.000Z,2794.2144,2804.5715,2783.8572,2797.6667,4
2021-03-19T04:00:00.000Z,2797.6667,2826.6667,2797.6667,2826.6667,1
2021-03-22T00:00:00.000Z,2827.1001,2827.1001,2755.55,2760.95,6
2021-03-22T04:00:00.000Z,2760.95,2767.7,2760.95,2767.7,2
2021-03-23T00:00:00.000Z,2771.8889,2771.8889,2771.8889,2771.8889,0
2021-03-23T04:00:00.000Z,2771.8889,2771.8889,2771.8889,2771.8889,0
2021-03-24T00:00:00.000Z,2764.2222,2818.5278,2760.3889,2760.3889,10
2021-03-24T04:00:00.000Z,2760.3889,2815.9722,2760.3889,2803.8333,10
2021-03-25T00:00:00.000Z,2801.45,2801.45,2800.7749,2800.7749,3
2021-03-25T04:00:00.000Z,2800.7749,2800.7749,2800.7749,2800.7749,0
2021-03-26T00:00:00.000Z,2802.5405,2802.5405,2802.5405,2802.5405,0
2021-03-26T04:00:00.000Z,2802.5405,2802.5405,2802.5405,2802.5405,0
2021-03-29T00:00:00.000Z,2802.5405,2802.5405,2802.5405,2802.5405,0
2021-03-29T04:00:00.000Z,2802.5405,2802.5405,2802.5405,2802.5405,0
2021-03-30T00:00:00.000Z,2802.5405,2802.5405,2772.054,2772.054,1
2021-03-30T04:00:00.000Z,2772.054,2827.8379,2772.054,2827.8379,2
2021-03-31T00:00:00.000Z,2827.5789,2827.5789,2827.5789,2827.5789,0
2021-03-31T04:00:00.000Z,2804.5527,2804.5527,2804.5527,2804.5527,1
2021-04-01T00:00:00.000Z,2805.1353,2805.1353,2805.1353,2805.1353,0
2021-04-01T04:00:00.000Z,2805.1353,2805.1353,2805.1353,2805.1353,0
2021-04-02T00:00:00.000Z,2805.1353,2805.1353,2805.1353,2805.1353,0
2021-04-02T04:00:00.000Z,2805.1353,2805.1353,2805.1353,2805.1353,0
2021-04-06T00:00:00.000Z,2805.1353,2805.1353,2805.1353,2805.1353,0
2021-04-06T04:00:00.000Z,2822,2822,2796.054,2796.054,2
2021-04-07T00:00:00.000Z,2796.8057,2796.8057,2796.8057,2796.8057,0
2021-04-07T04:00:00.000Z,2796.8057,2796.8057,2796.8057,2796.8057,0
2021-04-08T00:00:00.000Z,2809.5833,2809.5833,2809.5833,2809.5833,0
2021-04-08T04:00:00.000Z,2809.5833,2809.5833,2808.9443,2808.9443,23
2021-04-09T00:00:00.000Z,2808.9443,2815.9722,2771.8889,2771.8889,2
2021-04-09T04:00:00.000Z,2771.8889,2803.8333,2771.8889,2803.8333,1
2021-04-12T00:00:00.000Z,2797.8286,2797.8286,2797.8286,2797.8286,0
2021-04-12T04:00:00.000Z,2797.8286,2797.8286,2797.8286,2797.8286,0
2021-04-13T00:00:00.000Z,2791.543,2791.543,2791.543,2791.543,0
2021-04-13T04:00:00.000Z,2791.543,2796.9143,2791.543,2791.8857,3
2021-04-14T00:00:00.000Z,2793.7646,2838.853,2793.7646,2838.853,2
2021-04-14T04:00:00.000Z,2838.853,2853.6765,2837,2837,3
2021-04-15T00:00:00.000Z,2835.8857,2856.6287,2766.4856,2842.6858,27
2021-04-15T04:00:00.000Z,2842.6858,2851.4856,2816.2856,2851.4856,3
2021-04-16T00:00:00.000Z,2854.0625,2854.0625,2818.4375,2818.4375,1
2021-04-16T04:00:00.000Z,2818.4375,2818.4375,2818.4375,2818.4375,0
2021-04-19T00:00:00.000Z,2809.2903,2809.2903,2809.2903,2809.2903,0
2021-04-19T04:00:00.000Z,2809.2903,2809.2903,2809.2903,2809.2903,0
2021-04-20T00:00:00.000Z,2809.2903,2809.2903,2809.2903,2809.2903,0
2021-04-20T04:00:00.000Z,2809.2903,2809.2903,2809.2903,2809.2903,0
2021-04-21T00:00:00.000Z,2809.2903,2809.2903,2809.2903,2809.2903,0
2021-04-21T04:00:00.000Z,2809.2903,2809.2903,2809.2903,2809.2903,0
2021-04-22T00:00:00.000Z,2809.2903,2809.2903,2809.2903,2809.2903,0
2021-04-22T04:00:00.000Z,2809.2903,2809.2903,2809.2903,2809.2903,0
2021-04-23T00:00:00.000Z,2809.2903,2862.1292,2780.8386,2802.9033,6
2021-04-23T04:00:00.000Z,2802.9033,2802.9033,2789.5483,2789.5483,1
2021-04-26T00:00:00.000Z,2789.5483,2789.5483,2789.5483,2789.5483,0
2021-04-26T04:00:00.000Z,2789.5483,2789.5483,2789.5483,2789.5483,0
2021-04-27T00:00:00.000Z,2812.1936,2812.1936,2812.1936,2812.1936,0
2021-04-27T04:00:00.000Z,2812.1936,2812.1936,2812.1936,2812.1936,0
2021-04-28T00:00:00.000Z,2812.1936,2812.1936,2773.8708,2773.8708,4
2021-04-28T04:00:00.000Z,2773.8708,2776.7742,2773.8708,2776.7742,1
2021-04-29T00:00:00.000Z,2786.9629,2807.1853,2786.9629,2807.1853,2
2021-04-29T04:00:00.000Z,2807.1853,2807.1853,2782.8147,2782.8147,3
2021-04-30T00:00:00.000Z,2793.1667,2793.1667,2686.0417,2686.0417,24
2021-04-30T04:00:00.000Z,2686.0417,2686.0417,2686.0417,2686.0417,6
2021-05-06T00:00:00.000Z,2663.05,2676.05,2656.55,2676.05,9
2021-05-06T04:00:00.000Z,2657.2,2657.2,2603.25,2603.8999,11
2021-05-07T00:00:00.000Z,2711,2711,2711,2711,0
2021-05-07T04:00:00.000Z,2711,2711,2711,2711,0
2021-05-10T00:00:00.000Z,2749,2785,2711,2785,12
2021-05-10T04:00:00.000Z,2759,2759,2730,2730,2
2021-05-11T00:00:00.000Z,2730,2765,2730,2738,8
2021-05-11T04:00:00.000Z,2738,2738,2738,2738,0
2021-05-12T00:00:00.000Z,2738,2746,2677,2746,2
2021-05-12T04:00:00.000Z,2746,2779,2743,2743,2
2021-05-13T00:00:00.000Z,2743,2743,2743,2743,0
2021-05-13T04:00:00.000Z,2776,2807,2759,2759,6
2021-05-14T00:00:00.000Z,2759,2759,2759,2759,0
2021-05-14T04:00:00.000Z,2759,2759,2759,2759,0
2021-05-17T00:00:00.000Z,2777,2777,2777,2777,0
2021-05-17T04:00:00.000Z,2777,2777,2777,2777,0
2021-05-18T00:00:00.000Z,2777,2781,2742,2742,4
2021-05-18T04:00:00.000Z,2742,2742,2742,2742,0
2021-05-19T00:00:00.000Z,2742,2742,2742,2742,0
2021-05-19T04:00:00.000Z,2733,2745,2733,2745,2
2021-05-20T00:00:00.000Z,2745,2766,2709,2737,7
2021-05-20T04:00:00.000Z,2737,2737,2737,2737,0
2021-05-21T00:00:00.000Z,2737,2741,2737,2741,1
2021-05-21T04:00:00.000Z,2741,2741,2710,2710,1
2021-05-24T00:00:00.000Z,2710,2779,2710,2733,7
2021-05-24T04:00:00.000Z,2733,2733,2733,2733,0
2021-05-25T00:00:00.000Z,2733,2766,2720,2766,2
2021-05-25T04:00:00.000Z,2766,2766,2766,2766,1
2021-05-26T00:00:00.000Z,2766,2766,2766,2766,0
2021-05-26T04:00:00.000Z,2721,2721,2721,2721,1
2021-05-27T00:00:00.000Z,2721,2721,2721,2721,0
2021-05-27T04:00:00.000Z,2721,2721,2721,2721,0
2021-05-28T00:00:00.000Z,2721,2721,2721,2721,0
2021-05-28T04:00:00.000Z,2721,2721,2721,2721,0
2021-05-31T00:00:00.000Z,2721,2721,2721,2721,0
2021-05-31T04:00:00.000Z,2721,2721,2721,2721,0
2021-06-01T00:00:00.000Z,2721,2721,2721,2721,1
2021-06-01T04:00:00.000Z,2721,2721,2701,2701,2
2021-06-02T00:00:00.000Z,2701,2701,2680,2680,1
2021-06-02T04:00:00.000Z,2680,2680,2680,2680,0
2021-06-03T00:00:00.000Z,2680,2680,2677,2677,1
2021-06-03T04:00:00.000Z,2677,2677,2677,2677,0
2021-06-04T00:00:00.000Z,2677,2677,2677,2677,0
2021-06-04T04:00:00.000Z,2677,2677,2677,2677,0
2021-06-07T00:00:00.000Z,2677,2720,2677,2698,3
2021-06-07T04:00:00.000Z,2698,2698,2698,2698,0
2021-06-08T00:00:00.000Z,2698,2698,2698,2698,0
2021-06-08T04:00:00.000Z,2698,2698,2698,2698,0
2021-06-09T00:00:00.000Z,2713,2713,2713,2713,0
2021-06-09T04:00:00.000Z,2713,2713,2713,2713,0
2021-06-10T00:00:00.000Z,2712,2712,2712,2712,0
2021-06-10T04:00:00.000Z,2712,2712,2712,2712,0
2021-06-11T00:00:00.000Z,2712,2712,2712,2712,0
2021-06-11T04:00:00.000Z,2712,2712,2712,2712,0
2021-06-15T00:00:00.000Z,2712,2712,2712,2712,0
2021-06-15T04:00:00.000Z,2712,2712,2712,2712,0
2021-06-16T00:00:00.000Z,2712,2712,2712,2712,0
2021-06-16T04:00:00.000Z,2712,2712,2660,2703,3
2021-06-17T00:00:00.000Z,2703,2703,2703,2703,0
2021-06-17T04:00:00.000Z,2703,2703,2703,2703,0
2021-06-18T00:00:00.000Z,2688,2688,2688,2688,0
2021-06-18T04:00:00.000Z,2688,2688,2688,2688,0
2021-06-21T00:00:00.000Z,2688,2688,2688,2688,0
2021-06-21T04:00:00.000Z,2688,2688,2688,2688,0
2021-06-22T00:00:00.000Z,2688,2688,2688,2688,0
2021-06-22T04:00:00.000Z,2688,2688,2688,2688,0
2021-06-23T00:00:00.000Z,2688,2706,2655,2655,2
2021-06-23T04:00:00.000Z,2655,2655,2655,2655,0
2021-06-24T00:00:00.000Z,2655,2673,2580,2673,8
2021-06-24T04:00:00.000Z,2673,2673,2652,2652,2
2021-06-25T00:00:00.000Z,2652,2652,2652,2652,0
2021-06-25T04:00:00.000Z,2652,2652,2651,2651,1
2021-06-28T00:00:00.000Z,2651,2651,2651,2651,0
2021-06-28T04:00:00.000Z,2651,2651,2651,2651,0
2021-06-29T00:00:00.000Z,2651,2651,2651,2651,0
2021-06-29T04:00:00.000Z,2651,2676,2627,2627,6
2021-06-30T00:00:00.000Z,2627,2708,2627,2670,17
2021-06-30T04:00:00.000Z,2670,2670,2653,2653,3
2021-07-01T00:00:00.000Z,2653,2653,2636,2636,1
2021-07-01T04:00:00.000Z,2636,2636,2611,2611,2
2021-07-02T00:00:00.000Z,2611,2650,2600,2614,5
2021-07-02T04:00:00.000Z,2618,2633,2603,2633,3
2021-07-05T00:00:00.000Z,2633,2633,2633,2633,0
2021-07-05T04:00:00.000Z,2633,2633,2633,2633,0
2021-07-06T00:00:00.000Z,2617,2635,2617,2635,2
2021-07-06T04:00:00.000Z,2635,2635,2635,2635,0
2021-07-07T00:00:00.000Z,2635,2645,2601,2640,4
2021-07-07T04:00:00.000Z,2619,2634,2604,2628,5
2021-07-08T00:00:00.000Z,2628,2628,2628,2628,0
2021-07-08T04:00:00.000Z,2628,2628,2628,2628,0
2021-07-09T00:00:00.000Z,2620,2620,2620,2620,0
2021-07-09T04:00:00.000Z,2601,2601,2601,2601,1
2021-07-12T00:00:00.000Z,2601,2601,2601,2601,1
2021-07-12T04:00:00.000Z,2601,2601,2601,2601,0
2021-07-13T00:00:00.000Z,2601,2631,2601,2631,1
2021-07-13T04:00:00.000Z,2631,2631,2622,2622,4
2021-07-14T00:00:00.000Z,2622,2622,2622,2622,0
2021-07-14T04:00:00.000Z,2622,2622,2622,2622,0
2021-07-15T00:00:00.000Z,2627,2627,2627,2627,0
2021-07-15T04:00:00.000Z,2600,2600,2590,2590,3
2021-07-16T00:00:00.000Z,2590,2590,2590,2590,0
2021-07-16T04:00:00.000Z,2630,2630,2594,2594,2
2021-07-19T00:00:00.000Z,2594,2594,2594,2594,0
2021-07-19T04:00:00.000Z,2594,2594,2582,2582,2
2021-07-20T00:00:00.000Z,2582,2620,2516,2559,6
2021-07-20T04:00:00.000Z,2559,2629,2559,2572,5
2021-07-21T00:00:00.000Z,2572,2572,2572,2572,0
2021-07-21T04:00:00.000Z,2572,2616,2572,2582,17
2021-07-22T00:00:00.000Z,2582,2582,2582,2582,0
2021-07-22T04:00:00.000Z,2582,2629,2582,2615,20
2021-07-23T00:00:00.000Z,2615,2615,2609,2609,1
2021-07-23T04:00:00.000Z,2609,2624,2609,2624,3
2021-07-26T00:00:00.000Z,2624,2638,2586,2638,2
2021-07-26T04:00:00.000Z,2638,2638,2638,2638,0
2021-07-27T00:00:00.000Z,2638,2638,2638,2638,0
2021-07-27T04:00:00.000Z,2638,2638,2580,2618,3
2021-07-28T00:00:00.000Z,2618,2618,2618,2618,0
2021-07-28T04:00:00.000Z,2618,2623,2618,2623,1
2021-07-29T00:00:00.000Z,2623,2623,2594,2594,1
2021-07-29T04:00:00.000Z,2594,2638,2594,2638,2
2021-07-30T00:00:00.000Z,2638,2679,2592,2601,11
2021-07-30T04:00:00.000Z,2601,2601,2601,2601,0
2021-08-02T00:00:00.000Z,2601,2601,2601,2601,0
2021-08-02T04:00:00.000Z,2601,2601,2601,2601,0
2021-08-03T00:00:00.000Z,2619,2628,2583,2628,2
2021-08-03T04:00:00.000Z,2628,2628,2574,2574,4
2021-08-04T00:00:00.000Z,2574,2581,2574,2581,1
2021-08-04T04:00:00.000Z,2581,2581,2581,2581,0
2021-08-05T00:00:00.000Z,2581,2609,2552,2552,2
2021-08-05T04:00:00.000Z,2552,2600,2552,2599,4
2021-08-06T00:00:00.000Z,2599,2599,2550,2560,3
2021-08-06T04:00:00.000Z,2560,2561,2560,2561,1
2021-08-09T00:00:00.000Z,2561,2599,2561,2599,1
2021-08-09T04:00:00.000Z,2599,2599,2562,2562,4
2021-08-10T00:00:00.000Z,2562,2562,2554,2554,1
2021-08-10T04:00:00.000Z,2554,2554,2549,2552,2
2021-08-11T00:00:00.000Z,2552,2552,2552,2552,0
2021-08-11T04:00:00.000Z,2552,2552,2552,2552,0
2021-08-12T00:00:00.000Z,2552,2620,2538,2548,5
2021-08-12T04:00:00.000Z,2548,2599,2548,2550,2
2021-08-13T00:00:00.000Z,2550,2570,2550,2570,1
2021-08-13T04:00:00.000Z,2570,2570,2570,2570,0
2021-08-16T00:00:00.000Z,2570,2619,2570,2619,2
2021-08-16T04:00:00.000Z,2619,2687,2619,2658,5
2021-08-17T00:00:00.000Z,2658,2658,2581,2593,6
2021-08-17T04:00:00.000Z,2593,2599,2593,2599,1
2021-08-18T00:00:00.000Z,2599,2650,2558,2599,5
2021-08-18T04:00:00.000Z,2599,2599,2599,2599,0
2021-08-19T00:00:00.000Z,2599,2599,2599,2599,0
2021-08-19T04:00:00.000Z,2599,2710,2599,2640,7
2021-08-20T00:00:00.000Z,2640,2640,2590,2590,2
2021-08-20T04:00:00.000Z,2590,2792,2590,2630,8
2021-08-23T00:00:00.000Z,2630,2748,2610,2718,16
2021-08-23T04:00:00.000Z,2718,2769,2660,2769,8
2021-08-24T00:00:00.000Z,2769,2810,2769,2810,1
2021-08-24T04:00:00.000Z,2810,2810,2810,2810,0
2021-08-25T00:00:00.000Z,2810,2930,2810,2930,8
2021-08-25T04:00:00.000Z,2930,2930,2760,2772,6
2021-08-26T00:00:00.000Z,2772,2967,2772,2865,6
2021-08-26T04:00:00.000Z,2865,2970,2800,2937,18
2021-08-27T00:00:00.000Z,2937,2980,2739,2811,25
2021-08-27T04:00:00.000Z,2811,2828,2736,2828,17
2021-08-30T00:00:00.000Z,2828,2828,2667,2760,8
2021-08-30T04:00:00.000Z,2760,2760,2760,2760,0
2021-08-31T00:00:00.000Z,2464,2699,2464,2698,42
2021-08-31T04:00:00.000Z,2698,2698,2464,2470,32
2021-09-01T00:00:00.000Z,2470,2470,2389,2389,2
2021-09-01T04:00:00.000Z,2389,2389,2389,2389,0
2021-09-02T00:00:00.000Z,2439,2439,2439,2439,0
2021-09-02T04:00:00.000Z,2439,2439,2439,2439,0
2021-09-03T00:00:00.000Z,2439,2439,2439,2439,0
2021-09-03T04:00:00.000Z,2439,2439,2439,2439,0
2021-09-06T00:00:00.000Z,2439,2439,2439,2439,0
2021-09-06T04:00:00.000Z,2439,2439,2439,2439,0
2021-09-07T00:00:00.000Z,2439,2480.3333,2429.5,2429.5,2
2021-09-07T04:00:00.000Z,2429.5,2462.3333,2429.5,2462.3333,1
2021-09-08T00:00:00.000Z,2779,2779,2779,2779,0
2021-09-08T04:00:00.000Z,2779,2779,2676,2676,2
2021-09-09T00:00:00.000Z,2676,2739,2676,2689,6
2021-09-09T04:00:00.000Z,2689,2776,2689,2776,5
2021-09-10T00:00:00.000Z,2776,2799,2690,2779,12
2021-09-10T04:00:00.000Z,2779,2779,2779,2779,0
2021-09-13T00:00:00.000Z,2779,2789,2704,2789,2
2021-09-13T04:00:00.000Z,2789,2789,2789,2789,0
2021-09-14T00:00:00.000Z,2789,2789,2789,2789,0
2021-09-14T04:00:00.000Z,2789,2789,2789,2789,0
2021-09-15T00:00:00.000Z,2747,2747,2747,2747,0
2021-09-15T04:00:00.000Z,2747,2747,2747,2747,0
2021-09-16T00:00:00.000Z,2747,2778,2716,2777,5
2021-09-16T04:00:00.000Z,2777,2810,2777,2810,3
2021-09-17T00:00:00.000Z,2810,2810,2799,2808,3
2021-09-17T04:00:00.000Z,2809,2850,2804,2850,6
2021-09-22T00:00:00.000Z,2850,2868,2809,2812,3
2021-09-22T04:00:00.000Z,2812,2812,2812,2812,0
2021-09-23T00:00:00.000Z,2812,2812,2812,2812,0
2021-09-23T04:00:00.000Z,2812,2842,2736,2776,6
2021-09-24T00:00:00.000Z,2776,2776,2776,2776,0
2021-09-24T04:00:00.000Z,2776,2776,2776,2776,0
2021-09-27T00:00:00.000Z,2777,2830,2738,2819,4
2021-09-27T04:00:00.000Z,2819,2819,2819,2819,0
2021-09-28T00:00:00.000Z,2819,2819,2819,2819,0
2021-09-28T04:00:00.000Z,2819,2819,2819,2819,0
2021-09-29T00:00:00.000Z,2791,2791,2749,2749,1
2021-09-29T04:00:00.000Z,2749,2749,2749,2749,0
2021-09-30T00:00:00.000Z,2749,2749,2749,2749,0
2021-09-30T04:00:00.000Z,2620,2700,2620,2640,6
2021-10-08T00:00:00.000Z,2640,2769,2640,2749,10
2021-10-08T04:00:00.000Z,2749,2749,2695,2695,2
2021-10-11T00:00:00.000Z,2574.6667,2600.6667,2574.6667,2592,6
2021-10-11T04:00:00.000Z,2592,2592,2592,2592,0
2021-10-12T00:00:00.000Z,2799,2799,2799,2799,0
2021-10-12T04:00:00.000Z,2799,2799,2720,2720,1
2021-10-13T00:00:00.000Z,2560.8333,2560.8333,2552,2552.5,7
2021-10-13T04:00:00.000Z,2552.5,2619.3333,2552.5,2601.3333,15
2021-10-14T00:00:00.000Z,2682,2696.5,2641.5,2681.5,3
2021-10-14T04:00:00.000Z,2681.5,2681.5,2681.5,2681.5,0
2021-10-15T00:00:00.000Z,2543,2543,2543,2543,0
2021-10-15T04:00:00.000Z,2543,2543,2543,2543,0
2021-10-18T00:00:00.000Z,2694,2726.5,2694,2726.5,1
2021-10-18T04:00:00.000Z,2726.5,2726.5,2726.5,2726.5,0
2021-10-19T00:00:00.000Z,2774,2786.6667,2708.6667,2722,4
2021-10-19T04:00:00.000Z,2722,2779.3333,2712,2779.3333,2
2021-10-20T00:00:00.000Z,2765.3333,2765.3333,2719.3333,2719.3333,1
2021-10-20T04:00:00.000Z,2719.3333,2719.3333,2719.3333,2719.3333,0
2021-10-21T00:00:00.000Z,2687,2717.5,2639.5,2686.5,4
2021-10-21T04:00:00.000Z,2664.5,2686,2664.5,2686,2
2021-10-22T00:00:00.000Z,2674,2674,2674,2674,0
2021-10-22T04:00:00.000Z,2674,2674,2674,2674,0
2021-10-25T00:00:00.000Z,2662,2662,2662,2662,0
2021-10-25T04:00:00.000Z,2662,2662,2662,2662,0
2021-10-26T00:00:00.000Z,2662,2662,2662,2662,0
2021-10-26T04:00:00.000Z,2662,2662,2620,2620,3
2021-10-27T00:00:00.000Z,2581,2581,2581,2581,0
2021-10-27T04:00:00.000Z,2628,2628,2628,2628,1
2021-10-28T00:00:00.000Z,2651.3333,2651.3333,2651.3333,2651.3333,0
2021-10-28T04:00:00.000Z,2651.3333,2651.3333,2651.3333,2651.3333,0
2021-10-29T00:00:00.000Z,2651.3333,2765.6667,2651.3333,2765.6667,8
2021-10-29T04:00:00.000Z,2765.6667,2765.6667,2765.6667,2765.6667,1
2021-11-01T00:00:00.000Z,2700,2808,2622,2799,37
2021-11-01T04:00:00.000Z,2799,2808,2778,2808,22
2021-11-02T00:00:00.000Z,2808,2889,2735,2737,118
2021-11-02T04:00:00.000Z,2737,2828,2737,2787,41
2021-11-03T00:00:00.000Z,2787,2813,2756,2756,11
2021-11-03T04:00:00.000Z,2756,2776,2756,2766,12
2021-11-04T00:00:00.000Z,2766,2766,2763,2763,7
2021-11-04T04:00:00.000Z,2810,2810,2770,2792,17
2021-11-05T00:00:00.000Z,2792,2808,2744,2779,13
2021-11-05T04:00:00.000Z,2779,2797,2764,2765,11
2021-11-08T00:00:00.000Z,2765,2796,2705,2792,8
2021-11-08T04:00:00.000Z,2792,2792,2744,2744,2
2021-11-09T00:00:00.000Z,2744,2799,2723,2747,30
2021-11-09T04:00:00.000Z,2747,2747,2747,2747,0
2021-11-10T00:00:00.000Z,2747,2747,2747,2747,0
2021-11-10T04:00:00.000Z,2747,2747,2747,2747,0
2021-11-11T00:00:00.000Z,2667,2760,2667,2760,17
2021-11-11T04:00:00.000Z,2762,2762,2736,2736,2
2021-11-12T00:00:00.000Z,2736,2795,2730,2731,19
2021-11-12T04:00:00.000Z,2731,2750,2731,2750,2
2021-11-15T00:00:00.000Z,2750,2750,2750,2750,0
2021-11-15T04:00:00.000Z,2750,2782,2703,2703,21
2021-11-16T00:00:00.000Z,2703,2768,2703,2768,16
2021-11-16T04:00:00.000Z,2768,2768,2732,2732,2
2021-11-17T00:00:00.000Z,2732,2753,2731,2731,2
2021-11-17T04:00:00.000Z,2749,2749,2733,2733,2
2021-11-18T00:00:00.000Z,2733,2762,2733,2738,3
2021-11-18T04:00:00.000Z,2738,2738,2738,2738,0
2021-11-19T00:00:00.000Z,2738,2738,2738,2738,0
2021-11-19T04:00:00.000Z,2738,2738,2738,2738,0
2021-11-22T00:00:00.000Z,2748,2770,2732,2732,4
2021-11-22T04:00:00.000Z,2732,2732,2732,2732,0
2021-11-23T00:00:00.000Z,2732,2732,2732,2732,0
2021-11-23T04:00:00.000Z,2732,2732,2732,2732,0
2021-11-24T00:00:00.000Z,2748,2748,2748,2748,0
2021-11-24T04:00:00.000Z,2748,2748,2748,2748,0
2021-11-25T00:00:00.000Z,2748,2748,2748,2748,0
2021-11-25T04:00:00.000Z,2748,2748,2748,2748,0
2021-11-26T00:00:00.000Z,2748,2756,2739,2756,2
2021-11-26T04:00:00.000Z,2756,2756,2756,2756,0
2021-11-29T00:00:00.000Z,2754.7273,2758.9092,2754.7273,2758.9092,1
2021-11-29T04:00:00.000Z,2758.9092,2758.9092,2758.9092,2758.9092,0
2021-11-30T00:00:00.000Z,2751.2727,2751.2727,2751.2727,2751.2727,0
2021-11-30T04:00:00.000Z,2751.2727,2751.2727,2751.2727,2751.2727,0
2021-12-01T00:00:00.000Z,2751.2727,2751.2727,2745.8181,2745.8181,1
2021-12-01T04:00:00.000Z,2745.8181,2745.8181,2745.8181,2745.8181,0
2021-12-02T00:00:00.000Z,2748,2790,2736,2790,2
2021-12-02T04:00:00.000Z,2790,2790,2790,2790,0
2021-12-03T00:00:00.000Z,2790,2790,2742,2742,4
2021-12-03T04:00:00.000Z,2742,2742,2742,2742,0
2021-12-06T00:00:00.000Z,2742,2742,2742,2742,0
2021-12-06T04:00:00.000Z,2742,2742,2742,2742,0
2021-12-07T00:00:00.000Z,2765,2765,2765,2765,0
2021-12-07T04:00:00.000Z,2765,2765,2765,2765,0
2021-12-08T00:00:00.000Z,2765,2765,2765,2765,0
2021-12-08T04:00:00.000Z,2765,2765,2765,2765,0
2021-12-09T00:00:00.000Z,2765,2765,2765,2765,0
2021-12-09T04:00:00.000Z,2765,2765,2765,2765,0
2021-12-10T00:00:00.000Z,2765,2765,2765,2765,0
2021-12-10T04:00:00.000Z,2765,2765,2765,2765,0
2021-12-13T00:00:00.000Z,2765,2780,2703,2703,4
2021-12-13T04:00:00.000Z,2703,2748,2682,2688,19
2021-12-14T00:00:00.000Z,2688,2688,2688,2688,0
2021-12-14T04:00:00.000Z,2688,2688,2688,2688,0
2021-12-15T00:00:00.000Z,2713,2754,2709,2726,3
2021-12-15T04:00:00.000Z,2726,2726,2726,2726,0
2021-12-16T00:00:00.000Z,2726,2726,2726,2726,0
2021-12-16T04:00:00.000Z,2726,2726,2726,2726,0
2021-12-17T00:00:00.000Z,2730,2764,2730,2764,2
2021-12-17T04:00:00.000Z,2764,2765,2724,2760,5
2021-12-20T00:00:00.000Z,2760,2760,2760,2760,0
2021-12-20T04:00:00.000Z,2760,2760,2760,2760,0
2021-12-21T00:00:00.000Z,2753,2820,2744,2746,15
2021-12-21T04:00:00.000Z,2746,2746,2746,2746,0
2021-12-22T00:00:00.000Z,2746,2746,2636,2729,14
2021-12-22T04:00:00.000Z,2696,2696,2696,2696,1
2021-12-23T00:00:00.000Z,2696,2749,2635,2700,8
2021-12-23T04:00:00.000Z,2700,2700,2700,2700,0
2021-12-24T00:00:00.000Z,2700,2700,2700,2700,0
2021-12-24T04:00:00.000Z,2700,2700,2700,2700,0
2021-12-27T00:00:00.000Z,2699,2699,2699,2699,0
2021-12-27T04:00:00.000Z,2699,2722,2699,2722,1
2021-12-28T00:00:00.000Z,2722,2722,2722,2722,0
2021-12-28T04:00:00.000Z,2722,2722,2722,2722,0
2021-12-29T00:00:00.000Z,2722,2722,2722,2722,0
2021-12-29T04:00:00.000Z,2722,2722,2722,2722,0
2021-12-30T00:00:00.000Z,2722,2722,2722,2722,0
2021-12-30T04:00:00.000Z,2722,2722,2722,2722,0
2021-12-31T00:00:00.000Z,2722,2722,2722,2722,0
2021-12-31T04:00:00.000Z,2722,2722,2702,2702,1
2022-01-04T00:00:00.000Z,2702,2766,2702,2766,5
2022-01-04T04:00:00.000Z,2766,2766,2766,2766,0
2022-01-05T00:00:00.000Z,2770.1667,2770.1667,2770.1667,2770.1667,0
2022-01-05T04:00:00.000Z,2770.1667,2770.1667,2770.1667,2770.1667,0
2022-01-06T00:00:00.000Z,2765.8333,2765.8333,2765.8333,2765.8333,0
2022-01-06T04:00:00.000Z,2765.8333,2765.8333,2765.8333,2765.8333,0
2022-01-07T00:00:00.000Z,2765.8333,2765.8333,2765.8333,2765.8333,0
2022-01-07T04:00:00.000Z,2765.8333,2765.8333,2765.8333,2765.8333,0
2022-01-10T00:00:00.000Z,2765.8333,2765.8333,2765.8333,2765.8333,0
2022-01-10T04:00:00.000Z,2765.8333,2765.8333,2765.8333,2765.8333,0
2022-01-11T00:00:00.000Z,2765.8333,2765.8333,2765.8333,2765.8333,0
2022-01-11T04:00:00.000Z,2765.8333,2765.8333,2765.8333,2765.8333,0
2022-01-12T00:00:00.000Z,2765.8333,2765.8333,2765.8333,2765.8333,0
2022-01-12T04:00:00.000Z,2765.8333,2765.8333,2765.8333,2765.8333,0
2022-01-13T00:00:00.000Z,2765.8333,2765.8333,2765.8333,2765.8333,0
2022-01-13T04:00:00.000Z,2765.8333,2765.8333,2765.8333,2765.8333,0
2022-01-14T00:00:00.000Z,2765.8333,2765.8333,2765.8333,2765.8333,0
2022-01-14T04:00:00.000Z,2765.8333,2765.8333,2765.8333,2765.8333,0
2022-01-17T00:00:00.000Z,2765.8333,2765.8333,2765.8333,2765.8333,0
2022-01-17T04:00:00.000Z,2765.8333,2765.8333,2765.8333,2765.8333,0
2022-01-18T00:00:00.000Z,2765.8333,2765.8333,2765.8333,2765.8333,0
2022-01-18T04:00:00.000Z,2765.8333,2765.8333,2765.8333,2765.8333,0
2022-01-19T00:00:00.000Z,2758,2758,2758,2758,0
2022-01-19T04:00:00.000Z,2758,2758,2758,2758,0
2022-01-20T00:00:00.000Z,2758,2758,2758,2758,0
2022-01-20T04:00:00.000Z,2758,2758,2758,2758,0
2022-01-21T00:00:00.000Z,2758,2758,2758,2758,0
2022-01-21T04:00:00.000Z,2758,2758,2758,2758,0
2022-01-24T00:00:00.000Z,2758,2758,2758,2758,0
2022-01-24T04:00:00.000Z,2758,2758,2758,2758,0
2022-01-25T00:00:00.000Z,2758,2758,2758,2758,0
2022-01-25T04:00:00.000Z,2758,2758,2758,2758,0
2022-01-26T00:00:00.000Z,2758,2758,2758,2758,0
2022-01-26T04:00:00.000Z,2758,2758,2758,2758,0
2022-01-27T00:00:00.000Z,2758,2758,2758,2758,0
2022-01-27T04:00:00.000Z,2758,2758,2758,2758,0
2022-01-28T00:00:00.000Z,2758,2758,2758,2758,0
2022-01-28T04:00:00.000Z,2758,2758,2758,2758,0
2022-02-07T00:00:00.000Z,2758,2758,2758,2758,0
2022-02-07T04:00:00.000Z,2758,2758,2758,2758,0
2022-02-08T00:00:00.000Z,2758,2758,2758,2758,0
2022-02-08T04:00:00.000Z,2758,2758,2758,2758,0
2022-02-09T00:00:00.000Z,2758,2758,2758,2758,0
2022-02-09T04:00:00.000Z,2758,2758,2758,2758,0
2022-02-10T00:00:00.000Z,2758,2758,2758,2758,0
2022-02-10T04:00:00.000Z,2758,2758,2758,2758,0
2022-02-11T00:00:00.000Z,2758,2758,2758,2758,0
2022-02-11T04:00:00.000Z,2758,2758,2758,2758,0
2022-02-14T00:00:00.000Z,2758,2758,2758,2758,0
2022-02-14T04:00:00.000Z,2758,2758,2758,2758,0
2022-02-15T00:00:00.000Z,2758,2758,2758,2758,0
2022-02-15T04:00:00.000Z,2758,2758,2758,2758,0
2022-02-16T00:00:00.000Z,2758,2758,2758,2758,0
2022-02-16T04:00:00.000Z,2758,2758,2758,2758,0
2022-02-17T00:00:00.000Z,2758,2758,2758,2758,0
2022-02-17T04:00:00.000Z,2758,2758,2758,2758,0
2022-02-18T00:00:00.000Z,2758,2758,2758,2758,0
2022-02-18T04:00:00.000Z,2758,2758,2758,2758,0
2022-02-21T00:00:00.000Z,2758,2758,2758,2758,0
2022-02-21T04:00:00.000Z,2758,2758,2758,2758,0
2022-02-22T00:00:00.000Z,2758,2758,2758,2758,0
2022-02-22T04:00:00.000Z,2758,2758,2758,2758,0
2022-02-23T00:00:00.000Z,2758,2758,2758,2758,0
2022-02-23T04:00:00.000Z,2758,2758,2758,2758,0
2022-02-24T00:00:00.000Z,2758,2758,2758,2758,0
2022-02-24T04:00:00.000Z,2758,2758,2758,2758,0
2022-02-25T00:00:00.000Z,2758,2758,2758,2758,0
2022-02-25T04:00:00.000Z,2758,2758,2758,2758,0
2022-02-28T00:00:00.000Z,2758,2758,2758,2758,0
2022-02-28T04:00:00.000Z,2758,2758,2758,2758,0
2022-03-01T00:00:00.000Z,2758,2758,2758,2758,0
2022-03-01T04:00:00.000Z,2758,2758,2758,2758,0
2022-03-02T00:00:00.000Z,2758,2758,2758,2758,0
2022-03-02T04:00:00.000Z,2758,2758,2758,2758,0
2022-03-03T00:00:00.000Z,2758,2758,2758,2758,0
2022-03-03T04:00:00.000Z,2758,2758,2758,2758,0
2022-03-04T00:00:00.000Z,2758,2758,2758,2758,0
2022-03-04T04:00:00.000Z,2758,2758,2758,2758,0
2022-03-07T00:00:00.000Z,2758,2758,2758,2758,0
2022-03-07T04:00:00.000Z,2758,2758,2758,2758,0
2022-03-08T00:00:00.000Z,2758,2758,2758,2758,0
2022-03-08T04:00:00.000Z,2758,2758,2758,2758,0
2022-03-09T00:00:00.000Z,2758,2821,2709.1667,2821,62
2022-03-09T04:00:00.000Z,2821,2821,2821,2821,4
2022-03-10T00:00:00.000Z,3071,3071,2576,2918,68
2022-03-10T04:00:00.000Z,2918,2959,2889,2906,16
2022-03-11T00:00:00.000Z,2906,2985,2863,2965,22
2022-03-11T04:00:00.000Z,2965,2985,2916,2956,22
2022-03-14T00:00:00.000Z,2956,3139,2806,3001,164
2022-03-14T04:00:00.000Z,3001,3050,2946,2946,182
2022-03-15T00:00:00.000Z,2946,3004,2901,2941,32
2022-03-15T04:00:00.000Z,2941,2969,2923,2923,9
2022-03-16T00:00:00.000Z,2923,3030,2886,3011,66
2022-03-16T04:00:00.000Z,3011,3011,2960,3009,24
2022-03-17T00:00:00.000Z,3009,3009,2955,2955,20
2022-03-17T04:00:00.000Z,2955,2974,2919,2919,24
2022-03-18T00:00:00.000Z,2919,2987,2902,2920,32
2022-03-18T04:00:00.000Z,2920,2926,2919,2926,3
2022-03-21T00:00:00.000Z,2926,2948,2891,2927,12
2022-03-21T04:00:00.000Z,2927,2928,2906,2921,9
2022-03-22T00:00:00.000Z,2921,2943,2919,2940,4
2022-03-22T04:00:00.000Z,2940,2942,2931,2934,7
2022-03-23T00:00:00.000Z,2934,2934,2919,2919,4
2022-03-23T04:00:00.000Z,2919,2930,2919,2925,5
2022-03-24T00:00:00.000Z,2925,2929,2925,2929,2
2022-03-24T04:00:00.000Z,2929,2942,2929,2942,3
2022-03-25T00:00:00.000Z,2942,2942,2911,2911,5
2022-03-25T04:00:00.000Z,2911,2911,2908,2908,3
2022-03-28T00:00:00.000Z,2908,2987,2908,2941,13
2022-03-28T04:00:00.000Z,2941,2941,2934,2934,1
2022-03-29T00:00:00.000Z,2934,2934,2877,2910,9
2022-03-29T04:00:00.000Z,2910,2911,2910,2911,1
2022-03-30T00:00:00.000Z,2911,2911,2844,2846,33
2022-03-30T04:00:00.000Z,2846,2905,2846,2886,9
2022-03-31T00:00:00.000Z,2886,2953,2886,2927,17
2022-03-31T04:00:00.000Z,2927,2927,2927,2927,0
2022-04-01T00:00:00.000Z,2927,2940,2927,2935,2
2022-04-01T04:00:00.000Z,2935,2938,2935,2938,3
2022-04-06T00:00:00.000Z,2938,2938,2938,2938,0
2022-04-06T04:00:00.000Z,2938,2939,2938,2939,1
2022-04-07T00:00:00.000Z,2939,2939,2939,2939,0
2022-04-07T04:00:00.000Z,2939,2977,2939,2977,2
2022-04-08T00:00:00.000Z,2977,2977,2977,2977,0
2022-04-08T04:00:00.000Z,2977,2977,2977,2977,0
2022-04-11T00:00:00.000Z,2959,2959,2930,2941,5
2022-04-11T04:00:00.000Z,2941,2941,2941,2941,0
2022-04-12T00:00:00.000Z,2941,2941,2941,2941,0
2022-04-12T04:00:00.000Z,2941,2941,2941,2941,0
2022-04-13T00:00:00.000Z,2938,2938,2938,2938,0
2022-04-13T04:00:00.000Z,2938,2938,2938,2938,0
2022-04-14T00:00:00.000Z,2938,2938,2938,2938,0
2022-04-14T04:00:00.000Z,2938,2938,2938,2938,0
2022-04-15T00:00:00.000Z,2938,2938,2938,2938,0
2022-04-15T04:00:00.000Z,2938,2938,2938,2938,0
2022-04-18T00:00:00.000Z,2938,2991,2938,2950,2
2022-04-18T04:00:00.000Z,2950,2968,2950,2968,1
2022-04-19T00:00:00.000Z,2968,2978,2943,2943,2
2022-04-19T04:00:00.000Z,2943,2943,2943,2943,0
2022-04-20T00:00:00.000Z,2943,2943,2943,2943,0
2022-04-20T04:00:00.000Z,2943,2943,2943,2943,0
2022-04-21T00:00:00.000Z,2961,2961,2961,2961,0
2022-04-21T04:00:00.000Z,2961,2961,2961,2961,0
2022-04-22T00:00:00.000Z,2961,2961,2961,2961,0
2022-04-22T04:00:00.000Z,2961,2972,2935,2972,3
2022-04-25T00:00:00.000Z,2972,2994,2931,2953,6
2022-04-25T04:00:00.000Z,2953,2953,2951,2951,3
2022-04-26T00:00:00.000Z,2951,2951,2951,2951,0
2022-04-26T04:00:00.000Z,2951,2951,2951,2951,0
2022-04-27T00:00:00.000Z,2958,2977,2891,2905,17
2022-04-27T04:00:00.000Z,2905,2905,2900,2900,2
2022-04-28T00:00:00.000Z,2900,2900,2888,2888,1
2022-04-28T04:00:00.000Z,2888,2888,2888,2888,0
2022-04-29T00:00:00.000Z,2888,2888,2888,2888,0
2022-04-29T04:00:00.000Z,2888,2888,2888,2888,0
2022-05-05T00:00:00.000Z,2888,2888,2888,2888,0
2022-05-05T04:00:00.000Z,2888,2888,2888,2888,0
2022-05-06T00:00:00.000Z,2935,2935,2828,2866,12
2022-05-06T04:00:00.000Z,2866,2868,2858,2858,2
2022-05-09T00:00:00.000Z,2858,2907,2858,2907,1
2022-05-09T04:00:00.000Z,2907,2907,2878,2900,4
2022-05-10T00:00:00.000Z,2900,2900,2900,2900,0
2022-05-10T04:00:00.000Z,2900,2900,2829,2829,1
2022-05-11T00:00:00.000Z,2829,2829,2829,2829,0
2022-05-11T04:00:00.000Z,2829,2829,2829,2829,0
2022-05-12T00:00:00.000Z,2832,2832,2832,2832,0
2022-05-12T04:00:00.000Z,2832,2832,2832,2832,0
2022-05-13T00:00:00.000Z,2832,2832,2832,2832,0
2022-05-13T04:00:00.000Z,2832,2832,2832,2832,0
2022-05-16T00:00:00.000Z,2832,2832,2832,2832,0
2022-05-16T04:00:00.000Z,2832,2832,2832,2832,0
2022-05-17T00:00:00.000Z,2833,2833,2833,2833,0
2022-05-17T04:00:00.000Z,2833,2833,2833,2833,0
2022-05-18T00:00:00.000Z,2834,2834,2834,2834,0
2022-05-18T04:00:00.000Z,2834,2834,2834,2834,0
2022-05-19T00:00:00.000Z,2834,2834,2834,2834,0
2022-05-19T04:00:00.000Z,2834,2834,2834,2834,0
2022-05-20T00:00:00.000Z,2834,2834,2834,2834,0
2022-05-20T04:00:00.000Z,2833,2833,2833,2833,3
2022-05-23T00:00:00.000Z,2833,2833,2833,2833,0
2022-05-23T04:00:00.000Z,2833,2833,2833,2833,0
2022-05-24T00:00:00.000Z,2833,2833,2833,2833,0
2022-05-24T04:00:00.000Z,2833,2833,2833,2833,0
2022-05-25T00:00:00.000Z,2833,2833,2833,2833,0
2022-05-25T04:00:00.000Z,2833,2833,2833,2833,0
2022-05-26T00:00:00.000Z,2833,2833,2833,2833,0
2022-05-26T04:00:00.000Z,2833,2833,2833,2833,0
2022-05-27T00:00:00.000Z,2833,2833,2833,2833,0
2022-05-27T04:00:00.000Z,2833,2833,2833,2833,0
2022-05-30T00:00:00.000Z,2833,2833,2833,2833,0
2022-05-30T04:00:00.000Z,2833,2833,2833,2833,0
2022-05-31T00:00:00.000Z,2833,2833,2833,2833,0
2022-05-31T04:00:00.000Z,2833,2833,2833,2833,0
2022-06-01T00:00:00.000Z,2833,2833,2833,2833,0
2022-06-01T04:00:00.000Z,2833,2833,2833,2833,0
2022-06-02T00:00:00.000Z,2833,2833,2833,2833,1
2022-06-02T04:00:00.000Z,2833,2833,2833,2833,0
2022-06-06T00:00:00.000Z,2833,2833,2833,2833,0
2022-06-06T04:00:00.000Z,2833,2833,2833,2833,0
2022-06-07T00:00:00.000Z,2833,2833,2833,2833,0
2022-06-07T04:00:00.000Z,2833,2833,2833,2833,0
2022-06-08T00:00:00.000Z,2833,2833,2833,2833,1
2022-06-08T04:00:00.000Z,2833,2833,2833,2833,0
2022-06-09T00:00:00.000Z,2833,2833,2833,2833,0
2022-06-09T04:00:00.000Z,2833,2833,2833,2833,0
2022-06-10T00:00:00.000Z,2833,2833,2833,2833,1
2022-06-10T04:00:00.000Z,2833,2833,2833,2833,0
2022-06-13T00:00:00.000Z,2833,2833,2833,2833,0
2022-06-13T04:00:00.000Z,2833,2833,2833,2833,0
2022-06-14T00:00:00.000Z,2833,2833,2833,2833,2
2022-06-14T04:00:00.000Z,2833,2833,2833,2833,0
2022-06-15T00:00:00.000Z,2833,2833,2833,2833,0
2022-06-15T04:00:00.000Z,2833,2833,2833,2833,0
2022-06-16T00:00:00.000Z,2833,2833,2833,2833,0
2022-06-16T04:00:00.000Z,2833,2833,2833,2833,0
2022-06-17T00:00:00.000Z,2833,2833,2833,2833,0
2022-06-17T04:00:00.000Z,2833,2833,2833,2833,0
2022-06-20T00:00:00.000Z,2833,2833,2833,2833,0
2022-06-20T04:00:00.000Z,2833,2833,2833,2833,0
2022-06-21T00:00:00.000Z,2833,2833,2833,2833,0
2022-06-21T04:00:00.000Z,2833,2833,2833,2833,0
2022-06-22T00:00:00.000Z,2833,2833,2833,2833,0
2022-06-22T04:00:00.000Z,2833,2833,2833,2833,0
2022-06-23T00:00:00.000Z,2833,2833,2818,2818,2
2022-06-23T04:00:00.000Z,2818,2818,2818,2818,0
