time,open,high,low,close,volume
2024-03-10T21:00:00.000Z,1.28508,1.28605,1.28508,1.28535,171
2024-03-10T21:30:00.000Z,1.28535,1.28571,1.28525,1.2855,447
2024-03-10T22:00:00.000Z,1.2855,1.28559,1.28501,1.28514,793
2024-03-10T22:30:00.000Z,1.28518,1.28518,1.28477,1.28483,610
2024-03-10T23:00:00.000Z,1.28484,1.28545,1.28484,1.28544,1633
2024-03-10T23:30:00.000Z,1.28545,1.28565,1.28524,1.28555,1845
2024-03-11T00:00:00.000Z,1.28556,1.28567,1.28503,1.28558,2647
2024-03-11T00:30:00.000Z,1.28559,1.28606,1.28549,1.28562,1963
2024-03-11T01:00:00.000Z,1.28562,1.28618,1.28558,1.28568,3304
2024-03-11T01:30:00.000Z,1.28568,1.28609,1.28537,1.28551,3209
2024-03-11T02:00:00.000Z,1.28552,1.28558,1.28509,1.28517,2317
2024-03-11T02:30:00.000Z,1.28518,1.28519,1.28476,1.28483,1947
2024-03-11T03:00:00.000Z,1.28483,1.28537,1.28454,1.28532,2051
2024-03-11T03:30:00.000Z,1.28532,1.28539,1.285,1.285,1580
2024-03-11T04:00:00.000Z,1.28504,1.28523,1.28488,1.28505,917
2024-03-11T04:30:00.000Z,1.28504,1.28515,1.28476,1.28512,1448
2024-03-11T05:00:00.000Z,1.28512,1.28534,1.28511,1.28518,1620
2024-03-11T05:30:00.000Z,1.28518,1.28523,1.28471,1.28491,1889
2024-03-11T06:00:00.000Z,1.28493,1.28521,1.28473,1.28509,2908
2024-03-11T06:30:00.000Z,1.28509,1.28553,1.28484,1.28541,2430
2024-03-11T07:00:00.000Z,1.28542,1.28579,1.2845,1.28529,4446
2024-03-11T07:30:00.000Z,1.28531,1.28531,1.28431,1.2845,4475
2024-03-11T08:00:00.000Z,1.28452,1.28491,1.28382,1.28406,6059
2024-03-11T08:30:00.000Z,1.28406,1.28407,1.28315,1.28364,6357
2024-03-11T09:00:00.000Z,1.28364,1.28442,1.28324,1.28435,5446
2024-03-11T09:30:00.000Z,1.28435,1.28469,1.28412,1.28423,3838
2024-03-11T10:00:00.000Z,1.28422,1.28437,1.28393,1.2842,4386
2024-03-11T10:30:00.000Z,1.2842,1.28529,1.28412,1.28469,3870
2024-03-11T11:00:00.000Z,1.28468,1.28478,1.28419,1.28459,3651
2024-03-11T11:30:00.000Z,1.28459,1.28537,1.28456,1.28509,2876
2024-03-11T12:00:00.000Z,1.28508,1.28508,1.28407,1.28408,4488
2024-03-11T12:30:00.000Z,1.28407,1.28414,1.28243,1.28243,4986
2024-03-11T13:00:00.000Z,1.28243,1.283,1.28218,1.28247,4759
2024-03-11T13:30:00.000Z,1.28248,1.28299,1.28199,1.28241,6221
2024-03-11T14:00:00.000Z,1.28239,1.28261,1.2814,1.2816,6150
2024-03-11T14:30:00.000Z,1.28161,1.28181,1.28085,1.28157,6421
2024-03-11T15:00:00.000Z,1.28157,1.2816,1.28065,1.28081,5997
2024-03-11T15:30:00.000Z,1.28081,1.28088,1.2795,1.28051,6546
2024-03-11T16:00:00.000Z,1.28051,1.28112,1.27984,1.28104,5043
2024-03-11T16:30:00.000Z,1.28105,1.2811,1.28056,1.28068,4526
2024-03-11T17:00:00.000Z,1.2807,1.28132,1.28066,1.28089,4976
2024-03-11T17:30:00.000Z,1.28089,1.28117,1.2806,1.28086,3733
2024-03-11T18:00:00.000Z,1.28087,1.28087,1.28035,1.28037,2863
2024-03-11T18:30:00.000Z,1.28038,1.28082,1.27996,1.28068,3832
2024-03-11T19:00:00.000Z,1.28068,1.28099,1.28045,1.28087,3197
2024-03-11T19:30:00.000Z,1.28086,1.28101,1.28065,1.28089,3518
2024-03-11T20:00:00.000Z,1.28088,1.28129,1.28084,1.28121,1080
2024-03-11T20:30:00.000Z,1.28121,1.28135,1.28108,1.28131,1007
2024-03-11T21:00:00.000Z,1.28039,1.28126,1.2799,1.28108,417
2024-03-11T21:30:00.000Z,1.28109,1.28125,1.28103,1.28111,2118
2024-03-11T22:00:00.000Z,1.2811,1.28124,1.281,1.28116,684
2024-03-11T22:30:00.000Z,1.28119,1.28123,1.28103,1.2812,645
2024-03-11T23:00:00.000Z,1.28119,1.28141,1.28115,1.2814,778
2024-03-11T23:30:00.000Z,1.28141,1.28195,1.28141,1.28182,1422
2024-03-12T00:00:00.000Z,1.28182,1.28219,1.28172,1.28201,2360
2024-03-12T00:30:00.000Z,1.28202,1.28203,1.28161,1.28164,2826
2024-03-12T01:00:00.000Z,1.28165,1.28192,1.28137,1.2817,2392
2024-03-12T01:30:00.000Z,1.28171,1.28222,1.28145,1.28207,2999
2024-03-12T02:00:00.000Z,1.28206,1.28221,1.28165,1.28202,2888
2024-03-12T02:30:00.000Z,1.28203,1.28226,1.2818,1.28216,2462
2024-03-12T03:00:00.000Z,1.28215,1.28221,1.28174,1.28199,2092
2024-03-12T03:30:00.000Z,1.282,1.28226,1.28185,1.28186,1501
2024-03-12T04:00:00.000Z,1.28185,1.282,1.28165,1.28195,1615
2024-03-12T04:30:00.000Z,1.28195,1.28196,1.28146,1.28193,1257
2024-03-12T05:00:00.000Z,1.28192,1.28235,1.28192,1.28206,2006
2024-03-12T05:30:00.000Z,1.28204,1.28216,1.28169,1.28205,2134
2024-03-12T06:00:00.000Z,1.28204,1.28208,1.28139,1.28173,3244
2024-03-12T06:30:00.000Z,1.28174,1.28202,1.28156,1.28169,2602
2024-03-12T07:00:00.000Z,1.28167,1.2819,1.2801,1.28079,5085
2024-03-12T07:30:00.000Z,1.28079,1.28095,1.27889,1.27901,4426
2024-03-12T08:00:00.000Z,1.27901,1.27973,1.27839,1.27846,5737
2024-03-12T08:30:00.000Z,1.27847,1.27872,1.27763,1.27859,4100
2024-03-12T09:00:00.000Z,1.2786,1.27882,1.27799,1.2786,3935
2024-03-12T09:30:00.000Z,1.27864,1.2792,1.27864,1.27902,3170
2024-03-12T10:00:00.000Z,1.27901,1.27918,1.27846,1.27912,3363
2024-03-12T10:30:00.000Z,1.27912,1.27983,1.27907,1.27972,2478
2024-03-12T11:00:00.000Z,1.27972,1.27989,1.27907,1.27926,2923
2024-03-12T11:30:00.000Z,1.27927,1.27948,1.2789,1.27917,3612
2024-03-12T12:00:00.000Z,1.27917,1.27986,1.27872,1.27926,5437
2024-03-12T12:30:00.000Z,1.27927,1.28083,1.2755,1.27715,8762
2024-03-12T13:00:00.000Z,1.27716,1.27788,1.27592,1.27641,10037
2024-03-12T13:30:00.000Z,1.27641,1.2766,1.27457,1.27604,9523
2024-03-12T14:00:00.000Z,1.27608,1.27658,1.27503,1.2763,8092
2024-03-12T14:30:00.000Z,1.27632,1.27776,1.27578,1.27725,6240
2024-03-12T15:00:00.000Z,1.27725,1.27747,1.27646,1.27693,5424
2024-03-12T15:30:00.000Z,1.27691,1.27893,1.27691,1.27839,5026
2024-03-12T16:00:00.000Z,1.27838,1.27858,1.27784,1.27789,3459
2024-03-12T16:30:00.000Z,1.27789,1.27835,1.27761,1.27782,4659
2024-03-12T17:00:00.000Z,1.27783,1.27817,1.27704,1.27792,5410
2024-03-12T17:30:00.000Z,1.27792,1.27854,1.27781,1.27839,3922
2024-03-12T18:00:00.000Z,1.2784,1.27883,1.2782,1.27881,3216
2024-03-12T18:30:00.000Z,1.27882,1.2792,1.27857,1.27908,3412
2024-03-12T19:00:00.000Z,1.27909,1.27911,1.2786,1.2789,2135
2024-03-12T19:30:00.000Z,1.27891,1.27943,1.27861,1.27942,2703
2024-03-12T20:00:00.000Z,1.27941,1.27948,1.27925,1.27933,956
2024-03-12T20:30:00.000Z,1.27934,1.2795,1.27933,1.27933,1090
2024-03-12T21:00:00.000Z,1.2783,1.2792,1.27821,1.2788,548
2024-03-12T21:30:00.000Z,1.27879,1.27927,1.27878,1.27919,1497
2024-03-12T22:00:00.000Z,1.27914,1.27944,1.27913,1.27927,370
2024-03-12T22:30:00.000Z,1.27927,1.27959,1.27915,1.27926,495
2024-03-12T23:00:00.000Z,1.27926,1.2796,1.27925,1.2794,1035
2024-03-12T23:30:00.000Z,1.27939,1.27957,1.27936,1.27948,912
2024-03-13T00:00:00.000Z,1.27948,1.27976,1.27928,1.27969,1855
2024-03-13T00:30:00.000Z,1.2797,1.27982,1.27925,1.27942,2171
2024-03-13T01:00:00.000Z,1.27943,1.27974,1.27927,1.27939,2944
2024-03-13T01:30:00.000Z,1.2794,1.27959,1.27922,1.27927,2305
2024-03-13T02:00:00.000Z,1.27928,1.2795,1.27913,1.27925,2342
2024-03-13T02:30:00.000Z,1.27924,1.27951,1.27919,1.27944,2329
2024-03-13T03:00:00.000Z,1.27943,1.27976,1.27924,1.27976,1603
2024-03-13T03:30:00.000Z,1.27977,1.27991,1.27925,1.27945,1560
2024-03-13T04:00:00.000Z,1.27945,1.27949,1.2791,1.27913,1487
2024-03-13T04:30:00.000Z,1.27914,1.27923,1.27895,1.27904,1794
2024-03-13T05:00:00.000Z,1.27905,1.27914,1.27869,1.27886,1756
2024-03-13T05:30:00.000Z,1.27886,1.27938,1.27881,1.27931,2124
2024-03-13T06:00:00.000Z,1.27931,1.27948,1.27911,1.27926,2119
2024-03-13T06:30:00.000Z,1.27927,1.27956,1.27889,1.27926,3153
2024-03-13T07:00:00.000Z,1.27925,1.27964,1.27813,1.27829,4524
2024-03-13T07:30:00.000Z,1.27828,1.27874,1.27756,1.27858,4012
2024-03-13T08:00:00.000Z,1.27859,1.27972,1.27856,1.27955,4889
2024-03-13T08:30:00.000Z,1.27956,1.28007,1.27895,1.27928,4351
2024-03-13T09:00:00.000Z,1.27927,1.27946,1.27852,1.27854,4438
2024-03-13T09:30:00.000Z,1.27853,1.27871,1.27753,1.27759,5152
2024-03-13T10:00:00.000Z,1.27758,1.27907,1.27744,1.27891,4543
2024-03-13T10:30:00.000Z,1.27892,1.27917,1.27833,1.27911,3806
2024-03-13T11:00:00.000Z,1.27911,1.28,1.27886,1.27979,3566
2024-03-13T11:30:00.000Z,1.2798,1.2809,1.27958,1.2808,4241
2024-03-13T12:00:00.000Z,1.28082,1.28088,1.27965,1.27972,4989
2024-03-13T12:30:00.000Z,1.27971,1.28007,1.2793,1.28,4947
2024-03-13T13:00:00.000Z,1.28,1.28058,1.27933,1.27935,4716
2024-03-13T13:30:00.000Z,1.27934,1.27979,1.27869,1.2791,6448
2024-03-13T14:00:00.000Z,1.2791,1.28041,1.27897,1.27986,6106
2024-03-13T14:30:00.000Z,1.27986,1.2806,1.27956,1.28022,5344
2024-03-13T15:00:00.000Z,1.28021,1.28031,1.27936,1.28006,5184
2024-03-13T15:30:00.000Z,1.28005,1.28005,1.27909,1.27966,5382
2024-03-13T16:00:00.000Z,1.27966,1.28003,1.27939,1.2798,4151
2024-03-13T16:30:00.000Z,1.27981,1.27999,1.27911,1.27971,4771
2024-03-13T17:00:00.000Z,1.27972,1.28112,1.27964,1.28067,6505
2024-03-13T17:30:00.000Z,1.28067,1.28099,1.28045,1.28073,4560
2024-03-13T18:00:00.000Z,1.28073,1.2809,1.27994,1.27999,3093
2024-03-13T18:30:00.000Z,1.28,1.28022,1.27942,1.27942,3146
2024-03-13T19:00:00.000Z,1.27941,1.27963,1.27906,1.27927,2730
2024-03-13T19:30:00.000Z,1.27926,1.27971,1.27921,1.27963,3568
2024-03-13T20:00:00.000Z,1.27964,1.27984,1.27961,1.27982,1141
2024-03-13T20:30:00.000Z,1.27983,1.27999,1.2794,1.27967,1206
2024-03-13T21:00:00.000Z,1.27959,1.27959,1.27904,1.27941,320
2024-03-13T21:30:00.000Z,1.27944,1.27994,1.27941,1.27961,1600
2024-03-13T22:00:00.000Z,1.27962,1.28005,1.2796,1.27992,1462
2024-03-13T22:30:00.000Z,1.27993,1.28004,1.27989,1.2799,517
2024-03-13T23:00:00.000Z,1.27992,1.28023,1.27985,1.28021,848
2024-03-13T23:30:00.000Z,1.28022,1.28028,1.27998,1.28011,728
2024-03-14T00:00:00.000Z,1.28012,1.28045,1.27951,1.27971,1660
2024-03-14T00:30:00.000Z,1.27972,1.28004,1.27954,1.27997,2181
2024-03-14T01:00:00.000Z,1.27998,1.28044,1.27966,1.27981,2536
2024-03-14T01:30:00.000Z,1.27982,1.28004,1.27959,1.28,2324
2024-03-14T02:00:00.000Z,1.27999,1.28014,1.27956,1.2797,1932
2024-03-14T02:30:00.000Z,1.27971,1.27987,1.27916,1.27928,1751
2024-03-14T03:00:00.000Z,1.27927,1.27968,1.27925,1.27944,2074
2024-03-14T03:30:00.000Z,1.27943,1.27953,1.2789,1.27898,1657
2024-03-14T04:00:00.000Z,1.27898,1.27898,1.27866,1.27887,1468
2024-03-14T04:30:00.000Z,1.27886,1.27916,1.2788,1.27916,1266
2024-03-14T05:00:00.000Z,1.27915,1.27937,1.27899,1.27921,1838
2024-03-14T05:30:00.000Z,1.27921,1.27944,1.27883,1.27892,2165
2024-03-14T06:00:00.000Z,1.27892,1.27949,1.27886,1.27926,2439
2024-03-14T06:30:00.000Z,1.27926,1.27962,1.27918,1.27942,2250
2024-03-14T07:00:00.000Z,1.27942,1.28025,1.27906,1.28002,3274
2024-03-14T07:30:00.000Z,1.28002,1.28053,1.27955,1.2803,4181
2024-03-14T08:00:00.000Z,1.2803,1.28168,1.28022,1.2812,5008
2024-03-14T08:30:00.000Z,1.2812,1.28134,1.28037,1.2807,4006
2024-03-14T09:00:00.000Z,1.2807,1.28138,1.28065,1.28114,3771
2024-03-14T09:30:00.000Z,1.28115,1.28192,1.2811,1.28158,3392
2024-03-14T10:00:00.000Z,1.28158,1.28228,1.2813,1.28136,3402
2024-03-14T10:30:00.000Z,1.28137,1.28161,1.28099,1.28111,3388
2024-03-14T11:00:00.000Z,1.2811,1.28141,1.2808,1.2808,3334
2024-03-14T11:30:00.000Z,1.28079,1.28117,1.28068,1.28096,3369
2024-03-14T12:00:00.000Z,1.28098,1.28106,1.2793,1.27974,4677
2024-03-14T12:30:00.000Z,1.27977,1.28136,1.27795,1.27951,9886
2024-03-14T13:00:00.000Z,1.27951,1.27965,1.278,1.27801,8548
2024-03-14T13:30:00.000Z,1.278,1.27851,1.27674,1.27745,8548
2024-03-14T14:00:00.000Z,1.27746,1.27785,1.27608,1.27656,7899
2024-03-14T14:30:00.000Z,1.27655,1.27692,1.2749,1.27546,6569
2024-03-14T15:00:00.000Z,1.27546,1.27546,1.2733,1.27365,6599
2024-03-14T15:30:00.000Z,1.27365,1.27486,1.27305,1.27469,6928
2024-03-14T16:00:00.000Z,1.27469,1.27565,1.27437,1.27542,5212
2024-03-14T16:30:00.000Z,1.27543,1.27573,1.27471,1.27486,4420
2024-03-14T17:00:00.000Z,1.27485,1.27549,1.27466,1.27482,4398
2024-03-14T17:30:00.000Z,1.27483,1.27527,1.27427,1.27506,3856
2024-03-14T18:00:00.000Z,1.27506,1.27543,1.27455,1.27456,3154
2024-03-14T18:30:00.000Z,1.27457,1.27542,1.27455,1.27496,3297
2024-03-14T19:00:00.000Z,1.27501,1.27504,1.27455,1.27478,3377
2024-03-14T19:30:00.000Z,1.27477,1.27555,1.27435,1.27555,3743
2024-03-14T20:00:00.000Z,1.27556,1.27575,1.2749,1.27518,1666
2024-03-14T20:30:00.000Z,1.27517,1.27532,1.27499,1.27528,1195
2024-03-14T21:00:00.000Z,1.27458,1.2753,1.27457,1.275,296
2024-03-14T21:30:00.000Z,1.275,1.27538,1.27489,1.27528,2220
2024-03-14T22:00:00.000Z,1.27529,1.27547,1.2752,1.27527,629
2024-03-14T22:30:00.000Z,1.2753,1.27536,1.27497,1.27499,558
2024-03-14T23:00:00.000Z,1.27498,1.27504,1.27461,1.27472,1055
2024-03-14T23:30:00.000Z,1.27471,1.27483,1.27432,1.2745,1125
2024-03-15T00:00:00.000Z,1.27451,1.27474,1.2734,1.27342,3190
2024-03-15T00:30:00.000Z,1.27343,1.27397,1.27343,1.27365,3159
2024-03-15T01:00:00.000Z,1.27364,1.27415,1.27351,1.27399,3188
2024-03-15T01:30:00.000Z,1.27399,1.27422,1.27364,1.27366,2793
2024-03-15T02:00:00.000Z,1.27365,1.27366,1.27312,1.2734,1975
2024-03-15T02:30:00.000Z,1.2734,1.27348,1.27299,1.27306,2206
2024-03-15T03:00:00.000Z,1.27306,1.27351,1.273,1.27339,1933
2024-03-15T03:30:00.000Z,1.2734,1.27379,1.27336,1.27366,1917
2024-03-15T04:00:00.000Z,1.27367,1.27388,1.27362,1.27366,1530
2024-03-15T04:30:00.000Z,1.27367,1.27389,1.27363,1.27387,2050
2024-03-15T05:00:00.000Z,1.27386,1.27407,1.27359,1.27365,1257
2024-03-15T05:30:00.000Z,1.27365,1.27387,1.2734,1.27381,1528
2024-03-15T06:00:00.000Z,1.2738,1.27421,1.27356,1.27397,2845
2024-03-15T06:30:00.000Z,1.27398,1.27419,1.27364,1.27397,2417
2024-03-15T07:00:00.000Z,1.27398,1.27437,1.27371,1.27409,4335
2024-03-15T07:30:00.000Z,1.27408,1.27454,1.27329,1.27355,4594
2024-03-15T08:00:00.000Z,1.27354,1.27423,1.27331,1.27417,5660
2024-03-15T08:30:00.000Z,1.27419,1.27447,1.2738,1.27383,4436
2024-03-15T09:00:00.000Z,1.27384,1.27466,1.2737,1.27404,4421
2024-03-15T09:30:00.000Z,1.27403,1.27536,1.27366,1.27516,4412
2024-03-15T10:00:00.000Z,1.27519,1.27577,1.27512,1.2757,3946
2024-03-15T10:30:00.000Z,1.27569,1.27573,1.27506,1.27517,3898
2024-03-15T11:00:00.000Z,1.27517,1.27522,1.27476,1.27503,3302
2024-03-15T11:30:00.000Z,1.27504,1.27586,1.27495,1.27545,3344
2024-03-15T12:00:00.000Z,1.27544,1.27558,1.27474,1.27517,4420
2024-03-15T12:30:00.000Z,1.27543,1.27578,1.2742,1.27482,6441
2024-03-15T13:00:00.000Z,1.27482,1.27574,1.27439,1.27451,5190
2024-03-15T13:30:00.000Z,1.27451,1.2753,1.27424,1.27424,6917
2024-03-15T14:00:00.000Z,1.27424,1.27536,1.274,1.27425,7377
2024-03-15T14:30:00.000Z,1.27425,1.27494,1.27416,1.27428,6364
2024-03-15T15:00:00.000Z,1.27429,1.27435,1.27362,1.27405,5125
2024-03-15T15:30:00.000Z,1.27405,1.27421,1.27317,1.2739,5133
2024-03-15T16:00:00.000Z,1.2739,1.27396,1.27306,1.27356,4480
2024-03-15T16:30:00.000Z,1.27358,1.27381,1.27295,1.27303,4389
2024-03-15T17:00:00.000Z,1.273,1.27329,1.27271,1.27306,3507
2024-03-15T17:30:00.000Z,1.27306,1.27316,1.27251,1.27294,3318
2024-03-15T18:00:00.000Z,1.27294,1.27333,1.2729,1.27316,3183
2024-03-15T18:30:00.000Z,1.27316,1.27398,1.27311,1.27391,3240
2024-03-15T19:00:00.000Z,1.2739,1.27408,1.2737,1.27397,2053
2024-03-15T19:30:00.000Z,1.27397,1.27402,1.27338,1.27385,2325
2024-03-15T20:00:00.000Z,1.27384,1.27392,1.27355,1.27367,1062
2024-03-15T20:30:00.000Z,1.27368,1.27392,1.27352,1.27356,1052
2024-03-17T21:00:00.000Z,1.27238,1.27296,1.27232,1.27291,272
2024-03-17T21:30:00.000Z,1.27271,1.27345,1.27261,1.27344,299
2024-03-17T22:00:00.000Z,1.27343,1.27376,1.27331,1.27345,666
2024-03-17T22:30:00.000Z,1.27347,1.27359,1.27329,1.2734,683
2024-03-17T23:00:00.000Z,1.27341,1.27344,1.27292,1.27301,1210
2024-03-17T23:30:00.000Z,1.27302,1.27325,1.27296,1.27308,1079
2024-03-18T00:00:00.000Z,1.27309,1.2733,1.27269,1.27307,1517
2024-03-18T00:30:00.000Z,1.27306,1.27344,1.27289,1.27313,1295
2024-03-18T01:00:00.000Z,1.27312,1.27318,1.27264,1.27277,2019
2024-03-18T01:30:00.000Z,1.27279,1.27341,1.27279,1.27336,2221
2024-03-18T02:00:00.000Z,1.27338,1.27356,1.27322,1.27349,1343
2024-03-18T02:30:00.000Z,1.27348,1.27378,1.2734,1.27348,1267
2024-03-18T03:00:00.000Z,1.27348,1.27356,1.27337,1.2735,927
2024-03-18T03:30:00.000Z,1.27352,1.27365,1.27262,1.27268,1216
2024-03-18T04:00:00.000Z,1.27267,1.27316,1.27265,1.27308,1123
2024-03-18T04:30:00.000Z,1.27307,1.27322,1.27291,1.27314,1186
2024-03-18T05:00:00.000Z,1.27314,1.27329,1.27288,1.27326,1561
2024-03-18T05:30:00.000Z,1.27326,1.27343,1.27317,1.27326,1107
2024-03-18T06:00:00.000Z,1.27328,1.27361,1.27321,1.27335,1328
2024-03-18T06:30:00.000Z,1.27338,1.27358,1.27318,1.27342,1052
2024-03-18T07:00:00.000Z,1.27342,1.2737,1.27335,1.27351,2411
2024-03-18T07:30:00.000Z,1.27351,1.27422,1.27341,1.27412,2454
2024-03-18T08:00:00.000Z,1.27412,1.27461,1.27376,1.27419,3593
2024-03-18T08:30:00.000Z,1.27419,1.27467,1.27397,1.27452,3621
2024-03-18T09:00:00.000Z,1.27451,1.27466,1.27374,1.27382,2931
2024-03-18T09:30:00.000Z,1.27383,1.27403,1.27347,1.27349,2836
2024-03-18T10:00:00.000Z,1.2735,1.27369,1.27293,1.27305,2315
2024-03-18T10:30:00.000Z,1.27304,1.27385,1.27274,1.27368,3016
2024-03-18T11:00:00.000Z,1.27368,1.27411,1.2736,1.27389,2966
2024-03-18T11:30:00.000Z,1.27389,1.27447,1.2737,1.27426,2684
2024-03-18T12:00:00.000Z,1.27426,1.27457,1.27412,1.27444,4051
2024-03-18T12:30:00.000Z,1.27445,1.27448,1.27311,1.27355,4600
2024-03-18T13:00:00.000Z,1.27356,1.27379,1.27318,1.27365,4458
2024-03-18T13:30:00.000Z,1.27365,1.27368,1.2731,1.27334,5035
2024-03-18T14:00:00.000Z,1.27334,1.2738,1.27306,1.27335,4805
2024-03-18T14:30:00.000Z,1.27335,1.2734,1.27241,1.27251,4924
2024-03-18T15:00:00.000Z,1.27252,1.27294,1.27224,1.27293,4357
2024-03-18T15:30:00.000Z,1.27292,1.27347,1.27223,1.27323,4968
2024-03-18T16:00:00.000Z,1.27323,1.27332,1.272,1.2721,5062
2024-03-18T16:30:00.000Z,1.2721,1.27283,1.2719,1.27261,3793
2024-03-18T17:00:00.000Z,1.27262,1.27287,1.2722,1.27231,3494
2024-03-18T17:30:00.000Z,1.27232,1.27255,1.27179,1.27245,2493
2024-03-18T18:00:00.000Z,1.27246,1.27265,1.27221,1.27265,2485
2024-03-18T18:30:00.000Z,1.27264,1.27294,1.27241,1.27293,2051
2024-03-18T19:00:00.000Z,1.27294,1.27317,1.27271,1.27304,1857
2024-03-18T19:30:00.000Z,1.27304,1.27305,1.2724,1.27263,2126
2024-03-18T20:00:00.000Z,1.27264,1.27276,1.27256,1.27259,889
2024-03-18T20:30:00.000Z,1.27259,1.2729,1.27247,1.27284,853
2024-03-18T21:00:00.000Z,1.27278,1.27299,1.27239,1.27259,161
2024-03-18T21:30:00.000Z,1.2726,1.2728,1.27249,1.27271,1412
2024-03-18T22:00:00.000Z,1.27273,1.27294,1.27256,1.27284,982
2024-03-18T22:30:00.000Z,1.27284,1.27284,1.27251,1.27262,895
2024-03-18T23:00:00.000Z,1.27261,1.27271,1.27247,1.27252,721
2024-03-18T23:30:00.000Z,1.27253,1.2727,1.27238,1.27262,1065
2024-03-19T00:00:00.000Z,1.27264,1.27277,1.27218,1.27222,2589
2024-03-19T00:30:00.000Z,1.27222,1.27237,1.27192,1.27199,2682
2024-03-19T01:00:00.000Z,1.27199,1.27218,1.27142,1.2715,3500
2024-03-19T01:30:00.000Z,1.27149,1.27203,1.27137,1.27183,2136
2024-03-19T02:00:00.000Z,1.27186,1.27267,1.27182,1.27244,2667
2024-03-19T02:30:00.000Z,1.27246,1.27263,1.27221,1.27229,2039
2024-03-19T03:00:00.000Z,1.27228,1.27287,1.27222,1.27263,2240
2024-03-19T03:30:00.000Z,1.27263,1.27279,1.27178,1.27225,5703
2024-03-19T04:00:00.000Z,1.27226,1.27254,1.27188,1.272,3286
2024-03-19T04:30:00.000Z,1.272,1.27201,1.27127,1.27175,3186
2024-03-19T05:00:00.000Z,1.27175,1.27188,1.27124,1.27139,3102
2024-03-19T05:30:00.000Z,1.27138,1.27138,1.27073,1.27086,2793
2024-03-19T06:00:00.000Z,1.27087,1.27111,1.27015,1.27107,2955
2024-03-19T06:30:00.000Z,1.27108,1.2712,1.27032,1.271,3886
2024-03-19T07:00:00.000Z,1.27099,1.27099,1.27,1.27056,4753
2024-03-19T07:30:00.000Z,1.27057,1.27066,1.26945,1.26989,4517
2024-03-19T08:00:00.000Z,1.2699,1.27017,1.26859,1.26936,4978
2024-03-19T08:30:00.000Z,1.26936,1.26945,1.26839,1.26894,5172
2024-03-19T09:00:00.000Z,1.26895,1.26922,1.26789,1.26796,5179
2024-03-19T09:30:00.000Z,1.26797,1.26827,1.26676,1.26713,4567
2024-03-19T10:00:00.000Z,1.26713,1.26822,1.26703,1.26817,4852
2024-03-19T10:30:00.000Z,1.26817,1.26846,1.26784,1.26814,4062
2024-03-19T11:00:00.000Z,1.26814,1.269,1.26807,1.26897,3684
2024-03-19T11:30:00.000Z,1.26897,1.26947,1.26891,1.26923,3582
2024-03-19T12:00:00.000Z,1.26926,1.2696,1.26902,1.26928,3659
2024-03-19T12:30:00.000Z,1.26927,1.27088,1.26927,1.26992,5643
2024-03-19T13:00:00.000Z,1.26992,1.27079,1.26963,1.26969,4350
2024-03-19T13:30:00.000Z,1.2697,1.26998,1.26938,1.26986,4709
2024-03-19T14:00:00.000Z,1.26986,1.27142,1.26963,1.27109,5011
2024-03-19T14:30:00.000Z,1.27109,1.27163,1.27096,1.27147,4328
2024-03-19T15:00:00.000Z,1.27149,1.27149,1.27028,1.27043,3615
2024-03-19T15:30:00.000Z,1.27043,1.27134,1.27022,1.27107,3685
2024-03-19T16:00:00.000Z,1.27108,1.27225,1.27083,1.27217,4183
2024-03-19T16:30:00.000Z,1.27218,1.2726,1.27183,1.27254,3027
2024-03-19T17:00:00.000Z,1.27253,1.27298,1.27222,1.27296,4168
2024-03-19T17:30:00.000Z,1.27296,1.27328,1.27264,1.27298,2509
2024-03-19T18:00:00.000Z,1.27298,1.273,1.27227,1.27246,2597
2024-03-19T18:30:00.000Z,1.27246,1.27262,1.27208,1.2722,3166
2024-03-19T19:00:00.000Z,1.27221,1.2727,1.27205,1.27233,2164
2024-03-19T19:30:00.000Z,1.27233,1.27233,1.27205,1.27211,1882
2024-03-19T20:00:00.000Z,1.2721,1.27223,1.27201,1.27202,833
2024-03-19T20:30:00.000Z,1.27202,1.27212,1.27187,1.27211,643
2024-03-19T21:00:00.000Z,1.27175,1.27226,1.27163,1.27195,106
2024-03-19T21:30:00.000Z,1.27195,1.27215,1.27192,1.27202,936
2024-03-19T22:00:00.000Z,1.27202,1.27225,1.27199,1.2721,1717
2024-03-19T22:30:00.000Z,1.27211,1.27214,1.27197,1.27208,455
2024-03-19T23:00:00.000Z,1.2721,1.27225,1.27186,1.27204,1123
2024-03-19T23:30:00.000Z,1.27203,1.27208,1.27174,1.27176,1403
2024-03-20T00:00:00.000Z,1.27175,1.27184,1.27105,1.27116,1625
2024-03-20T00:30:00.000Z,1.27117,1.27189,1.27111,1.27172,1952
2024-03-20T01:00:00.000Z,1.27173,1.27187,1.2715,1.27163,1964
2024-03-20T01:30:00.000Z,1.27165,1.27183,1.27139,1.27163,1932
2024-03-20T02:00:00.000Z,1.27162,1.27189,1.2714,1.27163,1421
2024-03-20T02:30:00.000Z,1.27164,1.27207,1.27145,1.27203,1652
2024-03-20T03:00:00.000Z,1.27204,1.27227,1.27184,1.27217,1608
2024-03-20T03:30:00.000Z,1.27218,1.27242,1.27206,1.27236,1358
2024-03-20T04:00:00.000Z,1.27236,1.27242,1.27206,1.27224,1125
2024-03-20T04:30:00.000Z,1.27225,1.27249,1.27182,1.2719,1802
2024-03-20T05:00:00.000Z,1.27189,1.27211,1.27176,1.27182,1839
2024-03-20T05:30:00.000Z,1.27182,1.27218,1.2718,1.27189,1423
2024-03-20T06:00:00.000Z,1.2719,1.27226,1.27172,1.27221,1583
2024-03-20T06:30:00.000Z,1.27222,1.27247,1.27119,1.27129,1680
2024-03-20T07:00:00.000Z,1.27124,1.27298,1.26986,1.27196,4093
2024-03-20T07:30:00.000Z,1.27197,1.27214,1.27116,1.27138,3782
2024-03-20T08:00:00.000Z,1.27139,1.27145,1.27017,1.27035,4618
2024-03-20T08:30:00.000Z,1.27034,1.27048,1.26958,1.27033,3076
2024-03-20T09:00:00.000Z,1.27032,1.27042,1.26898,1.26935,4148
2024-03-20T09:30:00.000Z,1.26934,1.26962,1.26869,1.26925,3764
2024-03-20T10:00:00.000Z,1.26924,1.26982,1.26905,1.26949,4091
2024-03-20T10:30:00.000Z,1.26952,1.26985,1.2694,1.26949,2834
2024-03-20T11:00:00.000Z,1.2695,1.26991,1.2692,1.26962,2682
2024-03-20T11:30:00.000Z,1.26961,1.2697,1.26913,1.26932,2671
2024-03-20T12:00:00.000Z,1.26932,1.26951,1.26874,1.26899,3464
2024-03-20T12:30:00.000Z,1.26899,1.26949,1.26842,1.26937,4175
2024-03-20T13:00:00.000Z,1.26938,1.26946,1.26885,1.26921,3597
2024-03-20T13:30:00.000Z,1.26922,1.27009,1.26865,1.26999,4272
2024-03-20T14:00:00.000Z,1.27001,1.27081,1.26979,1.27026,4357
2024-03-20T14:30:00.000Z,1.27027,1.27099,1.27003,1.27046,4400
2024-03-20T15:00:00.000Z,1.27048,1.27111,1.27044,1.27107,3663
2024-03-20T15:30:00.000Z,1.27107,1.27129,1.27068,1.27103,3274
2024-03-20T16:00:00.000Z,1.27103,1.27192,1.27088,1.27159,3191
2024-03-20T16:30:00.000Z,1.27158,1.27191,1.27116,1.2718,2687
2024-03-20T17:00:00.000Z,1.2718,1.27193,1.2713,1.27167,2549
2024-03-20T17:30:00.000Z,1.27167,1.27212,1.27126,1.2714,2625
2024-03-20T18:00:00.000Z,1.27155,1.27526,1.27112,1.27371,11378
2024-03-20T18:30:00.000Z,1.27372,1.278,1.27197,1.27789,12620
2024-03-20T19:00:00.000Z,1.27791,1.27818,1.27664,1.27812,9696
2024-03-20T19:30:00.000Z,1.27812,1.27868,1.27783,1.27828,5770
2024-03-20T20:00:00.000Z,1.27828,1.27841,1.27807,1.27815,2351
2024-03-20T20:30:00.000Z,1.27816,1.2787,1.27813,1.27863,2708
2024-03-20T21:00:00.000Z,1.27846,1.27862,1.27804,1.27841,137
2024-03-20T21:30:00.000Z,1.27842,1.27848,1.27824,1.27827,938
2024-03-20T22:00:00.000Z,1.27833,1.27911,1.27832,1.27906,1227
2024-03-20T22:30:00.000Z,1.27907,1.27927,1.27903,1.27925,1137
2024-03-20T23:00:00.000Z,1.27926,1.27959,1.27913,1.27946,1729
2024-03-20T23:30:00.000Z,1.27947,1.27982,1.27943,1.27977,2472
2024-03-21T00:00:00.000Z,1.27978,1.27979,1.27896,1.27897,2937
2024-03-21T00:30:00.000Z,1.27902,1.27965,1.27886,1.27943,4408
2024-03-21T01:00:00.000Z,1.27942,1.28024,1.27939,1.28006,4325
2024-03-21T01:30:00.000Z,1.28007,1.28013,1.27944,1.27952,2809
2024-03-21T02:00:00.000Z,1.27952,1.27982,1.27923,1.2796,2938
2024-03-21T02:30:00.000Z,1.27959,1.27992,1.27946,1.27953,2064
2024-03-21T03:00:00.000Z,1.27953,1.27977,1.27941,1.27973,1944
2024-03-21T03:30:00.000Z,1.27974,1.27985,1.27951,1.27965,2973
2024-03-21T04:00:00.000Z,1.27965,1.27967,1.27937,1.27942,2548
2024-03-21T04:30:00.000Z,1.27942,1.27952,1.27892,1.27896,2133
2024-03-21T05:00:00.000Z,1.27897,1.27919,1.2789,1.27914,2048
2024-03-21T05:30:00.000Z,1.27914,1.27966,1.27883,1.27891,2579
2024-03-21T06:00:00.000Z,1.27894,1.27962,1.27891,1.27936,2712
2024-03-21T06:30:00.000Z,1.27936,1.27951,1.27913,1.27943,2424
2024-03-21T07:00:00.000Z,1.27943,1.28033,1.27914,1.27933,4258
2024-03-21T07:30:00.000Z,1.27932,1.27942,1.27832,1.27847,4899
2024-03-21T08:00:00.000Z,1.27848,1.27902,1.27764,1.27777,5813
2024-03-21T08:30:00.000Z,1.27776,1.27792,1.2762,1.27652,7869
2024-03-21T09:00:00.000Z,1.27654,1.27763,1.27624,1.27742,5381
2024-03-21T09:30:00.000Z,1.2774,1.27841,1.27702,1.27716,5513
2024-03-21T10:00:00.000Z,1.27715,1.27847,1.27712,1.27785,5022
2024-03-21T10:30:00.000Z,1.27788,1.27794,1.27652,1.27661,3989
2024-03-21T11:00:00.000Z,1.27661,1.2768,1.27535,1.27557,4006
2024-03-21T11:30:00.000Z,1.27559,1.27562,1.27437,1.27454,4253
2024-03-21T12:00:00.000Z,1.27457,1.2748,1.27254,1.27467,6286
2024-03-21T12:30:00.000Z,1.27454,1.27477,1.27291,1.27354,6643
2024-03-21T13:00:00.000Z,1.27353,1.27362,1.27151,1.27159,5187
2024-03-21T13:30:00.000Z,1.27159,1.27239,1.27065,1.2709,7372
2024-03-21T14:00:00.000Z,1.27092,1.27098,1.26943,1.26948,7795
2024-03-21T14:30:00.000Z,1.26948,1.27039,1.26899,1.27021,6459
2024-03-21T15:00:00.000Z,1.27022,1.27022,1.26611,1.26646,5901
2024-03-21T15:30:00.000Z,1.26646,1.26731,1.26582,1.26672,5656
2024-03-21T16:00:00.000Z,1.26672,1.26731,1.26641,1.26687,4741
2024-03-21T16:30:00.000Z,1.26686,1.26715,1.26624,1.26647,4819
2024-03-21T17:00:00.000Z,1.26646,1.26705,1.266,1.26616,4095
2024-03-21T17:30:00.000Z,1.26615,1.26633,1.26532,1.26556,3768
2024-03-21T18:00:00.000Z,1.26556,1.26615,1.26547,1.26608,2763
2024-03-21T18:30:00.000Z,1.26607,1.26632,1.26568,1.2658,3587
2024-03-21T19:00:00.000Z,1.26584,1.26586,1.26516,1.26536,2018
2024-03-21T19:30:00.000Z,1.26536,1.2656,1.26504,1.26509,2467
2024-03-21T20:00:00.000Z,1.26508,1.2654,1.26505,1.2653,1124
2024-03-21T20:30:00.000Z,1.26529,1.26578,1.26526,1.26573,1218
2024-03-21T21:00:00.000Z,1.26536,1.2658,1.26533,1.26552,167
2024-03-21T21:30:00.000Z,1.2655,1.2657,1.26543,1.26566,1715
2024-03-21T22:00:00.000Z,1.26561,1.26582,1.26551,1.26568,684
2024-03-21T22:30:00.000Z,1.26568,1.26583,1.26566,1.26574,362
2024-03-21T23:00:00.000Z,1.26573,1.266,1.26551,1.26594,604
2024-03-21T23:30:00.000Z,1.26593,1.26634,1.26593,1.26603,592
2024-03-22T00:00:00.000Z,1.26605,1.26698,1.266,1.26695,1559
2024-03-22T00:30:00.000Z,1.26696,1.26748,1.26695,1.26732,2220
2024-03-22T01:00:00.000Z,1.26731,1.26751,1.26671,1.26682,2403
2024-03-22T01:30:00.000Z,1.26683,1.26686,1.26508,1.26518,5091
2024-03-22T02:00:00.000Z,1.26519,1.26541,1.26441,1.26483,3403
2024-03-22T02:30:00.000Z,1.26484,1.26488,1.26384,1.26395,2966
2024-03-22T03:00:00.000Z,1.26396,1.26424,1.26343,1.26356,2463
2024-03-22T03:30:00.000Z,1.26356,1.26454,1.26354,1.26426,2664
2024-03-22T04:00:00.000Z,1.26427,1.26433,1.26398,1.26411,2760
2024-03-22T04:30:00.000Z,1.26412,1.26433,1.26402,1.26419,1540
2024-03-22T05:00:00.000Z,1.26418,1.26454,1.26417,1.2644,1765
2024-03-22T05:30:00.000Z,1.2644,1.26442,1.26342,1.26423,2722
2024-03-22T06:00:00.000Z,1.26421,1.26421,1.26341,1.2635,2854
2024-03-22T06:30:00.000Z,1.26351,1.26352,1.26234,1.26268,3302
2024-03-22T07:00:00.000Z,1.26263,1.263,1.26136,1.2614,4566
2024-03-22T07:30:00.000Z,1.26141,1.26145,1.25988,1.26067,4550
2024-03-22T08:00:00.000Z,1.26067,1.26086,1.25848,1.25885,5047
2024-03-22T08:30:00.000Z,1.25886,1.2599,1.25858,1.25974,3741
2024-03-22T09:00:00.000Z,1.25977,1.26024,1.25911,1.25912,3882
2024-03-22T09:30:00.000Z,1.25912,1.25913,1.2584,1.2587,3044
2024-03-22T10:00:00.000Z,1.25871,1.25875,1.2575,1.25818,3645
2024-03-22T10:30:00.000Z,1.25819,1.25867,1.25791,1.25833,3362
2024-03-22T11:00:00.000Z,1.25834,1.25887,1.25815,1.25843,3729
2024-03-22T11:30:00.000Z,1.25843,1.25856,1.2577,1.25834,2673
2024-03-22T12:00:00.000Z,1.25834,1.26102,1.25817,1.26084,5484
2024-03-22T12:30:00.000Z,1.26087,1.26208,1.26063,1.26196,4762
2024-03-22T13:00:00.000Z,1.26196,1.26209,1.26112,1.26122,5227
2024-03-22T13:30:00.000Z,1.26125,1.26226,1.26076,1.26207,6873
2024-03-22T14:00:00.000Z,1.26211,1.26239,1.26034,1.26055,5884
2024-03-22T14:30:00.000Z,1.26054,1.26082,1.26009,1.26061,4902
2024-03-22T15:00:00.000Z,1.26061,1.26073,1.2601,1.26056,4635
2024-03-22T15:30:00.000Z,1.26057,1.26057,1.25949,1.26008,4790
2024-03-22T16:00:00.000Z,1.26008,1.26062,1.25935,1.26007,4637
2024-03-22T16:30:00.000Z,1.26008,1.26026,1.25946,1.25947,3234
2024-03-22T17:00:00.000Z,1.25946,1.25992,1.25873,1.25931,2874
2024-03-22T17:30:00.000Z,1.25931,1.25963,1.25893,1.25919,2508
2024-03-22T18:00:00.000Z,1.25919,1.25954,1.25895,1.25946,2391
2024-03-22T18:30:00.000Z,1.25946,1.25954,1.25911,1.25914,1800
2024-03-22T19:00:00.000Z,1.25916,1.25929,1.25856,1.25886,1650
2024-03-22T19:30:00.000Z,1.25886,1.25945,1.25878,1.25943,2017
2024-03-22T20:00:00.000Z,1.25943,1.25986,1.25919,1.25981,1518
2024-03-22T20:30:00.000Z,1.25982,1.26003,1.2598,1.25991,1157
2024-03-24T21:00:00.000Z,1.25955,1.26002,1.25861,1.25955,565
2024-03-24T21:30:00.000Z,1.25977,1.25991,1.25897,1.25982,1448
2024-03-24T22:00:00.000Z,1.2598,1.2598,1.25921,1.25929,572
2024-03-24T22:30:00.000Z,1.25928,1.25975,1.25928,1.25971,516
2024-03-24T23:00:00.000Z,1.25972,1.25995,1.25953,1.25973,1501
2024-03-24T23:30:00.000Z,1.25975,1.25996,1.25967,1.25975,1236
2024-03-25T00:00:00.000Z,1.25976,1.26019,1.25918,1.25923,2966
2024-03-25T00:30:00.000Z,1.25922,1.25955,1.25922,1.25947,2882
2024-03-25T01:00:00.000Z,1.25948,1.26112,1.25947,1.26079,3588
2024-03-25T01:30:00.000Z,1.26079,1.2614,1.26055,1.26131,4463
2024-03-25T02:00:00.000Z,1.26132,1.26147,1.26105,1.26127,2107
2024-03-25T02:30:00.000Z,1.26128,1.26173,1.2612,1.26157,1700
2024-03-25T03:00:00.000Z,1.26157,1.26157,1.26092,1.26094,2043
2024-03-25T03:30:00.000Z,1.26094,1.26101,1.26043,1.2606,1803
2024-03-25T04:00:00.000Z,1.2606,1.2607,1.26043,1.26064,1409
2024-03-25T04:30:00.000Z,1.26064,1.26073,1.26041,1.26056,1337
2024-03-25T05:00:00.000Z,1.26057,1.26113,1.26056,1.26094,2304
2024-03-25T05:30:00.000Z,1.26096,1.26145,1.26073,1.26138,1703
2024-03-25T06:00:00.000Z,1.26138,1.26138,1.26083,1.26087,2207
2024-03-25T06:30:00.000Z,1.26088,1.26088,1.26052,1.26067,1283
2024-03-25T07:00:00.000Z,1.26067,1.26088,1.26012,1.26061,3100
2024-03-25T07:30:00.000Z,1.2606,1.261,1.25993,1.26023,3691
2024-03-25T08:00:00.000Z,1.26022,1.26169,1.25969,1.26126,3903
2024-03-25T08:30:00.000Z,1.26127,1.26135,1.25951,1.26083,3689
2024-03-25T09:00:00.000Z,1.26083,1.26122,1.25996,1.261,3010
2024-03-25T09:30:00.000Z,1.26101,1.26172,1.26076,1.26142,2968
2024-03-25T10:00:00.000Z,1.26143,1.26229,1.26132,1.26186,2796
2024-03-25T10:30:00.000Z,1.26186,1.26267,1.26165,1.26256,2685
2024-03-25T11:00:00.000Z,1.26256,1.26337,1.26231,1.26303,3104
2024-03-25T11:30:00.000Z,1.26304,1.264,1.26295,1.26366,2963
2024-03-25T12:00:00.000Z,1.26367,1.2645,1.26358,1.26373,3295
2024-03-25T12:30:00.000Z,1.26372,1.26468,1.26371,1.26383,3709
2024-03-25T13:00:00.000Z,1.26383,1.26474,1.26364,1.26371,3941
2024-03-25T13:30:00.000Z,1.26373,1.26492,1.2637,1.26452,4547
2024-03-25T14:00:00.000Z,1.2645,1.26523,1.26441,1.265,4157
2024-03-25T14:30:00.000Z,1.26501,1.26505,1.2641,1.26466,3680
2024-03-25T15:00:00.000Z,1.26467,1.26468,1.26365,1.26378,3532
2024-03-25T15:30:00.000Z,1.26378,1.26482,1.26373,1.26442,2889
2024-03-25T16:00:00.000Z,1.26441,1.26452,1.26353,1.26416,3013
2024-03-25T16:30:00.000Z,1.26418,1.26435,1.26384,1.26387,2527
2024-03-25T17:00:00.000Z,1.26388,1.26418,1.26351,1.26384,2622
2024-03-25T17:30:00.000Z,1.26383,1.2642,1.26377,1.26394,2128
2024-03-25T18:00:00.000Z,1.26394,1.26405,1.26362,1.26381,1957
2024-03-25T18:30:00.000Z,1.26384,1.26392,1.26362,1.26376,2448
2024-03-25T19:00:00.000Z,1.26377,1.26405,1.26352,1.26403,1802
2024-03-25T19:30:00.000Z,1.26404,1.26404,1.26372,1.26381,1382
2024-03-25T20:00:00.000Z,1.26381,1.26386,1.26367,1.26368,425
2024-03-25T20:30:00.000Z,1.26369,1.26383,1.26348,1.26361,893
2024-03-25T21:00:00.000Z,1.26369,1.26385,1.26329,1.26368,364
2024-03-25T21:30:00.000Z,1.2637,1.26381,1.2634,1.26357,3138
2024-03-25T22:00:00.000Z,1.26358,1.26384,1.26351,1.26379,733
2024-03-25T22:30:00.000Z,1.2638,1.26385,1.26363,1.26364,432
2024-03-25T23:00:00.000Z,1.26366,1.26385,1.26358,1.26363,558
2024-03-25T23:30:00.000Z,1.26363,1.26379,1.26358,1.2636,568
2024-03-26T00:00:00.000Z,1.2636,1.2638,1.26339,1.26362,1046
2024-03-26T00:30:00.000Z,1.26361,1.26431,1.2636,1.26421,1633
2024-03-26T01:00:00.000Z,1.26422,1.26474,1.26399,1.26427,2783
2024-03-26T01:30:00.000Z,1.26427,1.26434,1.26386,1.26421,2878
2024-03-26T02:00:00.000Z,1.26421,1.26463,1.26402,1.26461,1725
2024-03-26T02:30:00.000Z,1.26461,1.26466,1.26403,1.26414,2207
2024-03-26T03:00:00.000Z,1.26414,1.26446,1.26403,1.26403,1397
2024-03-26T03:30:00.000Z,1.26403,1.26409,1.26361,1.26373,1245
2024-03-26T04:00:00.000Z,1.26374,1.26408,1.2637,1.264,1690
2024-03-26T04:30:00.000Z,1.26401,1.2643,1.26386,1.26417,1446
2024-03-26T05:00:00.000Z,1.26418,1.26434,1.26402,1.26425,1849
2024-03-26T05:30:00.000Z,1.26426,1.26477,1.26408,1.26459,2247
2024-03-26T06:00:00.000Z,1.26459,1.26519,1.26449,1.26514,2031
2024-03-26T06:30:00.000Z,1.26514,1.26589,1.26514,1.26543,1943
2024-03-26T07:00:00.000Z,1.26543,1.26556,1.26492,1.26523,2146
2024-03-26T07:30:00.000Z,1.26522,1.26537,1.26483,1.26508,3072
2024-03-26T08:00:00.000Z,1.26508,1.26513,1.26432,1.26511,3737
2024-03-26T08:30:00.000Z,1.26512,1.26553,1.26465,1.26492,2970
2024-03-26T09:00:00.000Z,1.26494,1.26618,1.26398,1.26616,4173
2024-03-26T09:30:00.000Z,1.26616,1.26636,1.26533,1.26543,3644
2024-03-26T10:00:00.000Z,1.26542,1.26676,1.26534,1.26641,2814
2024-03-26T10:30:00.000Z,1.2664,1.26678,1.26566,1.26566,3450
2024-03-26T11:00:00.000Z,1.26565,1.26613,1.26552,1.26579,2743
2024-03-26T11:30:00.000Z,1.26578,1.26629,1.26515,1.26531,3232
2024-03-26T12:00:00.000Z,1.2653,1.26564,1.26414,1.26435,4150
2024-03-26T12:30:00.000Z,1.26435,1.26498,1.26379,1.26397,5664
2024-03-26T13:00:00.000Z,1.26398,1.26493,1.26361,1.26419,4479
2024-03-26T13:30:00.000Z,1.2642,1.26433,1.2635,1.26425,4755
2024-03-26T14:00:00.000Z,1.26426,1.26453,1.26256,1.26268,4991
2024-03-26T14:30:00.000Z,1.26267,1.26385,1.26238,1.26332,4793
2024-03-26T15:00:00.000Z,1.26332,1.26386,1.26271,1.26352,3901
2024-03-26T15:30:00.000Z,1.26353,1.26354,1.26233,1.26282,5450
2024-03-26T16:00:00.000Z,1.26282,1.2633,1.26218,1.26283,4077
2024-03-26T16:30:00.000Z,1.26284,1.26344,1.26265,1.26293,3491
2024-03-26T17:00:00.000Z,1.26293,1.26355,1.26272,1.26309,2995
2024-03-26T17:30:00.000Z,1.2631,1.26333,1.26269,1.26271,2434
2024-03-26T18:00:00.000Z,1.26271,1.26307,1.26253,1.26303,1788
2024-03-26T18:30:00.000Z,1.26304,1.2632,1.26262,1.26274,1759
2024-03-26T19:00:00.000Z,1.26274,1.26324,1.26269,1.2628,1622
2024-03-26T19:30:00.000Z,1.26281,1.26293,1.26234,1.26234,2070
2024-03-26T20:00:00.000Z,1.26234,1.26259,1.26228,1.26258,905
2024-03-26T20:30:00.000Z,1.26258,1.26282,1.26249,1.26275,1243
2024-03-26T21:00:00.000Z,1.26276,1.26289,1.26217,1.26282,675
2024-03-26T21:30:00.000Z,1.2628,1.26298,1.26268,1.26285,869
2024-03-26T22:00:00.000Z,1.26283,1.26305,1.26271,1.26287,947
2024-03-26T22:30:00.000Z,1.26287,1.26294,1.26275,1.26281,594
2024-03-26T23:00:00.000Z,1.2628,1.26292,1.26271,1.26275,900
2024-03-26T23:30:00.000Z,1.26276,1.26283,1.2626,1.26278,1081
2024-03-27T00:00:00.000Z,1.26279,1.26279,1.26204,1.26218,1491
2024-03-27T00:30:00.000Z,1.26217,1.26243,1.2618,1.26215,1655
2024-03-27T01:00:00.000Z,1.26214,1.26229,1.26161,1.26168,2292
2024-03-27T01:30:00.000Z,1.26166,1.26172,1.26117,1.26161,3612
2024-03-27T02:00:00.000Z,1.26162,1.26173,1.26121,1.26134,1929
2024-03-27T02:30:00.000Z,1.26133,1.26148,1.26112,1.26134,3477
2024-03-27T03:00:00.000Z,1.26135,1.26169,1.26113,1.2615,3340
2024-03-27T03:30:00.000Z,1.2615,1.26175,1.26089,1.26137,1998
2024-03-27T04:00:00.000Z,1.26136,1.26178,1.26136,1.26177,1206
2024-03-27T04:30:00.000Z,1.26177,1.26182,1.26164,1.26173,1003
2024-03-27T05:00:00.000Z,1.26173,1.26177,1.26135,1.26147,1252
2024-03-27T05:30:00.000Z,1.26148,1.26174,1.26127,1.26143,1494
2024-03-27T06:00:00.000Z,1.26143,1.26187,1.26132,1.2615,2473
2024-03-27T06:30:00.000Z,1.2615,1.26211,1.26142,1.26206,2315
2024-03-27T07:00:00.000Z,1.26206,1.26319,1.26161,1.26265,3635
2024-03-27T07:30:00.000Z,1.26266,1.26304,1.26249,1.26296,4413
2024-03-27T08:00:00.000Z,1.26299,1.26318,1.26198,1.262,3538
2024-03-27T08:30:00.000Z,1.262,1.26251,1.26164,1.26216,2936
2024-03-27T09:00:00.000Z,1.26215,1.26376,1.26191,1.2632,5214
2024-03-27T09:30:00.000Z,1.2632,1.26322,1.26206,1.26261,4529
2024-03-27T10:00:00.000Z,1.26264,1.26306,1.26243,1.26285,3451
2024-03-27T10:30:00.000Z,1.26287,1.26364,1.26278,1.26327,2734
2024-03-27T11:00:00.000Z,1.26328,1.26364,1.26293,1.26356,3822
2024-03-27T11:30:00.000Z,1.26359,1.26385,1.26108,1.26154,3446
2024-03-27T12:00:00.000Z,1.26153,1.26183,1.26077,1.2616,4287
2024-03-27T12:30:00.000Z,1.26161,1.26215,1.26147,1.26166,3613
2024-03-27T13:00:00.000Z,1.26167,1.26168,1.26083,1.26119,4063
2024-03-27T13:30:00.000Z,1.26118,1.26189,1.26054,1.26176,4830
2024-03-27T14:00:00.000Z,1.26177,1.26252,1.26136,1.26216,4346
2024-03-27T14:30:00.000Z,1.26217,1.26297,1.26217,1.26221,4348
2024-03-27T15:00:00.000Z,1.2622,1.26297,1.26203,1.26222,3672
2024-03-27T15:30:00.000Z,1.26223,1.26297,1.26205,1.26287,4385
2024-03-27T16:00:00.000Z,1.26287,1.26323,1.26229,1.26259,3986
2024-03-27T16:30:00.000Z,1.26259,1.26332,1.26245,1.26308,2857
2024-03-27T17:00:00.000Z,1.26308,1.26346,1.26243,1.2631,3255
2024-03-27T17:30:00.000Z,1.2631,1.26323,1.26258,1.26279,4010
2024-03-27T18:00:00.000Z,1.2628,1.2632,1.26268,1.26314,2513
2024-03-27T18:30:00.000Z,1.26314,1.26339,1.263,1.26324,2917
2024-03-27T19:00:00.000Z,1.26325,1.26347,1.26307,1.26332,1860
2024-03-27T19:30:00.000Z,1.26333,1.26378,1.26329,1.26372,2624
2024-03-27T20:00:00.000Z,1.26372,1.26408,1.26369,1.26397,746
2024-03-27T20:30:00.000Z,1.26398,1.26409,1.26394,1.26401,682
2024-03-27T21:00:00.000Z,1.2633,1.26372,1.26232,1.26368,286
2024-03-27T21:30:00.000Z,1.26365,1.26392,1.26356,1.26358,497
2024-03-27T22:00:00.000Z,1.26359,1.2636,1.26165,1.26201,1300
2024-03-27T22:30:00.000Z,1.26202,1.26219,1.26143,1.26169,915
2024-03-27T23:00:00.000Z,1.2617,1.26212,1.26144,1.26181,1249
2024-03-27T23:30:00.000Z,1.2618,1.26198,1.26162,1.26168,855
2024-03-28T00:00:00.000Z,1.26169,1.26202,1.2611,1.26186,1905
2024-03-28T00:30:00.000Z,1.26187,1.26266,1.2618,1.26258,2173
2024-03-28T01:00:00.000Z,1.26257,1.26268,1.26204,1.26257,2298
2024-03-28T01:30:00.000Z,1.26258,1.26271,1.26212,1.26253,3127
2024-03-28T02:00:00.000Z,1.26254,1.26335,1.26251,1.2633,2840
2024-03-28T02:30:00.000Z,1.2633,1.26346,1.26289,1.26296,1965
2024-03-28T03:00:00.000Z,1.26296,1.2633,1.26284,1.26326,1766
2024-03-28T03:30:00.000Z,1.26327,1.26341,1.26268,1.26274,1383
2024-03-28T04:00:00.000Z,1.26275,1.26319,1.26268,1.26305,1122
2024-03-28T04:30:00.000Z,1.26306,1.26316,1.26292,1.26309,1007
2024-03-28T05:00:00.000Z,1.26309,1.26359,1.26298,1.26351,1747
2024-03-28T05:30:00.000Z,1.2635,1.26372,1.26315,1.26317,1537
2024-03-28T06:00:00.000Z,1.26319,1.2632,1.26275,1.26288,1671
2024-03-28T06:30:00.000Z,1.26288,1.26291,1.26235,1.26285,1748
2024-03-28T07:00:00.000Z,1.26287,1.26288,1.26113,1.26129,3460
2024-03-28T07:30:00.000Z,1.2613,1.26189,1.26127,1.26163,3125
2024-03-28T08:00:00.000Z,1.26166,1.26167,1.26061,1.26082,3261
2024-03-28T08:30:00.000Z,1.26083,1.26101,1.26032,1.26063,2258
2024-03-28T09:00:00.000Z,1.26062,1.26072,1.25857,1.25901,3770
2024-03-28T09:30:00.000Z,1.259,1.25944,1.259,1.25927,2861
2024-03-28T10:00:00.000Z,1.25926,1.26113,1.2591,1.26102,3449
2024-03-28T10:30:00.000Z,1.26102,1.26214,1.26101,1.26145,3654
2024-03-28T11:00:00.000Z,1.26148,1.2626,1.26133,1.2623,2600
2024-03-28T11:30:00.000Z,1.2623,1.2625,1.26113,1.26119,2445
2024-03-28T12:00:00.000Z,1.26118,1.2623,1.2611,1.26213,3468
2024-03-28T12:30:00.000Z,1.26213,1.26426,1.26179,1.26405,6125
2024-03-28T13:00:00.000Z,1.26404,1.26516,1.26304,1.26338,5461
2024-03-28T13:30:00.000Z,1.26338,1.26485,1.26323,1.26448,5608
2024-03-28T14:00:00.000Z,1.26448,1.26544,1.26329,1.26362,6130
2024-03-28T14:30:00.000Z,1.26363,1.26436,1.26322,1.26354,5239
2024-03-28T15:00:00.000Z,1.26353,1.26389,1.26242,1.26368,4547
2024-03-28T15:30:00.000Z,1.26368,1.26379,1.26214,1.26313,5705
2024-03-28T16:00:00.000Z,1.26316,1.26422,1.26267,1.26409,5323
2024-03-28T16:30:00.000Z,1.26413,1.2645,1.26334,1.26344,4041
2024-03-28T17:00:00.000Z,1.26343,1.26372,1.26251,1.26274,3652
2024-03-28T17:30:00.000Z,1.26273,1.26284,1.26237,1.2625,3073
2024-03-28T18:00:00.000Z,1.26251,1.26286,1.26202,1.26212,2362
2024-03-28T18:30:00.000Z,1.26213,1.26229,1.26154,1.26218,2223
2024-03-28T19:00:00.000Z,1.26218,1.26235,1.26196,1.26225,2099
2024-03-28T19:30:00.000Z,1.26224,1.26236,1.26202,1.26207,2333
2024-03-28T20:00:00.000Z,1.26206,1.26216,1.26178,1.26211,879
2024-03-28T20:30:00.000Z,1.26212,1.26239,1.26208,1.26232,1114
2024-03-28T21:00:00.000Z,1.26235,1.26235,1.26173,1.26216,151
2024-03-28T21:30:00.000Z,1.26216,1.26228,1.26173,1.26197,632
2024-03-28T22:00:00.000Z,1.26197,1.26272,1.26185,1.2622,804
2024-03-28T22:30:00.000Z,1.26223,1.26236,1.2622,1.26223,319
2024-03-28T23:00:00.000Z,1.26223,1.26253,1.26215,1.2625,3857
2024-03-28T23:30:00.000Z,1.2625,1.2626,1.26198,1.26201,4698
2024-03-29T00:00:00.000Z,1.26209,1.26238,1.26198,1.26227,2333
2024-03-29T00:30:00.000Z,1.26229,1.26292,1.26194,1.26256,783
2024-03-29T01:00:00.000Z,1.26252,1.26308,1.26249,1.26275,755
2024-03-29T01:30:00.000Z,1.26276,1.26276,1.26239,1.26246,149
2024-03-29T02:00:00.000Z,1.26245,1.26245,1.26164,1.26187,1828
2024-03-29T02:30:00.000Z,1.26187,1.26214,1.26158,1.26191,1937
2024-03-29T03:00:00.000Z,1.26192,1.26239,1.26191,1.26232,1129
2024-03-29T03:30:00.000Z,1.26231,1.26242,1.26225,1.26226,428
2024-03-29T04:00:00.000Z,1.26225,1.26246,1.26224,1.2624,506
2024-03-29T04:30:00.000Z,1.26241,1.26243,1.26224,1.26231,626
2024-03-29T05:00:00.000Z,1.2623,1.26231,1.26163,1.26203,853
2024-03-29T05:30:00.000Z,1.26202,1.26206,1.26196,1.26199,429
2024-03-29T06:00:00.000Z,1.26198,1.26232,1.26184,1.26214,467
2024-03-29T06:30:00.000Z,1.26215,1.26225,1.26189,1.26191,1421
2024-03-29T07:00:00.000Z,1.2619,1.26236,1.2619,1.26229,625
2024-03-29T07:30:00.000Z,1.26228,1.26262,1.26179,1.26184,559
2024-03-29T08:00:00.000Z,1.26183,1.26235,1.26183,1.26219,243
2024-03-29T08:30:00.000Z,1.26218,1.26263,1.26215,1.2626,460
2024-03-29T09:00:00.000Z,1.26259,1.26268,1.26232,1.26238,249
2024-03-29T09:30:00.000Z,1.26237,1.26238,1.26137,1.26138,563
2024-03-29T10:00:00.000Z,1.2614,1.26188,1.2613,1.26178,1693
2024-03-29T10:30:00.000Z,1.26178,1.26194,1.26124,1.26142,725
2024-03-29T11:00:00.000Z,1.26141,1.26187,1.26101,1.26126,996
2024-03-29T11:30:00.000Z,1.26124,1.26154,1.26112,1.26142,865
2024-03-29T12:00:00.000Z,1.26143,1.26206,1.26126,1.26128,620
2024-03-29T12:30:00.000Z,1.26139,1.26362,1.261,1.26325,847
2024-03-29T13:00:00.000Z,1.26325,1.26427,1.26325,1.26413,1273
2024-03-29T13:30:00.000Z,1.2641,1.26453,1.26364,1.26446,575
2024-03-29T14:00:00.000Z,1.26445,1.26445,1.2635,1.26355,1609
2024-03-29T14:30:00.000Z,1.26355,1.26402,1.26323,1.26378,716
2024-03-29T15:00:00.000Z,1.26379,1.26383,1.26348,1.26373,327
2024-03-29T15:30:00.000Z,1.26371,1.26371,1.26316,1.26362,1357
2024-03-29T16:00:00.000Z,1.26362,1.26362,1.26293,1.26293,261
2024-03-29T16:30:00.000Z,1.26292,1.26301,1.26285,1.2629,116
2024-03-29T17:00:00.000Z,1.26289,1.26289,1.26183,1.26188,464
2024-03-29T17:30:00.000Z,1.26187,1.26205,1.26184,1.26201,313
2024-03-29T18:00:00.000Z,1.26197,1.26197,1.26167,1.26177,214
2024-03-29T18:30:00.000Z,1.26174,1.26182,1.26164,1.26173,490
2024-03-29T19:00:00.000Z,1.26172,1.26202,1.26165,1.26194,238
2024-03-29T19:30:00.000Z,1.26194,1.26216,1.26139,1.26152,544
2024-03-29T20:00:00.000Z,1.26152,1.26195,1.26126,1.26193,1188
2024-03-29T20:30:00.000Z,1.26193,1.26252,1.26152,1.26213,745
2024-03-31T21:00:00.000Z,1.26239,1.26262,1.26183,1.26229,36
2024-03-31T21:30:00.000Z,1.2621,1.26287,1.26193,1.26232,1001
2024-03-31T22:00:00.000Z,1.26232,1.26419,1.26218,1.26344,2172
2024-03-31T22:30:00.000Z,1.26344,1.26345,1.26252,1.26254,1263
2024-03-31T23:00:00.000Z,1.26253,1.26325,1.26245,1.26321,1932
2024-03-31T23:30:00.000Z,1.26321,1.26386,1.26321,1.26375,2553
2024-04-01T00:00:00.000Z,1.26375,1.26414,1.2635,1.26408,3433
2024-04-01T00:30:00.000Z,1.26408,1.2642,1.26338,1.26349,2674
2024-04-01T01:00:00.000Z,1.26349,1.26389,1.26329,1.26336,3571
2024-04-01T01:30:00.000Z,1.26336,1.26352,1.26263,1.26274,1745
2024-04-01T02:00:00.000Z,1.26273,1.26301,1.26257,1.26298,1741
2024-04-01T02:30:00.000Z,1.26297,1.26322,1.26281,1.26301,1734
2024-04-01T03:00:00.000Z,1.26302,1.26312,1.26256,1.26282,1472
2024-04-01T03:30:00.000Z,1.26281,1.26348,1.26281,1.26342,2098
2024-04-01T04:00:00.000Z,1.26343,1.26354,1.26295,1.26302,2034
2024-04-01T04:30:00.000Z,1.26301,1.26312,1.26273,1.26295,1456
2024-04-01T05:00:00.000Z,1.26295,1.26303,1.26262,1.26268,1198
2024-04-01T05:30:00.000Z,1.26267,1.26294,1.2623,1.26279,1480
2024-04-01T06:00:00.000Z,1.26279,1.26283,1.26242,1.26269,2054
2024-04-01T06:30:00.000Z,1.26269,1.2629,1.26224,1.26266,2152
2024-04-01T07:00:00.000Z,1.26274,1.26317,1.26237,1.26265,2235
2024-04-01T07:30:00.000Z,1.26264,1.26279,1.26173,1.26205,1963
2024-04-01T08:00:00.000Z,1.26205,1.26263,1.26164,1.26249,2129
2024-04-01T08:30:00.000Z,1.26252,1.26278,1.26189,1.26222,2454
2024-04-01T09:00:00.000Z,1.26221,1.26242,1.26188,1.26194,1902
2024-04-01T09:30:00.000Z,1.26193,1.26239,1.26193,1.26199,1918
2024-04-01T10:00:00.000Z,1.26199,1.26205,1.26089,1.26109,2184
2024-04-01T10:30:00.000Z,1.26109,1.26124,1.26091,1.26117,1724
2024-04-01T11:00:00.000Z,1.26117,1.26154,1.26088,1.26135,1917
2024-04-01T11:30:00.000Z,1.26135,1.2617,1.26123,1.26142,1978
2024-04-01T12:00:00.000Z,1.26142,1.26164,1.26027,1.2606,2925
2024-04-01T12:30:00.000Z,1.2606,1.26127,1.26035,1.26121,3177
2024-04-01T13:00:00.000Z,1.26121,1.26134,1.26053,1.26058,3142
2024-04-01T13:30:00.000Z,1.26059,1.26078,1.25959,1.26014,4110
2024-04-01T14:00:00.000Z,1.26013,1.26013,1.25698,1.257,6646
2024-04-01T14:30:00.000Z,1.25701,1.25746,1.25585,1.25623,5348
2024-04-01T15:00:00.000Z,1.25625,1.25638,1.25502,1.25515,4410
2024-04-01T15:30:00.000Z,1.25517,1.25519,1.25393,1.25421,2836
2024-04-01T16:00:00.000Z,1.25423,1.25476,1.25409,1.25471,2969
2024-04-01T16:30:00.000Z,1.2547,1.2547,1.25428,1.25452,3381
2024-04-01T17:00:00.000Z,1.25455,1.25487,1.25452,1.25479,2993
2024-04-01T17:30:00.000Z,1.25479,1.25499,1.25461,1.2549,2136
2024-04-01T18:00:00.000Z,1.25489,1.25494,1.25463,1.25463,2648
2024-04-01T18:30:00.000Z,1.25464,1.25474,1.2542,1.25424,2937
2024-04-01T19:00:00.000Z,1.25424,1.25479,1.25423,1.25454,1783
2024-04-01T19:30:00.000Z,1.25455,1.25477,1.25444,1.25474,2454
2024-04-01T20:00:00.000Z,1.25475,1.25494,1.25459,1.2548,916
2024-04-01T20:30:00.000Z,1.25481,1.25511,1.25479,1.25507,885
2024-04-01T21:00:00.000Z,1.25491,1.2559,1.25419,1.25491,530
2024-04-01T21:30:00.000Z,1.25491,1.25524,1.25476,1.25522,431
2024-04-01T22:00:00.000Z,1.25525,1.25537,1.25493,1.25518,620
2024-04-01T22:30:00.000Z,1.25518,1.25521,1.25481,1.25483,502
2024-04-01T23:00:00.000Z,1.25482,1.25492,1.25427,1.25488,1036
2024-04-01T23:30:00.000Z,1.25487,1.25491,1.25448,1.25459,1264
2024-04-02T00:00:00.000Z,1.25459,1.25474,1.25413,1.25434,2959
2024-04-02T00:30:00.000Z,1.25436,1.25486,1.25424,1.25469,2448
2024-04-02T01:00:00.000Z,1.25469,1.25493,1.25409,1.25479,2906
2024-04-02T01:30:00.000Z,1.25479,1.25483,1.25438,1.25454,2514
2024-04-02T02:00:00.000Z,1.25453,1.25456,1.25407,1.25431,1429
2024-04-02T02:30:00.000Z,1.25432,1.25469,1.25426,1.25467,1429
2024-04-02T03:00:00.000Z,1.25469,1.25478,1.2541,1.25414,1490
2024-04-02T03:30:00.000Z,1.25415,1.25437,1.25411,1.25414,1439
2024-04-02T04:00:00.000Z,1.25415,1.2543,1.25406,1.2543,1019
2024-04-02T04:30:00.000Z,1.2543,1.25456,1.25429,1.25444,1017
2024-04-02T05:00:00.000Z,1.25444,1.25482,1.25438,1.2546,1737
2024-04-02T05:30:00.000Z,1.25459,1.25478,1.25408,1.25417,1641
2024-04-02T06:00:00.000Z,1.25418,1.25466,1.25394,1.25459,2810
2024-04-02T06:30:00.000Z,1.25457,1.25492,1.25428,1.2549,3405
2024-04-02T07:00:00.000Z,1.25491,1.25568,1.25475,1.25521,3828
2024-04-02T07:30:00.000Z,1.25523,1.25551,1.25483,1.25539,3557
2024-04-02T08:00:00.000Z,1.25539,1.25602,1.25482,1.25571,4291
2024-04-02T08:30:00.000Z,1.2557,1.25646,1.2557,1.25619,2835
2024-04-02T09:00:00.000Z,1.25619,1.25739,1.25612,1.25695,2803
2024-04-02T09:30:00.000Z,1.25694,1.25701,1.2564,1.2569,2931
2024-04-02T10:00:00.000Z,1.2569,1.25694,1.25636,1.25658,3138
2024-04-02T10:30:00.000Z,1.25657,1.25682,1.25592,1.25672,2976
2024-04-02T11:00:00.000Z,1.25672,1.25692,1.2561,1.25646,2636
2024-04-02T11:30:00.000Z,1.25647,1.25759,1.25641,1.25733,3514
2024-04-02T12:00:00.000Z,1.25734,1.25765,1.25633,1.25646,3543
2024-04-02T12:30:00.000Z,1.25647,1.25669,1.25545,1.25566,5090
2024-04-02T13:00:00.000Z,1.25564,1.2561,1.25522,1.25603,5366
2024-04-02T13:30:00.000Z,1.25604,1.2563,1.25553,1.25592,5342
2024-04-02T14:00:00.000Z,1.25601,1.25762,1.25531,1.25735,7278
2024-04-02T14:30:00.000Z,1.25735,1.25735,1.25558,1.25663,6447
2024-04-02T15:00:00.000Z,1.25662,1.25776,1.25642,1.25719,5478
2024-04-02T15:30:00.000Z,1.25719,1.25765,1.25708,1.25736,3731
2024-04-02T16:00:00.000Z,1.25737,1.25769,1.25696,1.25721,3146
2024-04-02T16:30:00.000Z,1.2572,1.25768,1.25702,1.25714,2721
2024-04-02T17:00:00.000Z,1.25715,1.25737,1.25662,1.25683,2652
2024-04-02T17:30:00.000Z,1.25683,1.25742,1.25673,1.25741,2894
2024-04-02T18:00:00.000Z,1.25741,1.25749,1.2569,1.25695,1435
2024-04-02T18:30:00.000Z,1.25696,1.25704,1.2567,1.25688,1618
2024-04-02T19:00:00.000Z,1.2569,1.25729,1.25679,1.25679,1138
2024-04-02T19:30:00.000Z,1.2568,1.25773,1.25668,1.25765,2258
2024-04-02T20:00:00.000Z,1.25766,1.25771,1.25745,1.25764,541
2024-04-02T20:30:00.000Z,1.25764,1.25784,1.25758,1.25772,776
2024-04-02T21:00:00.000Z,1.25739,1.25769,1.25696,1.25753,145
2024-04-02T21:30:00.000Z,1.25753,1.25787,1.25744,1.25785,178
2024-04-02T22:00:00.000Z,1.25788,1.25811,1.25764,1.25766,656
2024-04-02T22:30:00.000Z,1.25769,1.2579,1.25743,1.2575,649
2024-04-02T23:00:00.000Z,1.2575,1.25752,1.25729,1.25748,768
2024-04-02T23:30:00.000Z,1.25749,1.25765,1.2574,1.25759,1349
2024-04-03T00:00:00.000Z,1.2576,1.2577,1.25701,1.25713,2461
2024-04-03T00:30:00.000Z,1.25713,1.25748,1.25706,1.25726,1796
2024-04-03T01:00:00.000Z,1.25726,1.2573,1.25678,1.25688,2941
2024-04-03T01:30:00.000Z,1.25689,1.2575,1.25671,1.25732,1980
2024-04-03T02:00:00.000Z,1.25732,1.25769,1.25722,1.25728,2619
2024-04-03T02:30:00.000Z,1.25727,1.25737,1.25709,1.25729,1528
2024-04-03T03:00:00.000Z,1.25729,1.25792,1.25729,1.25777,2405
2024-04-03T03:30:00.000Z,1.25777,1.25806,1.25762,1.25791,1467
2024-04-03T04:00:00.000Z,1.25791,1.25828,1.25783,1.25807,1746
2024-04-03T04:30:00.000Z,1.25807,1.2581,1.25784,1.25785,970
2024-04-03T05:00:00.000Z,1.25786,1.25814,1.25769,1.25796,1362
2024-04-03T05:30:00.000Z,1.25795,1.25806,1.25761,1.25777,1569
2024-04-03T06:00:00.000Z,1.25778,1.25789,1.257,1.2571,2738
2024-04-03T06:30:00.000Z,1.2571,1.25776,1.25705,1.25743,3498
2024-04-03T07:00:00.000Z,1.25742,1.25752,1.25643,1.25666,4478
2024-04-03T07:30:00.000Z,1.25667,1.25703,1.25625,1.25657,3911
2024-04-03T08:00:00.000Z,1.25657,1.25751,1.25644,1.25749,2824
2024-04-03T08:30:00.000Z,1.25749,1.25824,1.25737,1.25771,3239
2024-04-03T09:00:00.000Z,1.25771,1.2583,1.25758,1.258,2830
2024-04-03T09:30:00.000Z,1.25799,1.25883,1.25724,1.25726,3035
2024-04-03T10:00:00.000Z,1.25726,1.25726,1.25673,1.25687,3308
2024-04-03T10:30:00.000Z,1.25686,1.258,1.25684,1.2577,2672
2024-04-03T11:00:00.000Z,1.25769,1.25838,1.25756,1.25816,3469
2024-04-03T11:30:00.000Z,1.25816,1.25821,1.25741,1.25776,2957
2024-04-03T12:00:00.000Z,1.25776,1.25833,1.25715,1.25757,4623
2024-04-03T12:30:00.000Z,1.25759,1.25789,1.25677,1.25726,5177
2024-04-03T13:00:00.000Z,1.25728,1.25793,1.25673,1.25737,5499
2024-04-03T13:30:00.000Z,1.25737,1.25787,1.25712,1.25733,5704
2024-04-03T14:00:00.000Z,1.25731,1.26101,1.25726,1.26066,8979
2024-04-03T14:30:00.000Z,1.26066,1.26248,1.26029,1.26189,6349
2024-04-03T15:00:00.000Z,1.2619,1.26337,1.26158,1.26312,5417
2024-04-03T15:30:00.000Z,1.26313,1.26355,1.26292,1.26328,4620
2024-04-03T16:00:00.000Z,1.26329,1.26458,1.26253,1.26452,4863
2024-04-03T16:30:00.000Z,1.26452,1.26509,1.26411,1.26457,4947
2024-04-03T17:00:00.000Z,1.26458,1.26508,1.264,1.265,3840
2024-04-03T17:30:00.000Z,1.26501,1.26513,1.26445,1.26474,3250
2024-04-03T18:00:00.000Z,1.26474,1.26558,1.26466,1.26524,2002
2024-04-03T18:30:00.000Z,1.26524,1.26547,1.26508,1.26533,2217
2024-04-03T19:00:00.000Z,1.26534,1.26545,1.26457,1.26461,2254
2024-04-03T19:30:00.000Z,1.26462,1.26498,1.26452,1.26489,2660
2024-04-03T20:00:00.000Z,1.26491,1.26505,1.2648,1.26501,648
2024-04-03T20:30:00.000Z,1.26501,1.2653,1.2649,1.26517,742
2024-04-03T21:00:00.000Z,1.26453,1.26534,1.26436,1.26501,269
2024-04-03T21:30:00.000Z,1.26505,1.26513,1.2648,1.26498,521
2024-04-03T22:00:00.000Z,1.26493,1.26541,1.26492,1.26522,607
2024-04-03T22:30:00.000Z,1.26522,1.26531,1.26502,1.26531,466
2024-04-03T23:00:00.000Z,1.2653,1.26545,1.26519,1.26534,845
2024-04-03T23:30:00.000Z,1.26533,1.26563,1.2651,1.26512,1310
2024-04-04T00:00:00.000Z,1.26513,1.26535,1.26485,1.2649,2299
2024-04-04T00:30:00.000Z,1.26488,1.26547,1.26445,1.26525,2229
2024-04-04T01:00:00.000Z,1.26525,1.26531,1.26501,1.26506,2742
2024-04-04T01:30:00.000Z,1.26506,1.26515,1.26488,1.26491,1295
2024-04-04T02:00:00.000Z,1.26492,1.26494,1.26466,1.26494,1789
2024-04-04T02:30:00.000Z,1.26494,1.26526,1.26489,1.26501,1598
2024-04-04T03:00:00.000Z,1.26502,1.26514,1.26487,1.26509,1049
2024-04-04T03:30:00.000Z,1.26508,1.2654,1.26488,1.26524,961
2024-04-04T04:00:00.000Z,1.26526,1.26553,1.26522,1.26542,1218
2024-04-04T04:30:00.000Z,1.26541,1.2655,1.26523,1.26523,951
2024-04-04T05:00:00.000Z,1.26524,1.26584,1.26523,1.26574,1059
2024-04-04T05:30:00.000Z,1.26574,1.26598,1.26507,1.2652,1401
2024-04-04T06:00:00.000Z,1.26519,1.26582,1.26513,1.26542,3162
2024-04-04T06:30:00.000Z,1.26542,1.26612,1.26513,1.26533,3121
2024-04-04T07:00:00.000Z,1.26534,1.26644,1.26512,1.26629,4117
2024-04-04T07:30:00.000Z,1.26631,1.26694,1.26594,1.26626,3902
2024-04-04T08:00:00.000Z,1.26624,1.26653,1.26553,1.26619,3458
2024-04-04T08:30:00.000Z,1.26618,1.2664,1.26572,1.26633,3553
2024-04-04T09:00:00.000Z,1.26632,1.26632,1.26562,1.26585,2908
2024-04-04T09:30:00.000Z,1.26585,1.2669,1.26561,1.26646,2804
2024-04-04T10:00:00.000Z,1.26646,1.26648,1.2658,1.26594,2679
2024-04-04T10:30:00.000Z,1.26593,1.26653,1.26577,1.2661,2346
2024-04-04T11:00:00.000Z,1.26611,1.26626,1.26571,1.26594,2491
2024-04-04T11:30:00.000Z,1.26593,1.26595,1.26478,1.26508,3149
2024-04-04T12:00:00.000Z,1.26509,1.26557,1.26481,1.26532,3422
2024-04-04T12:30:00.000Z,1.26529,1.26695,1.2652,1.26685,5150
2024-04-04T13:00:00.000Z,1.26685,1.26788,1.26615,1.26743,4595
2024-04-04T13:30:00.000Z,1.26744,1.26834,1.26714,1.26721,5061
2024-04-04T14:00:00.000Z,1.26721,1.2682,1.26698,1.26747,4622
2024-04-04T14:30:00.000Z,1.26747,1.26784,1.26659,1.26682,4714
2024-04-04T15:00:00.000Z,1.26681,1.26705,1.26622,1.2666,4844
2024-04-04T15:30:00.000Z,1.2666,1.26698,1.26644,1.26662,2480
2024-04-04T16:00:00.000Z,1.26663,1.26731,1.26655,1.26718,1895
2024-04-04T16:30:00.000Z,1.26719,1.26721,1.26656,1.26657,2431
2024-04-04T17:00:00.000Z,1.26656,1.26701,1.26639,1.26675,1866
2024-04-04T17:30:00.000Z,1.26674,1.2668,1.26636,1.26642,1962
2024-04-04T18:00:00.000Z,1.26644,1.26644,1.26541,1.26545,4570
2024-04-04T18:30:00.000Z,1.26545,1.26545,1.26449,1.26506,5827
2024-04-04T19:00:00.000Z,1.26507,1.26518,1.2641,1.26414,5741
2024-04-04T19:30:00.000Z,1.26413,1.26428,1.26352,1.26379,5760
2024-04-04T20:00:00.000Z,1.26381,1.26406,1.26354,1.26397,1688
2024-04-04T20:30:00.000Z,1.26398,1.26443,1.2639,1.26423,648
2024-04-04T21:00:00.000Z,1.26372,1.26426,1.26324,1.2639,317
2024-04-04T21:30:00.000Z,1.2639,1.26417,1.26347,1.26401,656
2024-04-04T22:00:00.000Z,1.26402,1.26449,1.26402,1.26435,851
2024-04-04T22:30:00.000Z,1.26435,1.26438,1.26395,1.26403,778
2024-04-04T23:00:00.000Z,1.26401,1.2643,1.26387,1.26424,1340
2024-04-04T23:30:00.000Z,1.26422,1.2645,1.26388,1.2639,1311
2024-04-05T00:00:00.000Z,1.2639,1.26478,1.26361,1.26396,3132
2024-04-05T00:30:00.000Z,1.26396,1.26484,1.26387,1.2647,3287
2024-04-05T01:00:00.000Z,1.2647,1.26474,1.2638,1.26381,3332
2024-04-05T01:30:00.000Z,1.26381,1.26389,1.26252,1.26269,3463
2024-04-05T02:00:00.000Z,1.26268,1.26281,1.26226,1.26245,2612
2024-04-05T02:30:00.000Z,1.26245,1.26246,1.26213,1.26242,2691
2024-04-05T03:00:00.000Z,1.26244,1.26259,1.26228,1.26246,2261
2024-04-05T03:30:00.000Z,1.26246,1.26263,1.2623,1.26257,2057
2024-04-05T04:00:00.000Z,1.26257,1.26265,1.26239,1.26255,1526
2024-04-05T04:30:00.000Z,1.26255,1.26265,1.26242,1.26255,1220
2024-04-05T05:00:00.000Z,1.26254,1.26284,1.26244,1.26246,1302
2024-04-05T05:30:00.000Z,1.26245,1.26255,1.26203,1.26246,2334
2024-04-05T06:00:00.000Z,1.26245,1.26272,1.2616,1.26197,3579
2024-04-05T06:30:00.000Z,1.26197,1.26231,1.26141,1.26215,2827
2024-04-05T07:00:00.000Z,1.26214,1.26315,1.26194,1.26244,4224
2024-04-05T07:30:00.000Z,1.26244,1.26296,1.2619,1.2627,3482
2024-04-05T08:00:00.000Z,1.26265,1.26312,1.26215,1.26312,3198
2024-04-05T08:30:00.000Z,1.26313,1.26405,1.26312,1.26369,3094
2024-04-05T09:00:00.000Z,1.26368,1.26407,1.26333,1.26377,3476
2024-04-05T09:30:00.000Z,1.26377,1.26386,1.26332,1.26341,3397
2024-04-05T10:00:00.000Z,1.26342,1.26367,1.26319,1.26343,2468
2024-04-05T10:30:00.000Z,1.26343,1.26371,1.26295,1.26336,2506
2024-04-05T11:00:00.000Z,1.26335,1.26344,1.26278,1.26296,2912
2024-04-05T11:30:00.000Z,1.26297,1.26363,1.26284,1.26322,2596
2024-04-05T12:00:00.000Z,1.26322,1.26449,1.2632,1.26409,3477
2024-04-05T12:30:00.000Z,1.2638,1.26395,1.25826,1.25946,9975
2024-04-05T13:00:00.000Z,1.25951,1.2599,1.25744,1.25893,7247
2024-04-05T13:30:00.000Z,1.25893,1.26,1.25831,1.25951,7876
2024-04-05T14:00:00.000Z,1.25951,1.26134,1.25863,1.26117,7302
2024-04-05T14:30:00.000Z,1.26116,1.26209,1.2609,1.26147,8086
2024-04-05T15:00:00.000Z,1.26147,1.26224,1.26093,1.26221,6077
2024-04-05T15:30:00.000Z,1.26222,1.26341,1.26167,1.26303,5003
2024-04-05T16:00:00.000Z,1.26304,1.26343,1.26291,1.26303,3833
2024-04-05T16:30:00.000Z,1.26308,1.26356,1.26262,1.26348,3227
2024-04-05T17:00:00.000Z,1.26347,1.26374,1.26313,1.26373,3622
2024-04-05T17:30:00.000Z,1.26373,1.26384,1.26322,1.26349,2634
2024-04-05T18:00:00.000Z,1.2635,1.26407,1.26319,1.26356,3904
2024-04-05T18:30:00.000Z,1.2636,1.26393,1.26327,1.26344,3685
2024-04-05T19:00:00.000Z,1.26344,1.26385,1.26315,1.26376,2314
2024-04-05T19:30:00.000Z,1.26375,1.26386,1.26329,1.26345,1967
2024-04-05T20:00:00.000Z,1.26345,1.26359,1.26327,1.26358,1190
2024-04-05T20:30:00.000Z,1.26358,1.2638,1.26353,1.26373,587
2024-04-07T21:00:00.000Z,1.26224,1.26315,1.26168,1.26304,143
2024-04-07T21:30:00.000Z,1.26312,1.26314,1.26164,1.26275,397
2024-04-07T22:00:00.000Z,1.26301,1.26342,1.26236,1.26248,854
2024-04-07T22:30:00.000Z,1.26248,1.26255,1.26207,1.26217,534
2024-04-07T23:00:00.000Z,1.26217,1.2627,1.26209,1.26243,902
2024-04-07T23:30:00.000Z,1.26244,1.26273,1.26218,1.26238,900
2024-04-08T00:00:00.000Z,1.26237,1.26239,1.26146,1.26162,2644
2024-04-08T00:30:00.000Z,1.26161,1.26178,1.26147,1.26164,2512
2024-04-08T01:00:00.000Z,1.26164,1.26205,1.26159,1.26184,4469
2024-04-08T01:30:00.000Z,1.26185,1.26288,1.26185,1.26275,3129
2024-04-08T02:00:00.000Z,1.26277,1.26334,1.26264,1.26324,2394
2024-04-08T02:30:00.000Z,1.26324,1.26395,1.26324,1.26375,2819
2024-04-08T03:00:00.000Z,1.26375,1.26394,1.26305,1.26308,2712
2024-04-08T03:30:00.000Z,1.26308,1.26314,1.26283,1.26304,2065
2024-04-08T04:00:00.000Z,1.26305,1.26325,1.26283,1.26291,1910
2024-04-08T04:30:00.000Z,1.26292,1.26304,1.26278,1.26292,1823
2024-04-08T05:00:00.000Z,1.26293,1.26342,1.26293,1.26331,1425
2024-04-08T05:30:00.000Z,1.26331,1.26334,1.2628,1.263,2643
2024-04-08T06:00:00.000Z,1.26301,1.26341,1.26244,1.26268,3731
2024-04-08T06:30:00.000Z,1.26268,1.26346,1.26263,1.26317,3213
2024-04-08T07:00:00.000Z,1.26318,1.26318,1.26209,1.26271,4650
2024-04-08T07:30:00.000Z,1.26272,1.26318,1.26243,1.26271,3945
2024-04-08T08:00:00.000Z,1.2627,1.26323,1.26217,1.26221,3911
2024-04-08T08:30:00.000Z,1.26221,1.26262,1.26184,1.26217,3449
2024-04-08T09:00:00.000Z,1.26216,1.26277,1.26155,1.26273,3045
2024-04-08T09:30:00.000Z,1.26273,1.26286,1.2622,1.26263,2866
2024-04-08T10:00:00.000Z,1.26263,1.26346,1.26231,1.26332,2379
2024-04-08T10:30:00.000Z,1.26332,1.26362,1.26293,1.26334,2975
2024-04-08T11:00:00.000Z,1.26335,1.26337,1.26225,1.26243,2577
2024-04-08T11:30:00.000Z,1.26243,1.26247,1.2618,1.26189,2979
2024-04-08T12:00:00.000Z,1.2619,1.26213,1.26133,1.26199,4093
2024-04-08T12:30:00.000Z,1.26198,1.26285,1.26168,1.26261,4451
2024-04-08T13:00:00.000Z,1.26262,1.26382,1.26262,1.26369,4327
2024-04-08T13:30:00.000Z,1.2637,1.26498,1.2637,1.26459,6125
2024-04-08T14:00:00.000Z,1.26459,1.26469,1.26352,1.26451,6136
2024-04-08T14:30:00.000Z,1.2645,1.26516,1.2642,1.26464,5182
2024-04-08T15:00:00.000Z,1.26465,1.26507,1.26423,1.26499,4481
2024-04-08T15:30:00.000Z,1.265,1.2656,1.26493,1.26531,3851
2024-04-08T16:00:00.000Z,1.26532,1.26532,1.26432,1.26453,2842
2024-04-08T16:30:00.000Z,1.26453,1.26491,1.26434,1.26482,2519
2024-04-08T17:00:00.000Z,1.26484,1.26609,1.2647,1.26608,2563
2024-04-08T17:30:00.000Z,1.26609,1.26631,1.26576,1.26592,2948
2024-04-08T18:00:00.000Z,1.26592,1.26639,1.2659,1.26613,2087
2024-04-08T18:30:00.000Z,1.26614,1.2662,1.26552,1.26573,2644
2024-04-08T19:00:00.000Z,1.26573,1.26594,1.26542,1.26588,1890
2024-04-08T19:30:00.000Z,1.26588,1.26588,1.26537,1.26547,2004
2024-04-08T20:00:00.000Z,1.26547,1.26562,1.26542,1.26549,756
2024-04-08T20:30:00.000Z,1.26549,1.2655,1.26529,1.26546,801
2024-04-08T21:00:00.000Z,1.26391,1.26534,1.26391,1.26522,430
2024-04-08T21:30:00.000Z,1.26523,1.26549,1.26508,1.26518,579
2024-04-08T22:00:00.000Z,1.26513,1.2657,1.26513,1.26552,554
2024-04-08T22:30:00.000Z,1.26558,1.26565,1.26551,1.26564,279
2024-04-08T23:00:00.000Z,1.26563,1.26576,1.2656,1.26574,704
2024-04-08T23:30:00.000Z,1.26574,1.26597,1.26568,1.26573,942
2024-04-09T00:00:00.000Z,1.26572,1.2659,1.2654,1.26547,1608
2024-04-09T00:30:00.000Z,1.26548,1.26582,1.26529,1.26537,1286
2024-04-09T01:00:00.000Z,1.26538,1.26563,1.26523,1.26547,2517
2024-04-09T01:30:00.000Z,1.26547,1.26593,1.26541,1.26543,4570
2024-04-09T02:00:00.000Z,1.26542,1.26614,1.2653,1.26587,1891
2024-04-09T02:30:00.000Z,1.26587,1.26587,1.2654,1.26557,2200
2024-04-09T03:00:00.000Z,1.26556,1.26574,1.2654,1.26546,1923
2024-04-09T03:30:00.000Z,1.26546,1.26555,1.26525,1.26546,771
2024-04-09T04:00:00.000Z,1.26548,1.26569,1.2654,1.2656,1359
2024-04-09T04:30:00.000Z,1.26562,1.26584,1.26562,1.26566,1500
2024-04-09T05:00:00.000Z,1.26565,1.26597,1.26561,1.26575,1592
2024-04-09T05:30:00.000Z,1.26576,1.26584,1.26555,1.26571,1618
2024-04-09T06:00:00.000Z,1.26574,1.26642,1.26555,1.26563,2425
2024-04-09T06:30:00.000Z,1.26564,1.26585,1.26524,1.26541,2568
2024-04-09T07:00:00.000Z,1.26541,1.26571,1.26499,1.26511,3608
2024-04-09T07:30:00.000Z,1.26511,1.26563,1.26487,1.26535,3230
2024-04-09T08:00:00.000Z,1.2654,1.26559,1.26501,1.26503,2785
2024-04-09T08:30:00.000Z,1.26503,1.26626,1.26493,1.26604,2619
2024-04-09T09:00:00.000Z,1.26605,1.26686,1.26569,1.26685,2801
2024-04-09T09:30:00.000Z,1.26685,1.26812,1.26646,1.26798,3632
2024-04-09T10:00:00.000Z,1.26799,1.26905,1.26796,1.2685,2727
2024-04-09T10:30:00.000Z,1.2685,1.26881,1.26822,1.26857,2881
2024-04-09T11:00:00.000Z,1.26858,1.26893,1.26837,1.26863,3126
2024-04-09T11:30:00.000Z,1.26862,1.26865,1.26757,1.268,2824
2024-04-09T12:00:00.000Z,1.26802,1.2687,1.2678,1.26843,4250
2024-04-09T12:30:00.000Z,1.26843,1.27034,1.26833,1.26967,4883
2024-04-09T13:00:00.000Z,1.26967,1.27054,1.26925,1.27054,5048
2024-04-09T13:30:00.000Z,1.27055,1.27093,1.2694,1.26971,6134
2024-04-09T14:00:00.000Z,1.26971,1.27028,1.26917,1.26926,4772
2024-04-09T14:30:00.000Z,1.26925,1.26959,1.26732,1.26744,7689
2024-04-09T15:00:00.000Z,1.26743,1.2675,1.26666,1.2669,5456
2024-04-09T15:30:00.000Z,1.2669,1.26786,1.26684,1.26723,5331
2024-04-09T16:00:00.000Z,1.26722,1.26741,1.26708,1.26712,3449
2024-04-09T16:30:00.000Z,1.26713,1.26738,1.26685,1.26697,2462
2024-04-09T17:00:00.000Z,1.26696,1.26704,1.26636,1.26672,4385
2024-04-09T17:30:00.000Z,1.26672,1.26707,1.2666,1.26667,2362
2024-04-09T18:00:00.000Z,1.26667,1.26705,1.26638,1.26696,2311
2024-04-09T18:30:00.000Z,1.26695,1.26715,1.26674,1.26704,1954
2024-04-09T19:00:00.000Z,1.26705,1.2672,1.2663,1.26718,2982
2024-04-09T19:30:00.000Z,1.26719,1.26753,1.26708,1.26751,4533
2024-04-09T20:00:00.000Z,1.26754,1.26788,1.26743,1.26782,951
2024-04-09T20:30:00.000Z,1.26782,1.26796,1.26769,1.26771,590
2024-04-09T21:00:00.000Z,1.26729,1.26755,1.2667,1.26687,522
2024-04-09T21:30:00.000Z,1.26695,1.2677,1.26695,1.26756,1283
2024-04-09T22:00:00.000Z,1.26754,1.26773,1.26753,1.26758,391
2024-04-09T22:30:00.000Z,1.26757,1.26769,1.26757,1.26761,321
2024-04-09T23:00:00.000Z,1.26762,1.26773,1.26751,1.26772,365
2024-04-09T23:30:00.000Z,1.26773,1.26774,1.26758,1.2677,417
2024-04-10T00:00:00.000Z,1.26769,1.26776,1.26745,1.2676,1450
2024-04-10T00:30:00.000Z,1.26762,1.26774,1.26734,1.26749,1365
2024-04-10T01:00:00.000Z,1.26749,1.26779,1.2671,1.26715,1868
2024-04-10T01:30:00.000Z,1.26714,1.26763,1.26689,1.26749,2153
2024-04-10T02:00:00.000Z,1.26747,1.26777,1.26718,1.26724,2157
2024-04-10T02:30:00.000Z,1.26724,1.26787,1.26716,1.26769,1819
2024-04-10T03:00:00.000Z,1.26769,1.26784,1.26753,1.26765,1221
2024-04-10T03:30:00.000Z,1.26767,1.26769,1.26749,1.26759,992
2024-04-10T04:00:00.000Z,1.26758,1.26762,1.26738,1.26754,840
2024-04-10T04:30:00.000Z,1.26754,1.26775,1.26744,1.26773,1091
2024-04-10T05:00:00.000Z,1.26772,1.26799,1.26763,1.26778,1338
2024-04-10T05:30:00.000Z,1.26777,1.26795,1.26739,1.26747,1990
2024-04-10T06:00:00.000Z,1.26748,1.26829,1.26729,1.26812,2194
2024-04-10T06:30:00.000Z,1.26812,1.26831,1.26758,1.26818,2227
2024-04-10T07:00:00.000Z,1.26818,1.26847,1.26762,1.26835,2910
2024-04-10T07:30:00.000Z,1.26834,1.26892,1.26803,1.26884,2512
2024-04-10T08:00:00.000Z,1.26884,1.26908,1.26836,1.26891,2517
2024-04-10T08:30:00.000Z,1.26891,1.26946,1.26844,1.26944,2705
2024-04-10T09:00:00.000Z,1.26944,1.26958,1.26881,1.26923,2379
2024-04-10T09:30:00.000Z,1.26923,1.26976,1.26905,1.26963,2371
2024-04-10T10:00:00.000Z,1.26963,1.2702,1.26949,1.27018,2041
2024-04-10T10:30:00.000Z,1.27018,1.27046,1.26982,1.26991,2541
2024-04-10T11:00:00.000Z,1.2699,1.27009,1.26958,1.26978,2142
2024-04-10T11:30:00.000Z,1.26979,1.27,1.26928,1.26941,2264
2024-04-10T12:00:00.000Z,1.26941,1.2708,1.26928,1.27045,4636
2024-04-10T12:30:00.000Z,1.27,1.27,1.2595,1.26116,11413
2024-04-10T13:00:00.000Z,1.26116,1.26123,1.25843,1.25949,10296
2024-04-10T13:30:00.000Z,1.25949,1.25966,1.25635,1.25648,10492
2024-04-10T14:00:00.000Z,1.2565,1.2582,1.25594,1.25754,8431
2024-04-10T14:30:00.000Z,1.25756,1.25818,1.25593,1.25657,8289
2024-04-10T15:00:00.000Z,1.25656,1.25666,1.25451,1.25485,6793
2024-04-10T15:30:00.000Z,1.25486,1.25517,1.25341,1.25422,5411
2024-04-10T16:00:00.000Z,1.25422,1.25437,1.25216,1.25218,4413
2024-04-10T16:30:00.000Z,1.25219,1.25349,1.25201,1.25339,4232
2024-04-10T17:00:00.000Z,1.2534,1.255,1.25218,1.25399,6343
2024-04-10T17:30:00.000Z,1.254,1.2554,1.25361,1.25486,7522
2024-04-10T18:00:00.000Z,1.25485,1.25527,1.25347,1.25362,6205
2024-04-10T18:30:00.000Z,1.25363,1.25423,1.25257,1.2527,4780
2024-04-10T19:00:00.000Z,1.2527,1.254,1.25261,1.25366,4513
2024-04-10T19:30:00.000Z,1.25368,1.25431,1.25342,1.25412,4521
2024-04-10T20:00:00.000Z,1.2541,1.25427,1.25391,1.25416,1348
2024-04-10T20:30:00.000Z,1.25415,1.25416,1.2538,1.25398,1162
2024-04-10T21:00:00.000Z,1.25326,1.25399,1.25296,1.25361,363
2024-04-10T21:30:00.000Z,1.2537,1.25412,1.25342,1.25351,1048
2024-04-10T22:00:00.000Z,1.2535,1.25386,1.25337,1.25372,488
2024-04-10T22:30:00.000Z,1.25372,1.25391,1.25361,1.25382,538
2024-04-10T23:00:00.000Z,1.25381,1.2539,1.25362,1.25387,1456
2024-04-10T23:30:00.000Z,1.25388,1.25406,1.25345,1.25363,1766
2024-04-11T00:00:00.000Z,1.25364,1.25406,1.25321,1.2538,3168
2024-04-11T00:30:00.000Z,1.2538,1.25417,1.25357,1.25372,2687
2024-04-11T01:00:00.000Z,1.25375,1.25444,1.2536,1.25407,3028
2024-04-11T01:30:00.000Z,1.25409,1.25447,1.25394,1.2543,3440
2024-04-11T02:00:00.000Z,1.25431,1.25463,1.2542,1.25453,2255
2024-04-11T02:30:00.000Z,1.25453,1.25456,1.25422,1.25449,1918
2024-04-11T03:00:00.000Z,1.25449,1.25494,1.25436,1.2548,2201
2024-04-11T03:30:00.000Z,1.25479,1.25489,1.25442,1.25453,1450
2024-04-11T04:00:00.000Z,1.25452,1.25477,1.25445,1.25469,1537
2024-04-11T04:30:00.000Z,1.2547,1.2548,1.25439,1.25473,1691
2024-04-11T05:00:00.000Z,1.25474,1.25486,1.25441,1.25479,2023
2024-04-11T05:30:00.000Z,1.2548,1.25484,1.2543,1.25431,2011
2024-04-11T06:00:00.000Z,1.25431,1.25431,1.2536,1.25379,3290
2024-04-11T06:30:00.000Z,1.25378,1.25423,1.25326,1.25349,3722
2024-04-11T07:00:00.000Z,1.2535,1.25589,1.25343,1.25558,4858
2024-04-11T07:30:00.000Z,1.25559,1.25623,1.2548,1.25608,4759
2024-04-11T08:00:00.000Z,1.25608,1.25696,1.25606,1.25659,4467
2024-04-11T08:30:00.000Z,1.2566,1.25664,1.25502,1.25503,3780
2024-04-11T09:00:00.000Z,1.25505,1.25531,1.25418,1.25438,3863
2024-04-11T09:30:00.000Z,1.25437,1.25447,1.25329,1.25353,3182
2024-04-11T10:00:00.000Z,1.25353,1.25397,1.25302,1.25388,3655
2024-04-11T10:30:00.000Z,1.25387,1.2541,1.25308,1.25397,3443
2024-04-11T11:00:00.000Z,1.25396,1.25417,1.25361,1.25411,2989
2024-04-11T11:30:00.000Z,1.25411,1.25415,1.2535,1.25386,3540
2024-04-11T12:00:00.000Z,1.25387,1.25479,1.25339,1.25431,6216
2024-04-11T12:30:00.000Z,1.25428,1.25723,1.2526,1.2567,10791
2024-04-11T13:00:00.000Z,1.25669,1.25785,1.25573,1.25754,9183
2024-04-11T13:30:00.000Z,1.25754,1.25772,1.2549,1.25501,8854
2024-04-11T14:00:00.000Z,1.25501,1.25501,1.25259,1.25269,8114
2024-04-11T14:30:00.000Z,1.25268,1.2528,1.2513,1.25191,6836
2024-04-11T15:00:00.000Z,1.25191,1.25253,1.2513,1.25133,5663
2024-04-11T15:30:00.000Z,1.25133,1.2535,1.25108,1.2534,5724
2024-04-11T16:00:00.000Z,1.25344,1.25375,1.25293,1.25349,5133
2024-04-11T16:30:00.000Z,1.25348,1.25418,1.25319,1.25368,3805
2024-04-11T17:00:00.000Z,1.25368,1.25477,1.25328,1.25465,5576
2024-04-11T17:30:00.000Z,1.25465,1.25557,1.25454,1.25538,3076
2024-04-11T18:00:00.000Z,1.25539,1.25639,1.25514,1.25614,3987
2024-04-11T18:30:00.000Z,1.25616,1.25625,1.25526,1.25529,2954
2024-04-11T19:00:00.000Z,1.2553,1.25584,1.25526,1.25574,3007
2024-04-11T19:30:00.000Z,1.25573,1.25614,1.25557,1.25599,2837
2024-04-11T20:00:00.000Z,1.25598,1.25598,1.25549,1.25549,913
2024-04-11T20:30:00.000Z,1.25549,1.25554,1.25518,1.25529,853
2024-04-11T21:00:00.000Z,1.2547,1.25544,1.25462,1.25541,269
2024-04-11T21:30:00.000Z,1.25542,1.25546,1.25515,1.2554,170
2024-04-11T22:00:00.000Z,1.2554,1.2557,1.25528,1.25551,836
2024-04-11T22:30:00.000Z,1.2555,1.25553,1.25541,1.25552,512
2024-04-11T23:00:00.000Z,1.25553,1.25556,1.25535,1.25541,530
2024-04-11T23:30:00.000Z,1.25539,1.25556,1.25529,1.25546,1065
2024-04-12T00:00:00.000Z,1.25547,1.25557,1.25495,1.25508,1949
2024-04-12T00:30:00.000Z,1.25509,1.25558,1.25509,1.25552,1968
2024-04-12T01:00:00.000Z,1.25552,1.2558,1.25527,1.25537,3045
2024-04-12T01:30:00.000Z,1.25537,1.25587,1.25537,1.25568,2411
2024-04-12T02:00:00.000Z,1.25568,1.25575,1.25541,1.25553,1968
2024-04-12T02:30:00.000Z,1.25552,1.25575,1.25547,1.2557,1621
2024-04-12T03:00:00.000Z,1.2557,1.25572,1.255,1.25501,1514
2024-04-12T03:30:00.000Z,1.255,1.25502,1.25439,1.25448,2041
2024-04-12T04:00:00.000Z,1.25449,1.25458,1.25417,1.2542,1722
2024-04-12T04:30:00.000Z,1.25418,1.25424,1.25368,1.25377,1516
2024-04-12T05:00:00.000Z,1.25376,1.2541,1.25376,1.25397,1736
2024-04-12T05:30:00.000Z,1.25398,1.25443,1.25373,1.25374,1806
2024-04-12T06:00:00.000Z,1.25374,1.25419,1.25346,1.25368,3229
2024-04-12T06:30:00.000Z,1.2537,1.2538,1.25125,1.25158,4530
2024-04-12T07:00:00.000Z,1.25158,1.25209,1.25056,1.25089,4957
2024-04-12T07:30:00.000Z,1.25088,1.25198,1.25066,1.25192,4241
2024-04-12T08:00:00.000Z,1.25193,1.25226,1.25137,1.25162,3278
2024-04-12T08:30:00.000Z,1.25163,1.25164,1.25071,1.25078,3157
2024-04-12T09:00:00.000Z,1.25078,1.25115,1.24893,1.24915,3682
2024-04-12T09:30:00.000Z,1.24916,1.24987,1.2489,1.24979,4040
2024-04-12T10:00:00.000Z,1.24979,1.24983,1.24803,1.2483,3374
2024-04-12T10:30:00.000Z,1.2483,1.24862,1.24686,1.24699,3814
2024-04-12T11:00:00.000Z,1.247,1.24744,1.24626,1.24743,3800
2024-04-12T11:30:00.000Z,1.24743,1.24775,1.24681,1.24711,3339
2024-04-12T12:00:00.000Z,1.24711,1.24748,1.24652,1.24741,4976
2024-04-12T12:30:00.000Z,1.24742,1.24752,1.24512,1.24543,7512
2024-04-12T13:00:00.000Z,1.24546,1.2463,1.24475,1.24524,7814
2024-04-12T13:30:00.000Z,1.24525,1.24661,1.24478,1.24536,8415
2024-04-12T14:00:00.000Z,1.24532,1.24551,1.24289,1.24332,8924
2024-04-12T14:30:00.000Z,1.24333,1.24384,1.24266,1.2435,7995
2024-04-12T15:00:00.000Z,1.2435,1.24481,1.24332,1.24481,7329
2024-04-12T15:30:00.000Z,1.2448,1.24587,1.24479,1.24558,6369
2024-04-12T16:00:00.000Z,1.24559,1.24563,1.24478,1.24481,5121
2024-04-12T16:30:00.000Z,1.24482,1.24514,1.24442,1.24489,5691
2024-04-12T17:00:00.000Z,1.24489,1.24568,1.24484,1.24495,5542
2024-04-12T17:30:00.000Z,1.24496,1.24596,1.24462,1.2456,5374
2024-04-12T18:00:00.000Z,1.24561,1.24623,1.24542,1.24557,5212
2024-04-12T18:30:00.000Z,1.24557,1.24564,1.24442,1.24444,3924
2024-04-12T19:00:00.000Z,1.24443,1.24485,1.24426,1.24468,2996
2024-04-12T19:30:00.000Z,1.24468,1.245,1.24452,1.24463,2405
2024-04-12T20:00:00.000Z,1.24463,1.24502,1.24459,1.2447,1610
2024-04-12T20:30:00.000Z,1.24473,1.24521,1.24469,1.24498,810
2024-04-14T21:00:00.000Z,1.2435,1.24451,1.24306,1.24321,218
2024-04-14T21:30:00.000Z,1.24324,1.245,1.24324,1.24413,638
2024-04-14T22:00:00.000Z,1.24413,1.24587,1.24387,1.24578,3220
2024-04-14T22:30:00.000Z,1.24578,1.2463,1.24577,1.24595,1338
2024-04-14T23:00:00.000Z,1.24598,1.24599,1.24524,1.24566,1833
2024-04-14T23:30:00.000Z,1.24566,1.24618,1.24566,1.24595,1599
2024-04-15T00:00:00.000Z,1.24598,1.24613,1.24504,1.24579,3800
2024-04-15T00:30:00.000Z,1.2458,1.2458,1.24506,1.24522,2792
2024-04-15T01:00:00.000Z,1.24523,1.24537,1.24408,1.2453,4742
2024-04-15T01:30:00.000Z,1.24531,1.24586,1.24515,1.24577,3613
2024-04-15T02:00:00.000Z,1.24577,1.24649,1.24576,1.24579,3038
2024-04-15T02:30:00.000Z,1.2458,1.24615,1.24569,1.246,3007
2024-04-15T03:00:00.000Z,1.24601,1.24612,1.24559,1.24593,2545
2024-04-15T03:30:00.000Z,1.24593,1.2464,1.24591,1.24607,2093
2024-04-15T04:00:00.000Z,1.24608,1.24618,1.24557,1.24572,2314
2024-04-15T04:30:00.000Z,1.24571,1.24609,1.24548,1.24605,2202
2024-04-15T05:00:00.000Z,1.24605,1.24625,1.2458,1.24609,2487
2024-04-15T05:30:00.000Z,1.24609,1.24685,1.24609,1.24663,2857
2024-04-15T06:00:00.000Z,1.24661,1.24772,1.24606,1.24764,4389
2024-04-15T06:30:00.000Z,1.24765,1.24774,1.24689,1.24725,4845
2024-04-15T07:00:00.000Z,1.24725,1.24728,1.24627,1.24682,4638
2024-04-15T07:30:00.000Z,1.24681,1.24756,1.24614,1.24756,4380
2024-04-15T08:00:00.000Z,1.24754,1.24873,1.24754,1.24792,4853
2024-04-15T08:30:00.000Z,1.24791,1.24822,1.2476,1.24817,3750
2024-04-15T09:00:00.000Z,1.24816,1.24914,1.2481,1.24874,4242
2024-04-15T09:30:00.000Z,1.24874,1.24933,1.24826,1.24852,4138
2024-04-15T10:00:00.000Z,1.24853,1.24913,1.24825,1.24887,3344
2024-04-15T10:30:00.000Z,1.24888,1.24962,1.24862,1.24923,3457
2024-04-15T11:00:00.000Z,1.24924,1.24983,1.24901,1.24905,3660
2024-04-15T11:30:00.000Z,1.24906,1.24922,1.24748,1.24782,3708
2024-04-15T12:00:00.000Z,1.24782,1.24814,1.24744,1.24773,4711
2024-04-15T12:30:00.000Z,1.24775,1.24802,1.24508,1.24789,9120
2024-04-15T13:00:00.000Z,1.2479,1.24962,1.24773,1.24789,6802
2024-04-15T13:30:00.000Z,1.24788,1.24814,1.24668,1.24696,6845
2024-04-15T14:00:00.000Z,1.24697,1.24708,1.24494,1.24515,7031
2024-04-15T14:30:00.000Z,1.24517,1.24626,1.24449,1.24506,8110
2024-04-15T15:00:00.000Z,1.24505,1.24608,1.24458,1.24601,5790
2024-04-15T15:30:00.000Z,1.24601,1.2467,1.24548,1.2464,5414
2024-04-15T16:00:00.000Z,1.24639,1.24686,1.24558,1.24607,4310
2024-04-15T16:30:00.000Z,1.24605,1.24632,1.24562,1.24573,4868
2024-04-15T17:00:00.000Z,1.24573,1.24624,1.24499,1.24502,4883
2024-04-15T17:30:00.000Z,1.24501,1.24502,1.24383,1.24464,6020
2024-04-15T18:00:00.000Z,1.24465,1.2448,1.24413,1.24416,5123
2024-04-15T18:30:00.000Z,1.24415,1.24464,1.24403,1.2443,3479
2024-04-15T19:00:00.000Z,1.2443,1.24435,1.24359,1.24396,4058
2024-04-15T19:30:00.000Z,1.24399,1.24487,1.24398,1.24481,3771
2024-04-15T20:00:00.000Z,1.2448,1.24485,1.24457,1.24463,916
2024-04-15T20:30:00.000Z,1.24464,1.24464,1.24429,1.24448,852
2024-04-15T21:00:00.000Z,1.24362,1.24445,1.24234,1.24403,283
2024-04-15T21:30:00.000Z,1.24403,1.24452,1.24394,1.24444,326
2024-04-15T22:00:00.000Z,1.24444,1.24492,1.24436,1.24487,890
2024-04-15T22:30:00.000Z,1.24488,1.24491,1.24477,1.24482,678
2024-04-15T23:00:00.000Z,1.24482,1.2449,1.24463,1.24483,879
2024-04-15T23:30:00.000Z,1.24482,1.24492,1.24457,1.24462,1354
2024-04-16T00:00:00.000Z,1.24462,1.24482,1.24388,1.24406,3188
2024-04-16T00:30:00.000Z,1.24407,1.24412,1.24373,1.24375,2525
2024-04-16T01:00:00.000Z,1.24375,1.2439,1.24231,1.24269,4268
2024-04-16T01:30:00.000Z,1.24269,1.2435,1.24258,1.24335,3444
2024-04-16T02:00:00.000Z,1.24336,1.24359,1.24228,1.24241,3644
2024-04-16T02:30:00.000Z,1.24241,1.24259,1.24203,1.24247,3238
2024-04-16T03:00:00.000Z,1.24248,1.24288,1.24219,1.24279,2030
2024-04-16T03:30:00.000Z,1.24278,1.24282,1.24247,1.2428,2044
2024-04-16T04:00:00.000Z,1.24281,1.24294,1.24258,1.24281,1483
2024-04-16T04:30:00.000Z,1.2428,1.24344,1.24264,1.24329,1816
2024-04-16T05:00:00.000Z,1.24329,1.24388,1.24322,1.24379,2300
2024-04-16T05:30:00.000Z,1.24378,1.24405,1.24349,1.2436,2075
2024-04-16T06:00:00.000Z,1.24355,1.24471,1.24156,1.24158,5032
2024-04-16T06:30:00.000Z,1.2416,1.24317,1.24085,1.24308,5472
2024-04-16T07:00:00.000Z,1.24308,1.2445,1.24308,1.24432,5773
2024-04-16T07:30:00.000Z,1.24436,1.24437,1.24329,1.2438,5066
2024-04-16T08:00:00.000Z,1.24379,1.24454,1.24347,1.24451,4229
2024-04-16T08:30:00.000Z,1.24451,1.24486,1.24353,1.24366,3584
2024-04-16T09:00:00.000Z,1.24367,1.24552,1.24364,1.24442,5095
2024-04-16T09:30:00.000Z,1.24439,1.24519,1.24382,1.24517,3702
2024-04-16T10:00:00.000Z,1.24519,1.24557,1.24438,1.24466,3689
2024-04-16T10:30:00.000Z,1.24466,1.24496,1.24418,1.24461,4080
2024-04-16T11:00:00.000Z,1.24463,1.24523,1.24444,1.24472,3432
2024-04-16T11:30:00.000Z,1.24473,1.24603,1.24472,1.2458,3402
2024-04-16T12:00:00.000Z,1.2458,1.24588,1.24491,1.24554,4575
2024-04-16T12:30:00.000Z,1.24554,1.24718,1.24518,1.24604,6128
2024-04-16T13:00:00.000Z,1.24605,1.24629,1.24517,1.24592,6836
2024-04-16T13:30:00.000Z,1.2459,1.24674,1.24499,1.24508,9468
2024-04-16T14:00:00.000Z,1.24509,1.24631,1.24457,1.2446,8159
2024-04-16T14:30:00.000Z,1.2446,1.24505,1.24374,1.24423,7318
2024-04-16T15:00:00.000Z,1.24422,1.24473,1.24342,1.24348,6967
2024-04-16T15:30:00.000Z,1.24348,1.24402,1.24293,1.24352,5410
2024-04-16T16:00:00.000Z,1.24352,1.24352,1.24272,1.243,4597
2024-04-16T16:30:00.000Z,1.24299,1.24383,1.24277,1.24354,5029
2024-04-16T17:00:00.000Z,1.24359,1.24363,1.24251,1.24252,4464
2024-04-16T17:30:00.000Z,1.24252,1.24311,1.24054,1.24283,10279
2024-04-16T18:00:00.000Z,1.24286,1.24509,1.24255,1.24294,8997
2024-04-16T18:30:00.000Z,1.24294,1.24449,1.24289,1.24393,7021
2024-04-16T19:00:00.000Z,1.24393,1.24416,1.24337,1.24362,3887
2024-04-16T19:30:00.000Z,1.24361,1.24361,1.24263,1.24314,4095
2024-04-16T20:00:00.000Z,1.24313,1.24329,1.24247,1.24252,1341
2024-04-16T20:30:00.000Z,1.24253,1.24276,1.24237,1.24263,1190
2024-04-16T21:00:00.000Z,1.24189,1.24273,1.24188,1.24234,216
2024-04-16T21:30:00.000Z,1.24235,1.24292,1.24235,1.2426,764
2024-04-16T22:00:00.000Z,1.2426,1.24299,1.24257,1.24263,824
2024-04-16T22:30:00.000Z,1.24262,1.24309,1.2423,1.24295,1263
2024-04-16T23:00:00.000Z,1.24296,1.2432,1.24265,1.2432,1264
2024-04-16T23:30:00.000Z,1.2432,1.24327,1.24291,1.24303,1240
2024-04-17T00:00:00.000Z,1.24302,1.24324,1.24248,1.243,2748
2024-04-17T00:30:00.000Z,1.24298,1.24314,1.24249,1.24293,2180
2024-04-17T01:00:00.000Z,1.24293,1.24353,1.24249,1.24331,3099
2024-04-17T01:30:00.000Z,1.24332,1.24343,1.24279,1.24317,2990
2024-04-17T02:00:00.000Z,1.24316,1.24393,1.24299,1.24382,3384
2024-04-17T02:30:00.000Z,1.24381,1.24398,1.24362,1.24373,2658
2024-04-17T03:00:00.000Z,1.24374,1.24381,1.24332,1.24334,1929
2024-04-17T03:30:00.000Z,1.24333,1.24342,1.24298,1.24299,1317
2024-04-17T04:00:00.000Z,1.24299,1.24335,1.24283,1.24327,1333
2024-04-17T04:30:00.000Z,1.24326,1.24326,1.24278,1.24294,1390
2024-04-17T05:00:00.000Z,1.24293,1.24294,1.24197,1.24199,1744
2024-04-17T05:30:00.000Z,1.242,1.24229,1.2417,1.24214,2831
2024-04-17T06:00:00.000Z,1.24215,1.24487,1.24213,1.24439,6548
2024-04-17T06:30:00.000Z,1.24438,1.24787,1.24429,1.24738,4942
2024-04-17T07:00:00.000Z,1.24737,1.24737,1.24558,1.24563,5376
2024-04-17T07:30:00.000Z,1.24563,1.2457,1.24503,1.24549,4701
2024-04-17T08:00:00.000Z,1.2455,1.2475,1.24537,1.24727,4517
2024-04-17T08:30:00.000Z,1.24727,1.24817,1.24688,1.24714,4316
2024-04-17T09:00:00.000Z,1.24714,1.24751,1.24653,1.24747,4609
2024-04-17T09:30:00.000Z,1.24747,1.24769,1.24643,1.24665,3969
2024-04-17T10:00:00.000Z,1.24664,1.24721,1.24622,1.24664,3216
2024-04-17T10:30:00.000Z,1.24665,1.24674,1.24536,1.2454,2657
2024-04-17T11:00:00.000Z,1.24541,1.24655,1.24538,1.24581,3235
2024-04-17T11:30:00.000Z,1.24582,1.24609,1.24542,1.24571,2822
2024-04-17T12:00:00.000Z,1.24572,1.24629,1.24458,1.24524,5110
2024-04-17T12:30:00.000Z,1.24525,1.24585,1.24484,1.24504,5046
2024-04-17T13:00:00.000Z,1.24504,1.24675,1.24499,1.24653,5582
2024-04-17T13:30:00.000Z,1.24654,1.24693,1.24599,1.24608,6833
2024-04-17T14:00:00.000Z,1.24608,1.24622,1.24508,1.24601,6570
2024-04-17T14:30:00.000Z,1.246,1.24634,1.24471,1.245,6197
2024-04-17T15:00:00.000Z,1.245,1.24622,1.24483,1.24493,6016
2024-04-17T15:30:00.000Z,1.24494,1.24549,1.24393,1.24416,6106
2024-04-17T16:00:00.000Z,1.24416,1.24439,1.24241,1.24365,6945
2024-04-17T16:30:00.000Z,1.24365,1.24379,1.24273,1.24287,7065
2024-04-17T17:00:00.000Z,1.24288,1.24404,1.24266,1.2436,6304
2024-04-17T17:30:00.000Z,1.2436,1.24473,1.24344,1.24455,5386
2024-04-17T18:00:00.000Z,1.24455,1.24585,1.24443,1.24537,5407
2024-04-17T18:30:00.000Z,1.24536,1.24652,1.24503,1.24521,5822
2024-04-17T19:00:00.000Z,1.24521,1.24539,1.24458,1.24476,4753
2024-04-17T19:30:00.000Z,1.24477,1.24544,1.24464,1.24527,4153
2024-04-17T20:00:00.000Z,1.24528,1.24551,1.24514,1.24547,1475
2024-04-17T20:30:00.000Z,1.24548,1.24554,1.2453,1.24544,1306
2024-04-17T21:00:00.000Z,1.24444,1.2455,1.24444,1.24529,278
2024-04-17T21:30:00.000Z,1.24529,1.24542,1.24521,1.2453,273
2024-04-17T22:00:00.000Z,1.2454,1.24563,1.24531,1.24547,1675
2024-04-17T22:30:00.000Z,1.24548,1.24565,1.24546,1.24559,906
2024-04-17T23:00:00.000Z,1.24562,1.24582,1.24554,1.24568,877
2024-04-17T23:30:00.000Z,1.24567,1.24567,1.24523,1.24529,1114
2024-04-18T00:00:00.000Z,1.24532,1.24535,1.24474,1.24507,2141
2024-04-18T00:30:00.000Z,1.24508,1.24538,1.245,1.2453,1641
2024-04-18T01:00:00.000Z,1.2453,1.24591,1.2453,1.24543,2709
2024-04-18T01:30:00.000Z,1.24543,1.24564,1.24493,1.2456,3280
2024-04-18T02:00:00.000Z,1.24561,1.2466,1.24556,1.24637,3261
2024-04-18T02:30:00.000Z,1.24637,1.24697,1.24619,1.2467,2571
2024-04-18T03:00:00.000Z,1.24672,1.24688,1.24649,1.24657,1447
2024-04-18T03:30:00.000Z,1.24656,1.24699,1.24635,1.24695,1213
2024-04-18T04:00:00.000Z,1.24694,1.24713,1.24675,1.24705,1028
2024-04-18T04:30:00.000Z,1.24706,1.24712,1.24681,1.24706,974
2024-04-18T05:00:00.000Z,1.24707,1.2471,1.24665,1.24685,1408
2024-04-18T05:30:00.000Z,1.24685,1.24743,1.24684,1.24718,2266
2024-04-18T06:00:00.000Z,1.24725,1.24845,1.24697,1.24831,3592
2024-04-18T06:30:00.000Z,1.24832,1.24832,1.24714,1.24717,3503
2024-04-18T07:00:00.000Z,1.24715,1.24715,1.24623,1.24652,4786
2024-04-18T07:30:00.000Z,1.24653,1.24788,1.2464,1.24725,4202
2024-04-18T08:00:00.000Z,1.24726,1.24759,1.24679,1.24705,4338
2024-04-18T08:30:00.000Z,1.24706,1.24799,1.24695,1.2474,3647
2024-04-18T09:00:00.000Z,1.24742,1.24754,1.24686,1.24714,2944
2024-04-18T09:30:00.000Z,1.24715,1.24743,1.24666,1.24721,2861
2024-04-18T10:00:00.000Z,1.24721,1.24765,1.24683,1.2469,2979
2024-04-18T10:30:00.000Z,1.2469,1.24801,1.24672,1.24776,2806
2024-04-18T11:00:00.000Z,1.24776,1.2482,1.24722,1.24726,3181
2024-04-18T11:30:00.000Z,1.24725,1.24745,1.24655,1.24718,3225
2024-04-18T12:00:00.000Z,1.24719,1.24744,1.24586,1.24632,4219
2024-04-18T12:30:00.000Z,1.24628,1.24659,1.24472,1.24587,7180
2024-04-18T13:00:00.000Z,1.24588,1.24684,1.24548,1.24591,6125
2024-04-18T13:30:00.000Z,1.24591,1.24665,1.24363,1.24485,8130
2024-04-18T14:00:00.000Z,1.24486,1.24575,1.24428,1.24474,6897
2024-04-18T14:30:00.000Z,1.24474,1.24537,1.24431,1.24433,5961
2024-04-18T15:00:00.000Z,1.24433,1.24669,1.24432,1.24638,4869
2024-04-18T15:30:00.000Z,1.24638,1.24658,1.24558,1.24629,4665
2024-04-18T16:00:00.000Z,1.24629,1.24659,1.24571,1.2459,3990
2024-04-18T16:30:00.000Z,1.24591,1.24623,1.24473,1.24485,4371
2024-04-18T17:00:00.000Z,1.24485,1.24502,1.24335,1.24393,5049
2024-04-18T17:30:00.000Z,1.24392,1.24443,1.2436,1.24424,4729
2024-04-18T18:00:00.000Z,1.24424,1.24425,1.24351,1.24359,4576
2024-04-18T18:30:00.000Z,1.2436,1.24418,1.24338,1.24362,3779
2024-04-18T19:00:00.000Z,1.24362,1.24428,1.24361,1.24402,3423
2024-04-18T19:30:00.000Z,1.24402,1.24426,1.2436,1.24375,3468
2024-04-18T20:00:00.000Z,1.24376,1.24389,1.24363,1.24368,979
2024-04-18T20:30:00.000Z,1.24369,1.24373,1.2435,1.24363,505
2024-04-18T21:00:00.000Z,1.24358,1.24387,1.24296,1.24365,240
2024-04-18T21:30:00.000Z,1.24363,1.24385,1.24342,1.24378,750
2024-04-18T22:00:00.000Z,1.24378,1.24378,1.24346,1.24361,511
2024-04-18T22:30:00.000Z,1.24363,1.2437,1.2433,1.24333,428
2024-04-18T23:00:00.000Z,1.24332,1.24347,1.24319,1.24342,542
2024-04-18T23:30:00.000Z,1.24341,1.24373,1.24331,1.24346,1302
2024-04-19T00:00:00.000Z,1.24345,1.24362,1.24263,1.24297,3477
2024-04-19T00:30:00.000Z,1.24296,1.24313,1.24261,1.24275,3907
2024-04-19T01:00:00.000Z,1.24274,1.24296,1.24159,1.24175,6162
2024-04-19T01:30:00.000Z,1.24176,1.24185,1.23979,1.24012,7338
2024-04-19T02:00:00.000Z,1.24014,1.24025,1.2389,1.23976,7534
2024-04-19T02:30:00.000Z,1.23976,1.23993,1.239,1.23957,6170
2024-04-19T03:00:00.000Z,1.23958,1.24183,1.23932,1.24157,6488
2024-04-19T03:30:00.000Z,1.2416,1.2422,1.24148,1.24176,5472
2024-04-19T04:00:00.000Z,1.24176,1.24263,1.24174,1.24225,3600
2024-04-19T04:30:00.000Z,1.24226,1.24233,1.24187,1.24198,2206
2024-04-19T05:00:00.000Z,1.24198,1.2424,1.24163,1.24178,2656
2024-04-19T05:30:00.000Z,1.24178,1.24183,1.24103,1.24118,3256
2024-04-19T06:00:00.000Z,1.24117,1.24212,1.24035,1.24131,5969
2024-04-19T06:30:00.000Z,1.24131,1.2434,1.2409,1.24309,5992
2024-04-19T07:00:00.000Z,1.24309,1.24424,1.24308,1.24404,6752
2024-04-19T07:30:00.000Z,1.24405,1.24516,1.24353,1.24493,5552
2024-04-19T08:00:00.000Z,1.24493,1.24493,1.24343,1.24382,5202
2024-04-19T08:30:00.000Z,1.24382,1.24441,1.2436,1.24402,4920
2024-04-19T09:00:00.000Z,1.24402,1.24498,1.24394,1.24489,4341
2024-04-19T09:30:00.000Z,1.24489,1.24558,1.24487,1.24526,3653
2024-04-19T10:00:00.000Z,1.24526,1.24526,1.24376,1.24426,3872
2024-04-19T10:30:00.000Z,1.24426,1.24474,1.24349,1.24358,4119
2024-04-19T11:00:00.000Z,1.24357,1.24389,1.24294,1.24339,4508
2024-04-19T11:30:00.000Z,1.24338,1.24414,1.24309,1.244,3767
2024-04-19T12:00:00.000Z,1.244,1.24563,1.24375,1.2455,5394
2024-04-19T12:30:00.000Z,1.24549,1.24635,1.24483,1.24485,5264
2024-04-19T13:00:00.000Z,1.24485,1.24651,1.2443,1.2464,5428
2024-04-19T13:30:00.000Z,1.24639,1.24682,1.24559,1.24571,7229
2024-04-19T14:00:00.000Z,1.24571,1.24676,1.24464,1.24585,7354
2024-04-19T14:30:00.000Z,1.24586,1.24625,1.24321,1.24341,7642
2024-04-19T15:00:00.000Z,1.24341,1.24382,1.2406,1.24134,5475
2024-04-19T15:30:00.000Z,1.24133,1.24166,1.23963,1.23967,5000
2024-04-19T16:00:00.000Z,1.23966,1.24015,1.23724,1.23782,5919
2024-04-19T16:30:00.000Z,1.23783,1.23909,1.23783,1.23898,4972
2024-04-19T17:00:00.000Z,1.23898,1.23932,1.2379,1.238,3867
2024-04-19T17:30:00.000Z,1.23799,1.23833,1.23728,1.23753,4288
2024-04-19T18:00:00.000Z,1.23753,1.23803,1.237,1.23719,5177
2024-04-19T18:30:00.000Z,1.23717,1.23733,1.23668,1.23689,5192
2024-04-19T19:00:00.000Z,1.23689,1.23755,1.2367,1.23707,3590
2024-04-19T19:30:00.000Z,1.23707,1.23728,1.23685,1.23718,3494
2024-04-19T20:00:00.000Z,1.23718,1.23731,1.23696,1.23711,1538
2024-04-19T20:30:00.000Z,1.2371,1.23714,1.23709,1.2371,19
