time,open,high,low,close,volume
2023-08-15T01:00:00.000Z,4221.6434,4221.6434,4184.9302,4202.6047,47
2023-08-15T01:30:00.000Z,4202.6047,4209.1163,4199.814,4205.3953,7
2023-08-15T02:00:00.000Z,4205.3953,4206.3256,4200.7442,4200.7442,2
2023-08-15T02:30:00.000Z,4200.7442,4200.7442,4189.5814,4189.5814,1
2023-08-15T03:00:00.000Z,4189.5814,4208.186,4189.5814,4202.6047,16
2023-08-15T05:30:00.000Z,4202.6047,4219.3488,4202.6047,4219.3488,17
2023-08-15T06:00:00.000Z,4219.3488,4232.1395,4218.186,4232.1395,14
2023-08-15T06:30:00.000Z,4232.1395,4232.7132,4220.6202,4220.6202,23
2023-08-16T01:00:00.000Z,4222.8115,4222.8115,4205.9918,4205.9918,29
2023-08-16T01:30:00.000Z,4205.9918,4205.9918,4189.1721,4198.5164,9
2023-08-16T02:00:00.000Z,4198.5164,4202.2541,4198.5164,4202.2541,2
2023-08-16T02:30:00.000Z,4202.2541,4215.3361,4200.3852,4200.3852,2
2023-08-16T03:00:00.000Z,4200.3852,4200.3852,4200.3852,4200.3852,0
2023-08-16T05:30:00.000Z,4200.3852,4209.7295,4199.4508,4209.7295,6
2023-08-16T06:00:00.000Z,4209.7295,4209.7295,4201.3197,4207.8607,7
2023-08-16T06:30:00.000Z,4207.8607,4229.3033,4203.1885,4229.3033,29
2023-08-17T01:00:00.000Z,4230.5586,4230.5586,4192.5135,4196.2252,26
2023-08-17T01:30:00.000Z,4196.2252,4200.8649,4180.4505,4198.0811,10
2023-08-17T02:00:00.000Z,4198.0811,4198.0811,4198.0811,4198.0811,0
2023-08-17T02:30:00.000Z,4198.0811,4218.4955,4197.1532,4197.1532,2
2023-08-17T03:00:00.000Z,4197.1532,4212,4197.1532,4212,7
2023-08-17T05:30:00.000Z,4212,4219.4234,4211.0721,4211.0721,6
2023-08-17T06:00:00.000Z,4211.0721,4222.2072,4210.1441,4222.2072,6
2023-08-17T06:30:00.000Z,4222.2072,4232.4144,4218.4955,4221.2793,9
2023-08-18T01:00:00.000Z,4220.9583,4239.625,4214.425,4214.425,5
2023-08-18T01:30:00.000Z,4214.425,4214.425,4214.425,4214.425,0
2023-08-18T02:00:00.000Z,4214.425,4222.825,4214.425,4222.825,2
2023-08-18T02:30:00.000Z,4222.825,4222.825,4213.4917,4214.425,8
2023-08-18T03:00:00.000Z,4214.425,4214.425,4214.425,4214.425,0
2023-08-18T05:30:00.000Z,4214.425,4229.3583,4214.425,4216.2917,13
2023-08-18T06:00:00.000Z,4216.2917,4224.6917,4210.6917,4222.825,12
2023-08-18T06:30:00.000Z,4222.825,4222.825,4179.8917,4206.025,27
2023-08-21T01:00:00.000Z,4186.5339,4203.3136,4135.2627,4169.7542,62
2023-08-21T01:30:00.000Z,4169.7542,4169.7542,4132.4661,4150.178,58
2023-08-21T02:00:00.000Z,4150.178,4152.9746,4144.5847,4152.9746,4
2023-08-21T02:30:00.000Z,4152.9746,4166.9576,4148.3136,4166.9576,7
2023-08-21T03:00:00.000Z,4166.9576,4167.8898,4152.0424,4155.7712,27
2023-08-21T05:30:00.000Z,4155.7712,4163.2288,4152.0424,4154.839,10
2023-08-21T06:00:00.000Z,4154.839,4193.9915,4154.839,4158.5678,24
2023-08-21T06:30:00.000Z,4158.5678,4177.2119,4137.1271,4147.1949,90
2023-08-22T01:00:00.000Z,4145.1382,4188.7171,4132.8224,4169.7697,111
2023-08-22T01:30:00.000Z,4169.7697,4183.9803,4161.2434,4165.9803,14
2023-08-22T02:00:00.000Z,4165.9803,4172.6118,4165.9803,4172.6118,8
2023-08-22T02:30:00.000Z,4168.8224,4179.2434,4168.8224,4179.2434,10
2023-08-22T03:00:00.000Z,4179.2434,4189.6645,4179.2434,4189.6645,16
2023-08-22T05:30:00.000Z,4189.6645,4191.5592,4180.1908,4180.1908,35
2023-08-22T06:00:00.000Z,4180.1908,4201.9803,4180.1908,4201.9803,12
2023-08-22T06:30:00.000Z,4201.9803,4208.6118,4197.2434,4197.2434,17
2023-08-23T01:00:00.000Z,4197.6739,4236.2971,4197.6739,4229.7029,24
2023-08-23T01:30:00.000Z,4229.7029,4262.6739,4226.8768,4257.0217,45
2023-08-23T02:00:00.000Z,4257.0217,4264.558,4251.3696,4251.3696,4
2023-08-23T02:30:00.000Z,4251.3696,4273.7029,4251.3696,4273.7029,20
2023-08-23T03:00:00.000Z,4273.7029,4280.2971,4261.4565,4269.0652,16
2023-08-23T05:30:00.000Z,4269.0652,4286.0217,4269.0652,4272.8333,14
2023-08-23T06:00:00.000Z,4272.8333,4285.0797,4272.8333,4279.4275,26
2023-08-23T06:30:00.000Z,4279.4275,4282.2536,4263.4493,4270.1232,45
2023-08-24T01:00:00.000Z,4270.0592,4338.2566,4255.1118,4314.9013,53
2023-08-24T01:30:00.000Z,4314.9013,4384.0329,4314.9013,4361.6118,118
2023-08-24T02:00:00.000Z,4361.6118,4379.3618,4355.0724,4371.8882,55
2023-08-24T02:30:00.000Z,4371.8882,4381.2303,4365.3487,4368.1513,36
2023-08-24T03:00:00.000Z,4368.1513,4381.2303,4363.4803,4374.6908,26
2023-08-24T05:30:00.000Z,4374.6908,4382.1645,4369.0855,4374.6908,64
2023-08-24T06:00:00.000Z,4374.6908,4377.4934,4345.7303,4360.8421,65
2023-08-24T06:30:00.000Z,4360.8421,4372.4408,4354.8092,4372.4408,76
2023-08-25T01:00:00.000Z,4375.2632,4380.9789,4332.3947,4360.0211,104
2023-08-25T01:30:00.000Z,4360.0211,4378.7737,4349.5421,4374.9632,29
2023-08-25T02:00:00.000Z,4374.9632,4378.7737,4355.9105,4356.8632,30
2023-08-25T02:30:00.000Z,4356.8632,4361.8579,4356.8632,4361.8579,5
2023-08-25T03:00:00.000Z,4361.8579,4368.5263,4359,4359,13
2023-08-25T05:30:00.000Z,4359,4374.2421,4358.0474,4374.2421,21
2023-08-25T06:00:00.000Z,4374.2421,4381.8632,4366.6211,4366.6211,33
2023-08-25T06:30:00.000Z,4366.6211,4368.9842,4359.9526,4368.9842,12
2023-08-28T01:00:00.000Z,4370.0155,4405.715,4370.0155,4393.3212,98
2023-08-28T01:30:00.000Z,4393.3212,4393.3212,4323.7254,4323.7254,54
2023-08-28T02:00:00.000Z,4323.7254,4337.0725,4305.6114,4337.0725,32
2023-08-28T02:30:00.000Z,4337.0725,4355.1865,4321.8187,4329.4456,24
2023-08-28T03:00:00.000Z,4329.4456,4338.0259,4329.4456,4338.0259,1
2023-08-28T05:30:00.000Z,4338.0259,4338.0259,4253.1762,4272.2435,84
2023-08-28T06:00:00.000Z,4272.2435,4287.4974,4247.456,4287.4974,83
2023-08-28T06:30:00.000Z,4287.4974,4333.2591,4273.1969,4329.3212,76
2023-08-29T01:00:00.000Z,4331.7458,4331.7458,4305.8023,4305.8023,9
2023-08-29T01:30:00.000Z,4305.8023,4312.2881,4287.2712,4291.904,12
2023-08-29T02:00:00.000Z,4291.904,4307.6554,4291.904,4302.096,2
2023-08-29T02:30:00.000Z,4310.435,4310.435,4290.0508,4290.0508,7
2023-08-29T03:00:00.000Z,4290.0508,4298.3898,4290.0508,4298.3898,2
2023-08-29T05:30:00.000Z,4298.3898,4345.6441,4298.3898,4328.9661,37
2023-08-29T06:00:00.000Z,4328.9661,4343.791,4310.435,4328.9661,12
2023-08-29T06:30:00.000Z,4328.9661,4340.0847,4328.9661,4331.7006,21
2023-08-30T01:00:00.000Z,4331.712,4429.2935,4331.712,4383.7554,85
2023-08-30T01:30:00.000Z,4383.7554,4385.6141,4368.8859,4377.25,24
2023-08-30T02:00:00.000Z,4377.25,4389.3315,4377.25,4383.7554,10
2023-08-30T02:30:00.000Z,4383.7554,4383.7554,4371.6739,4371.6739,13
2023-08-30T03:00:00.000Z,4371.6739,4376.3207,4369.8152,4370.7446,7
2023-08-30T05:30:00.000Z,4370.7446,4391.1902,4366.0978,4379.1087,21
2023-08-30T06:00:00.000Z,4379.1087,4388.4022,4374.462,4380.038,13
2023-08-30T06:30:00.000Z,4380.038,4389.0598,4365.1685,4389.0598,36
2023-08-31T01:00:00.000Z,4389.0385,4418.7527,4381.6099,4400.1813,27
2023-08-31T01:30:00.000Z,4400.1813,4415.967,4392.7527,4412.2527,34
2023-08-31T02:00:00.000Z,4412.2527,4412.2527,4390.8956,4390.8956,6
2023-08-31T02:30:00.000Z,4390.8956,4405.7527,4388.1099,4395.5385,17
2023-08-31T03:00:00.000Z,4395.5385,4402.0385,4387.1813,4399.7912,14
2023-08-31T05:30:00.000Z,4399.7912,4399.7912,4374.7198,4394.2198,25
2023-08-31T06:00:00.000Z,4394.2198,4394.2198,4370.0769,4388.6484,18
2023-08-31T06:30:00.000Z,4388.6484,4389.5769,4382.1484,4383.1758,13
2023-09-01T01:00:00.000Z,4385.0909,4482.1818,4385.0909,4451.7219,89
2023-09-01T01:30:00.000Z,4451.7219,4460.2888,4445.0588,4460.2888,21
2023-09-01T02:00:00.000Z,4460.2888,4460.2888,4450.7701,4455.5294,8
2023-09-01T02:30:00.000Z,4455.5294,4456.4813,4451.7219,4456.4813,5
2023-09-01T03:00:00.000Z,4456.4813,4457.4332,4447.9144,4451.7219,10
2023-09-01T05:30:00.000Z,4451.7219,4457.4332,4446.9626,4450.7701,9
2023-09-01T06:00:00.000Z,4450.7701,4450.7701,4450.7701,4450.7701,0
2023-09-01T06:30:00.000Z,4450.7701,4458.385,4447.9144,4450.893,10
2023-09-04T01:00:00.000Z,4450.9385,4514.8462,4450.9385,4475.1077,76
2023-09-04T01:30:00.000Z,4475.1077,4506.5846,4474.1538,4506.5846,33
2023-09-04T02:00:00.000Z,4506.5846,4531.3846,4499.9077,4513.2615,20
2023-09-04T02:30:00.000Z,4513.2615,4538.0615,4513.2615,4532.3385,20
2023-09-04T03:00:00.000Z,4532.3385,4532.3385,4459.8462,4515.1692,32
2023-09-04T05:30:00.000Z,4515.1692,4521.8462,4483.6923,4506.5846,23
2023-09-04T06:00:00.000Z,4506.5846,4506.5846,4487.5077,4493.2308,14
2023-09-04T06:30:00.000Z,4493.2308,4512.3077,4488.4615,4508.841,14
2023-09-05T01:00:00.000Z,4517.534,4521.4175,4482.5825,4496.1748,35
2023-09-05T01:30:00.000Z,4496.1748,4502.9709,4488.4078,4502.9709,14
2023-09-05T02:00:00.000Z,4502.9709,4502.9709,4487.4369,4488.4078,6
2023-09-05T02:30:00.000Z,4488.4078,4497.9029,4488.4078,4490.1359,12
2023-09-05T03:00:00.000Z,4490.1359,4498.8738,4489.165,4489.165,9
2023-09-05T05:30:00.000Z,4490.1359,4490.1359,4484.3107,4484.3107,5
2023-09-05T06:00:00.000Z,4484.3107,4489.165,4470.7184,4480.4272,9
2023-09-05T06:30:00.000Z,4480.4272,4480.4272,4472.6602,4473.6311,9
2023-09-06T01:00:00.000Z,4473.7015,4473.7015,4408.7463,4467.9701,52
2023-09-06T01:30:00.000Z,4467.9701,4471.791,4460.3284,4471.791,12
2023-09-06T02:00:00.000Z,4471.791,4488.9851,4462.2388,4483.2537,13
2023-09-06T02:30:00.000Z,4483.2537,4483.2537,4471.791,4471.791,13
2023-09-06T03:00:00.000Z,4471.791,4487.0746,4463.194,4463.194,8
2023-09-06T05:30:00.000Z,4463.194,4479.4328,4441.2239,4467.9701,15
2023-09-06T06:00:00.000Z,4467.9701,4475.7861,4450.9502,4464.99,15
2023-09-06T06:30:00.000Z,4464.99,4496.5771,4456.393,4496.1891,46
2023-09-07T01:00:00.000Z,4490.94,4523.49,4485.36,4497.45,46
2023-09-07T01:30:00.000Z,4497.45,4497.45,4491.87,4494.66,12
2023-09-07T02:00:00.000Z,4494.66,4507.68,4494.66,4504.89,12
2023-09-07T02:30:00.000Z,4504.89,4516.05,4500.24,4507.68,25
2023-09-07T03:00:00.000Z,4507.68,4519.77,4493.29,4497.01,47
2023-09-07T05:30:00.000Z,4491.43,4518.4,4471.9,4518.4,48
2023-09-07T06:00:00.000Z,4518.4,4757.41,4513.75,4700.53,2469
2023-09-07T06:30:00.000Z,4700.53,4703.32,4644.73,4676.44,1233
2023-09-08T01:00:00.000Z,4681.767,4695.4045,4527.8576,4602.8641,775
2023-09-08T01:30:00.000Z,4602.8641,4627.2168,4601.89,4617.4757,132
2023-09-08T02:00:00.000Z,4617.4757,4621.3722,4588.2524,4612.6052,57
2023-09-08T02:30:00.000Z,4612.6052,4612.6052,4590.2006,4603.8867,62
2023-09-08T03:00:00.000Z,4603.8867,4675.534,4603.8867,4644.3625,77
2023-09-08T05:30:00.000Z,4664.8188,4674.5599,4545.8026,4589.6375,369
2023-09-08T06:00:00.000Z,4589.6375,4589.6375,4550.6731,4550.6731,141
2023-09-08T06:30:00.000Z,4550.6731,4600.3528,4378.2557,4455.5372,1146
2023-09-11T01:00:00.000Z,4457.2732,4501.478,4264.1171,4387.122,524
2023-09-11T01:30:00.000Z,4387.122,4404.4195,4387.122,4392.8878,63
2023-09-11T02:00:00.000Z,4392.8878,4402.8244,4392.8878,4400.9024,38
2023-09-11T02:30:00.000Z,4400.9024,4402.8244,4396.0976,4397.0585,76
2023-09-11T03:00:00.000Z,4397.0585,4406.6683,4387.4488,4396.0976,120
2023-09-11T05:30:00.000Z,4396.0976,4415.3171,4388.4098,4393.2146,151
2023-09-11T06:00:00.000Z,4393.2146,4401.8634,4390.3317,4397.0585,81
2023-09-11T06:30:00.000Z,4397.0585,4397.0585,4386.4878,4388.6098,81
2023-09-12T01:00:00.000Z,4404.685,4443.385,4393.075,4405.6525,190
2023-09-12T01:30:00.000Z,4405.6525,4410.49,4398.88,4398.88,63
2023-09-12T02:00:00.000Z,4398.88,4412.425,4398.88,4404.685,34
2023-09-12T02:30:00.000Z,4404.685,4425.97,4402.75,4407.5875,118
2023-09-12T03:00:00.000Z,4407.5875,4411.4575,4398.88,4410.49,68
2023-09-12T05:30:00.000Z,4411.4575,4414.36,4403.7175,4403.7175,37
2023-09-12T06:00:00.000Z,4403.7175,4403.7175,4338.895,4358.245,55
2023-09-12T06:30:00.000Z,4358.245,4396.945,4358.245,4392.1025,84
2023-09-13T01:00:00.000Z,4392.571,4394.4986,4363.6574,4387.7521,28
2023-09-13T01:30:00.000Z,4387.7521,4396.4262,4387.7521,4396.4262,19
2023-09-13T02:00:00.000Z,4396.4262,4398.3538,4396.4262,4397.39,20
2023-09-13T02:30:00.000Z,4397.39,4397.39,4370.4039,4372.3315,20
2023-09-13T03:00:00.000Z,4372.3315,4380.0418,4350.1643,4351.1281,27
2023-09-13T05:30:00.000Z,4351.1281,4369.766,4320.6128,4347.5989,66
2023-09-13T06:00:00.000Z,4347.5989,4367.8384,4343.7437,4353.3816,37
2023-09-13T06:30:00.000Z,4353.3816,4385.1866,4353.3816,4365.9109,42
2023-09-14T01:00:00.000Z,4365.7104,4367.6448,4347.3333,4355.071,28
2023-09-14T01:30:00.000Z,4355.071,4362.8087,4353.1366,4353.1366,16
2023-09-14T02:00:00.000Z,4353.1366,4357.0055,4351.2022,4357.0055,3
2023-09-14T02:30:00.000Z,4357.0055,4357.0055,4345.3989,4356.0383,22
2023-09-14T03:00:00.000Z,4356.0383,4357.0055,4355.071,4357.0055,4
2023-09-14T05:30:00.000Z,4357.0055,4361.8415,4345.3989,4345.3989,16
2023-09-14T06:00:00.000Z,4345.3989,4349.2678,4344.4317,4349.2678,34
2023-09-14T06:30:00.000Z,4349.2678,4355.071,4344.4317,4354.0164,11
2023-09-15T01:00:00.000Z,4353.8684,4431.3421,4353.8684,4367.4263,79
2023-09-15T01:30:00.000Z,4367.4263,4367.4263,4348.0579,4354.8368,38
2023-09-15T02:00:00.000Z,4354.8368,4364.5211,4353.8684,4356.7737,12
2023-09-15T02:30:00.000Z,4356.7737,4360.6474,4354.8368,4355.8053,6
2023-09-15T03:00:00.000Z,4355.8053,4371.3,4355.8053,4370.3316,33
2023-09-15T05:30:00.000Z,4370.3316,4370.3316,4322.8789,4357.7421,57
2023-09-15T06:00:00.000Z,4357.7421,4401.3211,4337.4053,4353.8684,81
2023-09-15T06:30:00.000Z,4353.8684,4371.3,4353.8684,4370.3947,54
2023-09-18T01:00:00.000Z,4370.1463,4370.1463,4312.8732,4322.5805,75
2023-09-18T01:30:00.000Z,4322.5805,4330.3463,4321.6098,4330.3463,9
2023-09-18T02:00:00.000Z,4330.3463,4341.0244,4330.3463,4335.2,11
2023-09-18T02:30:00.000Z,4335.2,4342.9659,4333.2585,4335.2,14
2023-09-18T03:00:00.000Z,4335.2,4336.1707,4326.4634,4336.1707,4
2023-09-18T05:30:00.000Z,4336.1707,4346.8488,4336.1707,4340.0537,6
2023-09-18T06:00:00.000Z,4340.0537,4341.0244,4335.2,4341.0244,8
2023-09-18T06:30:00.000Z,4341.0244,4344.9073,4332.2878,4343.9366,15
2023-09-19T01:00:00.000Z,4343.8429,4380.7571,4343.8429,4355.5,78
2023-09-19T01:30:00.000Z,4355.5,4355.5,4337.0429,4339.9571,41
2023-09-19T02:00:00.000Z,4339.9571,4354.5286,4338.0143,4344.8143,19
2023-09-19T02:30:00.000Z,4344.8143,4355.5,4344.8143,4344.8143,14
2023-09-19T03:00:00.000Z,4344.8143,4345.7857,4344.8143,4345.7857,2
2023-09-19T05:30:00.000Z,4345.7857,4361.3286,4343.8429,4344.8143,25
2023-09-19T06:00:00.000Z,4344.8143,4350.6429,4341.9,4341.9,18
2023-09-19T06:30:00.000Z,4341.9,4350.6429,4338.0143,4350.5095,23
2023-09-20T01:00:00.000Z,4336.6327,4338.0575,4286.6327,4301.2345,104
2023-09-20T01:30:00.000Z,4301.2345,4307.0752,4286.6327,4292.4735,57
2023-09-20T02:00:00.000Z,4292.4735,4296.3673,4260.3496,4267.1637,46
2023-09-20T02:30:00.000Z,4277.8717,4278.8451,4246.7212,4253.5354,107
2023-09-20T03:00:00.000Z,4253.5354,4273.0044,4238.9336,4258.4027,31
2023-09-20T05:30:00.000Z,4258.4027,4260.3496,4248.6681,4254.5088,27
2023-09-20T06:00:00.000Z,4254.5088,4260.3496,4252.5619,4254.5088,28
2023-09-20T06:30:00.000Z,4254.5088,4282.0221,4253.5354,4259.6283,46
2023-09-21T01:00:00.000Z,4259.5442,4259.5442,4165.0659,4194.286,134
2023-09-21T01:30:00.000Z,4194.286,4210.844,4194.286,4201.104,39
2023-09-21T02:00:00.000Z,4201.104,4210.844,4200.13,4200.13,13
2023-09-21T02:30:00.000Z,4200.13,4208.896,4198.182,4208.896,18
2023-09-21T03:00:00.000Z,4208.896,4208.896,4198.182,4198.182,7
2023-09-21T05:30:00.000Z,4198.182,4205.974,4178.0503,4181.9463,29
2023-09-21T06:00:00.000Z,4181.9463,4201.4263,4177.0763,4177.0763,35
2023-09-21T06:30:00.000Z,4177.0763,4199.4783,4153.7002,4159.5373,92
2023-09-22T01:00:00.000Z,4159.2398,4161.1914,4065.5595,4098.7379,264
2023-09-22T01:30:00.000Z,4098.7379,4108.4963,4089.9554,4108.4963,27
2023-09-22T02:00:00.000Z,4108.4963,4128.013,4108.4963,4118.2546,13
2023-09-22T02:30:00.000Z,4118.2546,4130.9405,4118.2546,4127.0372,38
2023-09-22T03:00:00.000Z,4127.0372,4128.9888,4116.303,4128.9888,19
2023-09-22T05:30:00.000Z,4128.9888,4129.052,4112.9628,4115.3829,24
2023-09-22T06:00:00.000Z,4115.3829,4130.0204,4115.3829,4130.0204,33
2023-09-22T06:30:00.000Z,4130.0204,4130.9963,4114.4071,4117.2212,37
2023-09-25T01:00:00.000Z,4118.292,4200.9706,4101.7563,4119.2647,171
2023-09-25T01:30:00.000Z,4119.2647,4122.1828,4101.8277,4101.8277,55
2023-09-25T02:00:00.000Z,4101.8277,4117.3908,4101.8277,4114.0756,16
2023-09-25T02:30:00.000Z,4114.0756,4114.2059,4105.1555,4114.2059,22
2023-09-25T03:00:00.000Z,4114.2059,4116.9391,4105.8046,4110.1303,14
2023-09-25T05:30:00.000Z,4110.1303,4126.666,4110.1303,4112.0756,10
2023-09-25T06:00:00.000Z,4112.0756,4112.0756,4102.3487,4102.3487,3
2023-09-25T06:30:00.000Z,4102.3487,4115.7479,4096.8508,4096.8508,29
2023-09-26T01:00:00.000Z,4100.14,4116.2347,4089.7258,4102.0335,96
2023-09-26T01:30:00.000Z,4102.0335,4104.8738,4092.5661,4098.2465,10
2023-09-26T02:00:00.000Z,4098.2465,4102.9803,4098.2465,4102.9803,7
2023-09-26T02:30:00.000Z,4102.9803,4108.6607,4077.4181,4087.8323,35
2023-09-26T03:00:00.000Z,4087.8323,4087.8323,4031.9744,4031.9744,43
2023-09-26T05:30:00.000Z,4031.9744,4032.9211,3849.2525,3904.9724,645
2023-09-26T06:00:00.000Z,3904.9724,3957.9901,3869.9428,3937.931,242
2023-09-26T06:30:00.000Z,3937.931,3966.1085,3933.9191,3952.8107,152
2023-09-27T01:00:00.000Z,3952.9465,4099.7186,3920.1279,4012.2023,214
2023-09-27T01:30:00.000Z,4012.2023,4047.7558,3977.2442,3995.6442,165
2023-09-27T02:00:00.000Z,3995.6442,4000.2023,3969.207,3977.4116,29
2023-09-27T02:30:00.000Z,3977.4116,3992.9093,3969.207,3969.7465,55
2023-09-27T03:00:00.000Z,3969.7465,3990.714,3948.7791,3955.1605,67
2023-09-27T05:30:00.000Z,3987.9791,3987.9791,3964.2767,3975.0395,52
2023-09-27T06:00:00.000Z,3975.0395,4035.207,3975.0395,3996.714,84
2023-09-27T06:30:00.000Z,3996.714,4016.9093,3970.4163,4015.8535,132
2023-09-28T01:00:00.000Z,4007.5169,4042.5282,4000.726,4017.8955,52
2023-09-28T01:30:00.000Z,4017.8955,4017.8955,3982.9181,3988.0028,82
2023-09-28T02:00:00.000Z,3988.0028,3995.5734,3984.4831,3985.9633,10
2023-09-28T02:30:00.000Z,3985.9633,3997.9068,3904.3362,3925.6638,81
2023-09-28T03:00:00.000Z,3925.6638,3932.4887,3801.8051,3831.6638,265
2023-09-28T05:30:00.000Z,3826.5452,3861.7373,3770.4548,3789.2232,190
2023-09-28T06:00:00.000Z,3789.2232,3946.0989,3786.6638,3870.3418,273
2023-09-28T06:30:00.000Z,3870.3418,3906.1723,3749.5508,3794.6073,208
2023-10-09T01:00:00.000Z,3830.95,3830.95,3830.95,3830.95,0
2023-10-09T01:30:00.000Z,3830.95,3830.95,3830.95,3830.95,0
2023-10-09T02:00:00.000Z,3830.95,3830.95,3830.95,3830.95,0
2023-10-09T02:30:00.000Z,3830.95,3830.95,3741.83,3757.2433,55
2023-10-09T03:00:00.000Z,3757.2433,3757.2433,3749.31,3753.39,3
2023-10-09T05:30:00.000Z,3753.39,3753.9567,3736.6167,3736.6167,6
2023-10-09T06:00:00.000Z,3736.6167,3739.45,3736.6167,3739.45,31
2023-10-09T06:30:00.000Z,3739.45,3739.45,3736.1067,3736.1067,1
2023-10-10T01:00:00.000Z,3752.2836,3858,3752.2836,3858,79
2023-10-10T01:30:00.000Z,3858,3863.7761,3858,3863.7761,3
2023-10-10T02:00:00.000Z,3863.7761,3863.9104,3863.7761,3863.9104,2
2023-10-10T02:30:00.000Z,3863.9104,3869.5821,3858.6642,3858.6642,2
2023-10-10T03:00:00.000Z,3858.6642,3859.2313,3858.6642,3859.2313,1
2023-10-10T05:30:00.000Z,3859.2313,3876.9627,3850.0597,3850.3284,51
2023-10-10T06:00:00.000Z,3850.3284,3850.3284,3843.8507,3843.8507,2
2023-10-10T06:30:00.000Z,3843.8507,3844.8209,3749.0112,3749.0112,33
2023-10-11T01:00:00.000Z,3784.7799,3792.6604,3782.153,3785.9739,6
2023-10-11T01:30:00.000Z,3785.9739,3785.9739,3785.9739,3785.9739,3
2023-10-11T02:00:00.000Z,3785.9739,3785.9739,3784.3022,3784.3022,1
2023-10-11T02:30:00.000Z,3784.3022,3788.6007,3784.3022,3788.6007,6
2023-10-11T03:00:00.000Z,3788.6007,3788.6007,3782.6306,3786.4515,3
2023-10-11T05:30:00.000Z,3786.4515,3786.4515,3777.1381,3781.9142,14
2023-10-11T06:00:00.000Z,3781.9142,3781.9142,3777.8545,3780.7201,3
2023-10-11T06:30:00.000Z,3780.7201,3808.5187,3777.6157,3808.5187,7
2023-10-12T01:00:00.000Z,3811.3297,3811.3297,3798.2894,3798.2894,2
2023-10-12T01:30:00.000Z,3798.2894,3806.1245,3798.2894,3803.3443,6
2023-10-12T02:00:00.000Z,3803.3443,3804.8608,3802.8388,3804.8608,5
2023-10-12T02:30:00.000Z,3804.8608,3806.1245,3801.8278,3802.5861,8
2023-10-12T03:00:00.000Z,3802.5861,3809.9158,3800.8168,3802.8388,7
2023-10-12T05:30:00.000Z,3802.8388,3802.8388,3802.3333,3802.3333,5
2023-10-12T06:00:00.000Z,3802.3333,3804.3553,3799.3004,3804.3553,8
2023-10-12T06:30:00.000Z,3804.3553,3818.6813,3800.8168,3818.1795,16
2023-10-13T01:00:00.000Z,3821.7106,3821.7106,3805.9304,3805.9304,6
2023-10-13T01:30:00.000Z,3805.9304,3806.4652,3805.9304,3806.4652,3
2023-10-13T02:00:00.000Z,3806.4652,3809.674,3806.4652,3809.674,4
2023-10-13T02:30:00.000Z,3809.674,3815.022,3809.1392,3811.5458,13
2023-10-13T03:00:00.000Z,3811.5458,3812.0806,3809.4066,3809.4066,3
2023-10-13T05:30:00.000Z,3809.4066,3814.4872,3809.4066,3814.4872,6
2023-10-13T06:00:00.000Z,3814.4872,3817.1612,3811.011,3811.8132,23
2023-10-13T06:30:00.000Z,3811.8132,3811.8132,3807.2198,3807.2198,10
2023-10-16T01:00:00.000Z,3816.6875,3822.1875,3807.8264,3817.9097,27
2023-10-16T01:30:00.000Z,3817.9097,3819.1319,3817.9097,3818.8264,3
2023-10-16T02:00:00.000Z,3818.8264,3825.2431,3818.8264,3825.2431,7
2023-10-16T02:30:00.000Z,3825.2431,3825.2431,3820.6597,3822.7986,8
2023-10-16T03:00:00.000Z,3822.7986,3825.8681,3819.3819,3820.9097,24
2023-10-16T05:30:00.000Z,3820.9097,3823.9653,3820.2986,3823.9653,23
2023-10-16T06:00:00.000Z,3823.9653,3823.9653,3820.2986,3821.8264,10
2023-10-16T06:30:00.000Z,3821.8264,3824.5764,3820.2986,3822.1042,38
2023-10-17T01:00:00.000Z,3955.8969,3957.3608,3928.8144,3943.4433,24
2023-10-17T01:30:00.000Z,3943.4433,3943.4433,3938.3196,3938.3196,1
2023-10-17T02:00:00.000Z,3938.3196,3944.1753,3938.3196,3941.9794,2
2023-10-17T02:30:00.000Z,3941.9794,3941.9794,3933.4175,3934.1495,22
2023-10-17T03:00:00.000Z,3934.1495,3940.0052,3934.1495,3940.0052,1
2023-10-17T05:30:00.000Z,3940.0052,3941.4485,3937.0567,3937.0567,47
2023-10-17T06:00:00.000Z,3937.0567,3937.0567,3930.4691,3930.4691,5
2023-10-17T06:30:00.000Z,3930.4691,3938.5206,3928.2732,3937.5052,7
2023-10-18T01:00:00.000Z,3959.7983,3962.3866,3953.9748,3953.9748,11
2023-10-18T01:30:00.000Z,3953.9748,3953.9748,3948.1513,3950.7395,10
2023-10-18T02:00:00.000Z,3950.7395,3950.7395,3950.7395,3950.7395,0
2023-10-18T02:30:00.000Z,3950.7395,3950.7395,3935.8571,3935.8571,7
2023-10-18T03:00:00.000Z,3935.8571,3950.7395,3917.0924,3917.0924,11
2023-10-18T05:30:00.000Z,3917.0924,3938.4454,3917.0924,3922.916,9
2023-10-18T06:00:00.000Z,3922.916,3930.0336,3870.3697,3874.2521,38
2023-10-18T06:30:00.000Z,3874.2521,3883,3868.7647,3868.7647,17
2023-10-19T01:00:00.000Z,3894.1973,3902.6233,3874.4933,3876.0987,55
2023-10-19T01:30:00.000Z,3876.0987,3880.9731,3875.6682,3880.9731,17
2023-10-19T02:00:00.000Z,3880.9731,3880.9731,3880.9731,3880.9731,2
2023-10-19T02:30:00.000Z,3881.7309,3887.0359,3876.426,3876.426,15
2023-10-19T03:00:00.000Z,3876.426,3877.9417,3875.6682,3875.6682,7
2023-10-19T05:30:00.000Z,3875.6682,3884.7623,3875.6682,3882.4529,27
2023-10-19T06:00:00.000Z,3882.4529,3891.5471,3880.1794,3891.5471,17
2023-10-19T06:30:00.000Z,3891.5471,3891.5471,3878.5471,3878.5471,3
2023-10-20T01:00:00.000Z,3888.044,3893.1209,3888.044,3892.3956,15
2023-10-20T01:30:00.000Z,3892.3956,3896.5971,3874.8022,3878.2088,40
2023-10-20T02:00:00.000Z,3878.2088,3878.2088,3875.3077,3875.3077,19
2023-10-20T02:30:00.000Z,3875.3077,3876.033,3847.7473,3874.5824,17
2023-10-20T03:00:00.000Z,3874.5824,3874.5824,3853.4139,3858.4908,21
2023-10-20T05:30:00.000Z,3858.4908,3861.3919,3855.5897,3857.7656,6
2023-10-20T06:00:00.000Z,3857.7656,3862.1172,3857.7656,3862.1172,7
2023-10-20T06:30:00.000Z,3862.1172,3863.5678,3854.8645,3863.5678,8
2023-10-23T01:00:00.000Z,3874.4156,3874.4156,3842.0782,3842.0782,8
2023-10-23T01:30:00.000Z,3842.0782,3867.0905,3842.0782,3857.2634,12
2023-10-23T02:00:00.000Z,3857.2634,3857.2634,3857.2634,3857.2634,0
2023-10-23T02:30:00.000Z,3857.2634,3867.0905,3851.2263,3851.2263,9
2023-10-23T03:00:00.000Z,3851.2263,3858.5967,3849.5885,3857.7778,10
2023-10-23T05:30:00.000Z,3857.7778,3861.0535,3857.7778,3860.2346,3
2023-10-23T06:00:00.000Z,3860.2346,3888.0782,3856.1399,3868.4239,11
2023-10-23T06:30:00.000Z,3868.4239,3880.7366,3858.5967,3869.251,32
