time,open,high,low,close,volume
2023-01-18T00:00:00.000Z,1.22833,1.22836,1.22749,1.22753,422
2023-01-18T00:05:00.000Z,1.22752,1.22767,1.22734,1.2275,435
2023-01-18T00:10:00.000Z,1.22747,1.22771,1.22744,1.22755,424
2023-01-18T00:15:00.000Z,1.22754,1.22785,1.22753,1.22765,384
2023-01-18T00:20:00.000Z,1.22764,1.2279,1.22764,1.22785,380
2023-01-18T00:25:00.000Z,1.22786,1.22793,1.22772,1.22775,373
2023-01-18T00:30:00.000Z,1.22776,1.22813,1.22776,1.22812,582
2023-01-18T00:35:00.000Z,1.22814,1.22815,1.22758,1.22765,471
2023-01-18T00:40:00.000Z,1.22764,1.22794,1.2275,1.22753,405
2023-01-18T00:45:00.000Z,1.22752,1.22768,1.22738,1.22752,566
2023-01-18T00:50:00.000Z,1.22753,1.22773,1.22709,1.22732,593
2023-01-18T00:55:00.000Z,1.22735,1.2274,1.22686,1.22717,626
2023-01-18T01:00:00.000Z,1.2272,1.22782,1.22703,1.22782,629
2023-01-18T01:05:00.000Z,1.22781,1.22811,1.22779,1.22809,484
2023-01-18T01:10:00.000Z,1.22811,1.22811,1.22719,1.22745,438
2023-01-18T01:15:00.000Z,1.22746,1.22803,1.2273,1.22796,429
2023-01-18T01:20:00.000Z,1.22794,1.22812,1.22775,1.22789,424
2023-01-18T01:25:00.000Z,1.2279,1.22804,1.22757,1.22764,287
2023-01-18T01:30:00.000Z,1.22765,1.22802,1.22743,1.2275,546
2023-01-18T01:35:00.000Z,1.22749,1.22764,1.22727,1.22741,537
2023-01-18T01:40:00.000Z,1.22742,1.22768,1.22737,1.22756,379
2023-01-18T01:45:00.000Z,1.22755,1.2276,1.22708,1.22759,383
2023-01-18T01:50:00.000Z,1.22758,1.22785,1.22754,1.22768,567
2023-01-18T01:55:00.000Z,1.22767,1.2285,1.22767,1.22846,554
2023-01-18T02:00:00.000Z,1.22845,1.229,1.22837,1.22879,435
2023-01-18T02:05:00.000Z,1.22878,1.2288,1.22836,1.22841,311
2023-01-18T02:10:00.000Z,1.2284,1.22873,1.22839,1.2285,343
2023-01-18T02:15:00.000Z,1.22849,1.2286,1.2283,1.2286,377
2023-01-18T02:20:00.000Z,1.22861,1.22874,1.2285,1.22852,514
2023-01-18T02:25:00.000Z,1.22851,1.22852,1.22789,1.22794,361
2023-01-18T02:30:00.000Z,1.22791,1.22809,1.22773,1.22783,445
2023-01-18T02:35:00.000Z,1.22782,1.22832,1.22764,1.22771,370
2023-01-18T02:40:00.000Z,1.22772,1.22798,1.22547,1.22725,1611
2023-01-18T02:45:00.000Z,1.22732,1.22739,1.22652,1.22704,1135
2023-01-18T02:50:00.000Z,1.22711,1.22753,1.22552,1.22614,1095
2023-01-18T02:55:00.000Z,1.22615,1.22748,1.22552,1.22728,931
2023-01-18T03:00:00.000Z,1.22734,1.2274,1.22635,1.2265,881
2023-01-18T03:05:00.000Z,1.22651,1.22757,1.22624,1.22741,681
2023-01-18T03:10:00.000Z,1.22743,1.22809,1.22732,1.22809,810
2023-01-18T03:15:00.000Z,1.22809,1.22827,1.22753,1.22773,689
2023-01-18T03:20:00.000Z,1.22774,1.22901,1.22738,1.22782,761
2023-01-18T03:25:00.000Z,1.22781,1.22792,1.22709,1.22736,573
2023-01-18T03:30:00.000Z,1.22736,1.22736,1.22632,1.22652,755
2023-01-18T03:35:00.000Z,1.22654,1.2268,1.22627,1.22654,559
2023-01-18T03:40:00.000Z,1.22655,1.22739,1.22602,1.22706,627
2023-01-18T03:45:00.000Z,1.22706,1.2275,1.22688,1.22691,596
2023-01-18T03:50:00.000Z,1.22689,1.22707,1.22649,1.22675,730
2023-01-18T03:55:00.000Z,1.22673,1.22722,1.22659,1.22684,584
2023-01-18T04:00:00.000Z,1.22683,1.22743,1.22659,1.22685,534
2023-01-18T04:05:00.000Z,1.22686,1.22689,1.22629,1.22638,544
2023-01-18T04:10:00.000Z,1.2264,1.22707,1.22638,1.22698,598
2023-01-18T04:15:00.000Z,1.22699,1.22746,1.22693,1.22746,399
2023-01-18T04:20:00.000Z,1.22747,1.22763,1.22695,1.22729,433
2023-01-18T04:25:00.000Z,1.2273,1.22761,1.22701,1.22759,419
2023-01-18T04:30:00.000Z,1.22756,1.22793,1.22733,1.22787,564
2023-01-18T04:35:00.000Z,1.22788,1.22813,1.22781,1.22788,323
2023-01-18T04:40:00.000Z,1.22787,1.22823,1.22786,1.22798,364
2023-01-18T04:45:00.000Z,1.22799,1.22835,1.22782,1.22828,384
2023-01-18T04:50:00.000Z,1.22828,1.22849,1.22789,1.22816,422
2023-01-18T04:55:00.000Z,1.22817,1.2284,1.2281,1.22827,348
2023-01-18T05:00:00.000Z,1.22824,1.22879,1.22813,1.2285,412
2023-01-18T05:05:00.000Z,1.22852,1.22852,1.22783,1.22811,430
2023-01-18T05:10:00.000Z,1.22812,1.22823,1.22789,1.22794,417
2023-01-18T05:15:00.000Z,1.22794,1.22831,1.22772,1.22811,329
2023-01-18T05:20:00.000Z,1.2281,1.22849,1.2278,1.22787,362
2023-01-18T05:25:00.000Z,1.22786,1.22802,1.22696,1.22718,572
2023-01-18T05:30:00.000Z,1.22719,1.22731,1.2269,1.22726,527
2023-01-18T05:35:00.000Z,1.22727,1.2275,1.22712,1.2274,570
2023-01-18T05:40:00.000Z,1.22739,1.22797,1.22737,1.22744,660
2023-01-18T05:45:00.000Z,1.22743,1.2279,1.22727,1.22767,564
2023-01-18T05:50:00.000Z,1.22766,1.22831,1.22761,1.22817,630
2023-01-18T05:55:00.000Z,1.22815,1.22824,1.22779,1.22824,529
2023-01-18T06:00:00.000Z,1.22823,1.22889,1.22817,1.2288,588
2023-01-18T06:05:00.000Z,1.22879,1.22898,1.22841,1.22889,455
2023-01-18T06:10:00.000Z,1.22894,1.22956,1.22894,1.22905,665
2023-01-18T06:15:00.000Z,1.22907,1.22944,1.22888,1.22936,555
2023-01-18T06:20:00.000Z,1.22935,1.22963,1.2291,1.22957,665
2023-01-18T06:25:00.000Z,1.22958,1.22962,1.22871,1.22892,475
2023-01-18T06:30:00.000Z,1.22895,1.2294,1.22863,1.2288,543
2023-01-18T06:35:00.000Z,1.22881,1.22903,1.22857,1.22888,511
2023-01-18T06:40:00.000Z,1.22887,1.22902,1.22823,1.22893,614
2023-01-18T06:45:00.000Z,1.22892,1.22913,1.22857,1.22867,490
2023-01-18T06:50:00.000Z,1.22866,1.22894,1.22823,1.22872,591
2023-01-18T06:55:00.000Z,1.22871,1.22931,1.22852,1.22916,568
2023-01-18T07:00:00.000Z,1.22914,1.23201,1.22914,1.23163,1067
2023-01-18T07:05:00.000Z,1.23165,1.23168,1.23081,1.23097,798
2023-01-18T07:10:00.000Z,1.23098,1.23181,1.23069,1.23151,923
2023-01-18T07:15:00.000Z,1.23158,1.23244,1.23151,1.23208,799
2023-01-18T07:20:00.000Z,1.23209,1.23209,1.23151,1.23179,938
2023-01-18T07:25:00.000Z,1.2318,1.23357,1.23169,1.23245,1139
2023-01-18T07:30:00.000Z,1.23246,1.2326,1.23193,1.23246,1037
2023-01-18T07:35:00.000Z,1.23249,1.23335,1.23183,1.23219,1243
2023-01-18T07:40:00.000Z,1.23218,1.23302,1.23169,1.23292,1418
2023-01-18T07:45:00.000Z,1.23294,1.2334,1.23178,1.23222,1431
2023-01-18T07:50:00.000Z,1.23223,1.23306,1.23218,1.2325,1025
2023-01-18T07:55:00.000Z,1.23253,1.23304,1.23142,1.23152,970
2023-01-18T08:00:00.000Z,1.23153,1.23244,1.23128,1.23239,1185
2023-01-18T08:05:00.000Z,1.23237,1.23259,1.2312,1.23129,1022
2023-01-18T08:10:00.000Z,1.23128,1.23248,1.23104,1.23238,959
2023-01-18T08:15:00.000Z,1.23238,1.23407,1.23238,1.23353,1247
2023-01-18T08:20:00.000Z,1.23352,1.23383,1.23227,1.23293,1163
2023-01-18T08:25:00.000Z,1.23293,1.23332,1.23253,1.23268,981
2023-01-18T08:30:00.000Z,1.23269,1.23352,1.23261,1.23349,920
2023-01-18T08:35:00.000Z,1.23349,1.23349,1.23233,1.23304,796
2023-01-18T08:40:00.000Z,1.23303,1.23352,1.23264,1.23334,882
2023-01-18T08:45:00.000Z,1.23336,1.23362,1.23297,1.23301,1037
2023-01-18T08:50:00.000Z,1.233,1.23405,1.23288,1.23381,1133
2023-01-18T08:55:00.000Z,1.2338,1.2339,1.23302,1.2339,1020
2023-01-18T09:00:00.000Z,1.23391,1.23394,1.23242,1.23255,1069
2023-01-18T09:05:00.000Z,1.23254,1.23365,1.23234,1.23353,762
2023-01-18T09:10:00.000Z,1.23351,1.23366,1.23271,1.23308,757
2023-01-18T09:15:00.000Z,1.23309,1.23372,1.23287,1.2333,911
2023-01-18T09:20:00.000Z,1.23331,1.23362,1.23289,1.23339,853
2023-01-18T09:25:00.000Z,1.23338,1.2337,1.23258,1.2331,831
2023-01-18T09:30:00.000Z,1.23318,1.23373,1.23254,1.23357,1188
2023-01-18T09:35:00.000Z,1.23358,1.2339,1.23314,1.2333,810
2023-01-18T09:40:00.000Z,1.2333,1.23396,1.23305,1.23392,870
2023-01-18T09:45:00.000Z,1.23392,1.23482,1.2337,1.23482,967
2023-01-18T09:50:00.000Z,1.23481,1.23494,1.23389,1.23491,949
2023-01-18T09:55:00.000Z,1.23492,1.23633,1.23492,1.23588,1034
2023-01-18T10:00:00.000Z,1.23589,1.23616,1.23513,1.23515,963
2023-01-18T10:05:00.000Z,1.23517,1.23529,1.23466,1.23482,734
2023-01-18T10:10:00.000Z,1.23482,1.23498,1.23387,1.23395,956
2023-01-18T10:15:00.000Z,1.23398,1.23484,1.23395,1.2347,768
2023-01-18T10:20:00.000Z,1.23469,1.23492,1.23423,1.23439,1052
2023-01-18T10:25:00.000Z,1.23439,1.23491,1.23422,1.23425,793
2023-01-18T10:30:00.000Z,1.23426,1.23512,1.23376,1.23491,941
2023-01-18T10:35:00.000Z,1.23489,1.23492,1.23426,1.23428,875
2023-01-18T10:40:00.000Z,1.23429,1.23448,1.23406,1.23428,752
2023-01-18T10:45:00.000Z,1.23427,1.2345,1.23398,1.23428,740
2023-01-18T10:50:00.000Z,1.23429,1.23463,1.23417,1.23445,678
2023-01-18T10:55:00.000Z,1.23446,1.23524,1.23439,1.23487,994
2023-01-18T11:00:00.000Z,1.23485,1.23553,1.23479,1.23525,922
2023-01-18T11:05:00.000Z,1.23525,1.23543,1.23497,1.23541,625
2023-01-18T11:10:00.000Z,1.2354,1.23579,1.23507,1.23573,837
2023-01-18T11:15:00.000Z,1.23572,1.23601,1.23535,1.2354,774
2023-01-18T11:20:00.000Z,1.23539,1.23558,1.23442,1.23473,736
2023-01-18T11:25:00.000Z,1.23474,1.23594,1.23471,1.23588,766
2023-01-18T11:30:00.000Z,1.23589,1.23592,1.23517,1.23592,757
2023-01-18T11:35:00.000Z,1.23598,1.23784,1.23596,1.2378,756
2023-01-18T11:40:00.000Z,1.23778,1.23824,1.23737,1.23791,1010
2023-01-18T11:45:00.000Z,1.23796,1.23852,1.237,1.2382,912
2023-01-18T11:50:00.000Z,1.23821,1.23879,1.23765,1.23815,1001
2023-01-18T11:55:00.000Z,1.23816,1.23885,1.23701,1.23726,1039
2023-01-18T12:00:00.000Z,1.23722,1.23772,1.23676,1.23697,1057
2023-01-18T12:05:00.000Z,1.23698,1.23717,1.23588,1.23636,893
2023-01-18T12:10:00.000Z,1.23634,1.2372,1.23624,1.237,758
2023-01-18T12:15:00.000Z,1.23703,1.23728,1.23641,1.2365,708
2023-01-18T12:20:00.000Z,1.23651,1.23707,1.2364,1.23689,923
2023-01-18T12:25:00.000Z,1.23688,1.2369,1.23635,1.23661,740
2023-01-18T12:30:00.000Z,1.23663,1.23682,1.2361,1.23616,889
2023-01-18T12:35:00.000Z,1.23617,1.23619,1.23543,1.23558,738
2023-01-18T12:40:00.000Z,1.23558,1.23612,1.23528,1.23603,751
2023-01-18T12:45:00.000Z,1.23602,1.23633,1.2356,1.23619,696
2023-01-18T12:50:00.000Z,1.23618,1.23752,1.23613,1.23722,845
2023-01-18T12:55:00.000Z,1.23721,1.23735,1.23659,1.23693,1077
2023-01-18T13:00:00.000Z,1.23695,1.2379,1.23657,1.23783,1186
2023-01-18T13:05:00.000Z,1.23782,1.23783,1.23725,1.23752,970
2023-01-18T13:10:00.000Z,1.23752,1.23828,1.23752,1.23828,925
2023-01-18T13:15:00.000Z,1.23829,1.23833,1.23793,1.23793,814
2023-01-18T13:20:00.000Z,1.23792,1.23898,1.23786,1.23803,894
2023-01-18T13:25:00.000Z,1.23802,1.23903,1.23798,1.23846,919
2023-01-18T13:30:00.000Z,1.23846,1.24206,1.23846,1.23933,1949
2023-01-18T13:35:00.000Z,1.23936,1.24004,1.23861,1.23951,1932
2023-01-18T13:40:00.000Z,1.23951,1.2412,1.23929,1.24077,1810
2023-01-18T13:45:00.000Z,1.24075,1.24168,1.24021,1.24123,1601
2023-01-18T13:50:00.000Z,1.24124,1.24218,1.24098,1.24196,1793
2023-01-18T13:55:00.000Z,1.24198,1.242,1.23951,1.23952,1502
2023-01-18T14:00:00.000Z,1.2395,1.24011,1.23863,1.2401,1336
2023-01-18T14:05:00.000Z,1.24011,1.24107,1.24011,1.24088,1366
2023-01-18T14:10:00.000Z,1.24088,1.24126,1.23974,1.24117,1274
2023-01-18T14:15:00.000Z,1.24117,1.24288,1.24117,1.24219,1783
2023-01-18T14:20:00.000Z,1.24218,1.24318,1.24184,1.24318,1695
2023-01-18T14:25:00.000Z,1.24318,1.24354,1.24221,1.24264,1636
2023-01-18T14:30:00.000Z,1.24263,1.24358,1.242,1.24209,1837
2023-01-18T14:35:00.000Z,1.24205,1.24216,1.23974,1.24132,1944
2023-01-18T14:40:00.000Z,1.24133,1.24259,1.24021,1.2409,1819
2023-01-18T14:45:00.000Z,1.24091,1.24157,1.23958,1.24126,1778
2023-01-18T14:50:00.000Z,1.24126,1.24157,1.24037,1.24087,1425
2023-01-18T14:55:00.000Z,1.24088,1.24125,1.24015,1.24119,1367
2023-01-18T15:00:00.000Z,1.2412,1.24154,1.23967,1.23998,1564
2023-01-18T15:05:00.000Z,1.24006,1.24071,1.23987,1.24011,1425
2023-01-18T15:10:00.000Z,1.24015,1.24081,1.23887,1.23922,1398
2023-01-18T15:15:00.000Z,1.23924,1.24058,1.23896,1.23904,1496
2023-01-18T15:20:00.000Z,1.23906,1.24022,1.23893,1.23995,1432
2023-01-18T15:25:00.000Z,1.23995,1.24031,1.23952,1.24008,1209
2023-01-18T15:30:00.000Z,1.24007,1.24038,1.23909,1.23995,1296
2023-01-18T15:35:00.000Z,1.23994,1.24033,1.23882,1.23883,1292
2023-01-18T15:40:00.000Z,1.23885,1.23982,1.23871,1.23975,1573
2023-01-18T15:45:00.000Z,1.23975,1.24168,1.2396,1.2411,1420
2023-01-18T15:50:00.000Z,1.24112,1.24128,1.23954,1.23962,1501
2023-01-18T15:55:00.000Z,1.23962,1.23962,1.23843,1.2394,1446
2023-01-18T16:00:00.000Z,1.2394,1.2394,1.23884,1.23906,1318
2023-01-18T16:05:00.000Z,1.23908,1.23909,1.23851,1.23888,1057
2023-01-18T16:10:00.000Z,1.23884,1.23884,1.23828,1.23874,1239
2023-01-18T16:15:00.000Z,1.23875,1.23875,1.23739,1.23746,1060
2023-01-18T16:20:00.000Z,1.23747,1.23756,1.23628,1.23658,1179
2023-01-18T16:25:00.000Z,1.23658,1.23784,1.23613,1.23689,1232
2023-01-18T16:30:00.000Z,1.2368,1.23682,1.23569,1.23578,1195
2023-01-18T16:35:00.000Z,1.23578,1.23596,1.23545,1.23577,1176
2023-01-18T16:40:00.000Z,1.23578,1.23642,1.23546,1.23551,1196
2023-01-18T16:45:00.000Z,1.23553,1.23583,1.2353,1.23583,1236
2023-01-18T16:50:00.000Z,1.23584,1.23601,1.23544,1.23594,1049
2023-01-18T16:55:00.000Z,1.23594,1.23686,1.23589,1.23675,1013
2023-01-18T17:00:00.000Z,1.23676,1.2368,1.23565,1.23567,1110
2023-01-18T17:05:00.000Z,1.23566,1.23631,1.23564,1.23589,1166
2023-01-18T17:10:00.000Z,1.23589,1.23631,1.23504,1.23527,1174
2023-01-18T17:15:00.000Z,1.23528,1.2356,1.23408,1.23448,1159
2023-01-18T17:20:00.000Z,1.23448,1.23484,1.23351,1.23396,1346
2023-01-18T17:25:00.000Z,1.23396,1.23411,1.23313,1.23391,1109
2023-01-18T17:30:00.000Z,1.23392,1.23401,1.23327,1.23351,1166
2023-01-18T17:35:00.000Z,1.23352,1.23448,1.23351,1.23403,1075
2023-01-18T17:40:00.000Z,1.23403,1.23434,1.23387,1.23413,967
2023-01-18T17:45:00.000Z,1.23413,1.23419,1.23373,1.23411,789
2023-01-18T17:50:00.000Z,1.2341,1.23435,1.23379,1.23415,805
2023-01-18T17:55:00.000Z,1.23418,1.23485,1.23409,1.23455,844
2023-01-18T18:00:00.000Z,1.23458,1.2348,1.23401,1.23433,876
2023-01-18T18:05:00.000Z,1.23432,1.23457,1.23382,1.23388,1028
2023-01-18T18:10:00.000Z,1.23387,1.23414,1.23367,1.23378,898
2023-01-18T18:15:00.000Z,1.23375,1.23405,1.23364,1.23372,879
2023-01-18T18:20:00.000Z,1.23373,1.23422,1.23343,1.23411,808
2023-01-18T18:25:00.000Z,1.23411,1.23411,1.23355,1.23363,717
2023-01-18T18:30:00.000Z,1.23362,1.23374,1.23314,1.23314,662
2023-01-18T18:35:00.000Z,1.2332,1.23335,1.23284,1.23309,667
2023-01-18T18:40:00.000Z,1.23308,1.23345,1.23305,1.23327,646
2023-01-18T18:45:00.000Z,1.23325,1.2347,1.23325,1.23414,995
2023-01-18T18:50:00.000Z,1.23415,1.23425,1.23371,1.23403,720
2023-01-18T18:55:00.000Z,1.23402,1.23404,1.23335,1.23369,763
2023-01-18T19:00:00.000Z,1.23371,1.23372,1.23294,1.23295,923
2023-01-18T19:05:00.000Z,1.23296,1.23357,1.23274,1.23343,1077
2023-01-18T19:10:00.000Z,1.23344,1.23365,1.23331,1.23335,922
2023-01-18T19:15:00.000Z,1.23335,1.23356,1.23308,1.2335,861
2023-01-18T19:20:00.000Z,1.23351,1.23385,1.23305,1.2333,850
2023-01-18T19:25:00.000Z,1.23328,1.23386,1.23325,1.2336,839
2023-01-18T19:30:00.000Z,1.23359,1.23377,1.23352,1.23367,508
2023-01-18T19:35:00.000Z,1.23368,1.23374,1.2333,1.23348,909
2023-01-18T19:40:00.000Z,1.23347,1.23385,1.23336,1.2337,690
2023-01-18T19:45:00.000Z,1.23371,1.23373,1.23331,1.23345,621
2023-01-18T19:50:00.000Z,1.23347,1.23355,1.23325,1.23326,644
2023-01-18T19:55:00.000Z,1.23327,1.23438,1.23311,1.23413,953
2023-01-18T20:00:00.000Z,1.23413,1.23417,1.23327,1.23358,998
2023-01-18T20:05:00.000Z,1.23358,1.23375,1.23344,1.23348,594
2023-01-18T20:10:00.000Z,1.23346,1.23383,1.23332,1.23367,1006
2023-01-18T20:15:00.000Z,1.23366,1.23381,1.2335,1.23362,1064
2023-01-18T20:20:00.000Z,1.23362,1.23403,1.23343,1.23379,1084
2023-01-18T20:25:00.000Z,1.23378,1.2343,1.23375,1.23402,780
2023-01-18T20:30:00.000Z,1.23401,1.23401,1.23329,1.23356,798
2023-01-18T20:35:00.000Z,1.23355,1.2338,1.23324,1.23354,808
2023-01-18T20:40:00.000Z,1.23356,1.23395,1.23333,1.2337,596
2023-01-18T20:45:00.000Z,1.23371,1.234,1.23352,1.23376,687
2023-01-18T20:50:00.000Z,1.23375,1.2339,1.2336,1.23386,721
2023-01-18T20:55:00.000Z,1.23386,1.23401,1.23372,1.23378,637
2023-01-18T21:00:00.000Z,1.23379,1.234,1.23361,1.23398,559
2023-01-18T21:05:00.000Z,1.23402,1.23406,1.23385,1.23401,418
2023-01-18T21:10:00.000Z,1.23401,1.2341,1.23388,1.23401,473
2023-01-18T21:15:00.000Z,1.23401,1.23453,1.23397,1.23425,370
2023-01-18T21:20:00.000Z,1.23428,1.23454,1.23428,1.23439,374
2023-01-18T21:25:00.000Z,1.23439,1.23439,1.23408,1.23419,336
2023-01-18T21:30:00.000Z,1.23418,1.23443,1.2341,1.2341,455
2023-01-18T21:35:00.000Z,1.2341,1.23456,1.2341,1.23433,380
2023-01-18T21:40:00.000Z,1.2343,1.2346,1.23427,1.23445,522
2023-01-18T21:45:00.000Z,1.23443,1.23443,1.23415,1.23422,262
2023-01-18T21:50:00.000Z,1.23422,1.23463,1.23421,1.23449,326
2023-01-18T21:55:00.000Z,1.23449,1.2346,1.23433,1.23441,215
2023-01-18T22:00:00.000Z,1.23417,1.23486,1.23417,1.23461,99
2023-01-18T22:05:00.000Z,1.23465,1.23471,1.23445,1.23448,19
2023-01-18T22:10:00.000Z,1.23449,1.23449,1.23408,1.2344,13
2023-01-18T22:15:00.000Z,1.23417,1.23451,1.23405,1.23448,359
2023-01-18T22:20:00.000Z,1.23446,1.23458,1.2344,1.23445,640
2023-01-18T22:25:00.000Z,1.23448,1.23448,1.23431,1.23431,157
2023-01-18T22:30:00.000Z,1.23435,1.23435,1.23435,1.23435,1
2023-01-18T22:35:00.000Z,1.23435,1.23435,1.23435,1.23435,9
2023-01-18T22:40:00.000Z,1.23432,1.23432,1.23429,1.23431,5
2023-01-18T22:45:00.000Z,1.23435,1.23462,1.23435,1.23462,44
2023-01-18T22:50:00.000Z,1.23462,1.23478,1.23452,1.23462,348
2023-01-18T22:55:00.000Z,1.23452,1.23473,1.23446,1.23464,171
2023-01-18T23:00:00.000Z,1.23464,1.23468,1.2345,1.23456,454
2023-01-18T23:05:00.000Z,1.23455,1.23456,1.23416,1.23434,694
2023-01-18T23:10:00.000Z,1.23434,1.2347,1.23432,1.23449,291
2023-01-18T23:15:00.000Z,1.2345,1.23458,1.23433,1.23451,585
2023-01-18T23:20:00.000Z,1.2345,1.23466,1.23441,1.23466,765
2023-01-18T23:25:00.000Z,1.23467,1.2347,1.23454,1.23463,583
2023-01-18T23:30:00.000Z,1.23455,1.23461,1.23443,1.23456,474
2023-01-18T23:35:00.000Z,1.23455,1.23472,1.23447,1.2346,322
2023-01-18T23:40:00.000Z,1.23461,1.23465,1.23449,1.23458,270
2023-01-18T23:45:00.000Z,1.23457,1.23471,1.23453,1.23456,285
2023-01-18T23:50:00.000Z,1.23457,1.23467,1.23446,1.23465,403
2023-01-18T23:55:00.000Z,1.23466,1.23488,1.23461,1.23466,283
2023-01-19T00:00:00.000Z,1.23472,1.23491,1.23445,1.2349,441
2023-01-19T00:05:00.000Z,1.2349,1.23499,1.23442,1.23446,560
2023-01-19T00:10:00.000Z,1.23445,1.23495,1.23443,1.2349,521
2023-01-19T00:15:00.000Z,1.23488,1.23493,1.23465,1.23472,461
2023-01-19T00:20:00.000Z,1.23473,1.23489,1.23394,1.23398,504
2023-01-19T00:25:00.000Z,1.23397,1.2341,1.23343,1.23379,590
2023-01-19T00:30:00.000Z,1.23383,1.23439,1.23368,1.23391,848
2023-01-19T00:35:00.000Z,1.23393,1.23409,1.23317,1.23325,789
2023-01-19T00:40:00.000Z,1.23324,1.23345,1.23292,1.23328,599
2023-01-19T00:45:00.000Z,1.23329,1.23348,1.23277,1.23281,550
2023-01-19T00:50:00.000Z,1.23283,1.23285,1.23242,1.23262,655
2023-01-19T00:55:00.000Z,1.23262,1.23263,1.23195,1.232,390
2023-01-19T01:00:00.000Z,1.23205,1.23282,1.23205,1.23279,686
2023-01-19T01:05:00.000Z,1.23281,1.23339,1.23278,1.2332,735
2023-01-19T01:10:00.000Z,1.2332,1.23327,1.23264,1.23265,784
2023-01-19T01:15:00.000Z,1.23264,1.23283,1.23256,1.23266,396
2023-01-19T01:20:00.000Z,1.23267,1.23267,1.23228,1.23256,297
2023-01-19T01:25:00.000Z,1.23255,1.23276,1.23242,1.23262,276
2023-01-19T01:30:00.000Z,1.23261,1.23297,1.23256,1.23286,474
2023-01-19T01:35:00.000Z,1.23285,1.23303,1.23259,1.23262,422
2023-01-19T01:40:00.000Z,1.23261,1.23266,1.23239,1.23243,435
2023-01-19T01:45:00.000Z,1.23244,1.23247,1.23198,1.23228,508
2023-01-19T01:50:00.000Z,1.23229,1.23229,1.23189,1.2321,508
2023-01-19T01:55:00.000Z,1.23209,1.23366,1.23204,1.23364,878
2023-01-19T02:00:00.000Z,1.23364,1.23377,1.23225,1.23226,557
2023-01-19T02:05:00.000Z,1.23225,1.23248,1.23204,1.23242,469
2023-01-19T02:10:00.000Z,1.23241,1.23242,1.23198,1.23207,339
2023-01-19T02:15:00.000Z,1.23206,1.23229,1.23206,1.23219,383
2023-01-19T02:20:00.000Z,1.2322,1.2323,1.2321,1.23226,406
2023-01-19T02:25:00.000Z,1.23227,1.23255,1.23221,1.23254,437
2023-01-19T02:30:00.000Z,1.23252,1.23324,1.2325,1.23323,432
2023-01-19T02:35:00.000Z,1.23322,1.23332,1.23297,1.23312,360
2023-01-19T02:40:00.000Z,1.2331,1.23334,1.23304,1.23328,383
2023-01-19T02:45:00.000Z,1.23327,1.23344,1.23317,1.23323,522
2023-01-19T02:50:00.000Z,1.23323,1.23332,1.23312,1.23328,349
2023-01-19T02:55:00.000Z,1.23326,1.23326,1.23285,1.23299,427
2023-01-19T03:00:00.000Z,1.23299,1.2334,1.23288,1.2332,377
2023-01-19T03:05:00.000Z,1.23321,1.23322,1.233,1.23308,284
2023-01-19T03:10:00.000Z,1.23307,1.23356,1.23296,1.23345,395
2023-01-19T03:15:00.000Z,1.23344,1.23345,1.23314,1.23327,426
2023-01-19T03:20:00.000Z,1.23328,1.23339,1.23312,1.23313,354
2023-01-19T03:25:00.000Z,1.23312,1.23329,1.23304,1.23325,226
2023-01-19T03:30:00.000Z,1.23326,1.23354,1.23319,1.23353,184
2023-01-19T03:35:00.000Z,1.23352,1.23355,1.23325,1.23347,286
2023-01-19T03:40:00.000Z,1.23346,1.23435,1.23346,1.23427,454
2023-01-19T03:45:00.000Z,1.23426,1.23454,1.23384,1.23385,483
2023-01-19T03:50:00.000Z,1.23386,1.23407,1.23366,1.23376,639
2023-01-19T03:55:00.000Z,1.23374,1.23385,1.23328,1.2334,541
2023-01-19T04:00:00.000Z,1.23341,1.23389,1.23332,1.23369,671
2023-01-19T04:05:00.000Z,1.23369,1.23378,1.23345,1.23372,629
2023-01-19T04:10:00.000Z,1.23373,1.23378,1.23325,1.23349,524
2023-01-19T04:15:00.000Z,1.2335,1.23367,1.23331,1.23333,478
2023-01-19T04:20:00.000Z,1.23332,1.2336,1.23311,1.23356,447
2023-01-19T04:25:00.000Z,1.23355,1.23374,1.23321,1.2333,568
2023-01-19T04:30:00.000Z,1.23331,1.23338,1.23303,1.23308,363
2023-01-19T04:35:00.000Z,1.23306,1.23331,1.23303,1.23307,408
2023-01-19T04:40:00.000Z,1.23311,1.23314,1.23301,1.23308,441
2023-01-19T04:45:00.000Z,1.23307,1.23326,1.23302,1.23312,488
2023-01-19T04:50:00.000Z,1.23313,1.23328,1.23306,1.23309,307
2023-01-19T04:55:00.000Z,1.2331,1.2333,1.23301,1.23319,428
2023-01-19T05:00:00.000Z,1.23319,1.23339,1.23301,1.23334,458
2023-01-19T05:05:00.000Z,1.23335,1.23348,1.23302,1.23306,471
2023-01-19T05:10:00.000Z,1.2331,1.23318,1.23296,1.2331,433
2023-01-19T05:15:00.000Z,1.23311,1.23318,1.23298,1.23299,333
2023-01-19T05:20:00.000Z,1.23298,1.23336,1.23278,1.23329,437
2023-01-19T05:25:00.000Z,1.2333,1.23335,1.23305,1.23318,500
2023-01-19T05:30:00.000Z,1.23319,1.23329,1.23284,1.23317,469
2023-01-19T05:35:00.000Z,1.23316,1.23352,1.23305,1.23312,476
2023-01-19T05:40:00.000Z,1.23314,1.23358,1.23306,1.23317,580
2023-01-19T05:45:00.000Z,1.2332,1.2333,1.233,1.2331,531
2023-01-19T05:50:00.000Z,1.23311,1.2333,1.23304,1.2333,376
2023-01-19T05:55:00.000Z,1.2333,1.23336,1.23304,1.23309,383
2023-01-19T06:00:00.000Z,1.23308,1.23331,1.23308,1.23328,383
2023-01-19T06:05:00.000Z,1.23329,1.23377,1.23323,1.23372,331
2023-01-19T06:10:00.000Z,1.23371,1.23389,1.23364,1.23377,405
2023-01-19T06:15:00.000Z,1.23378,1.23388,1.23345,1.23358,390
2023-01-19T06:20:00.000Z,1.23357,1.23437,1.23357,1.23437,646
2023-01-19T06:25:00.000Z,1.23439,1.23441,1.23409,1.2342,739
2023-01-19T06:30:00.000Z,1.23421,1.23445,1.23414,1.23423,718
2023-01-19T06:35:00.000Z,1.23422,1.23438,1.23399,1.2342,564
2023-01-19T06:40:00.000Z,1.2342,1.23429,1.234,1.23419,400
2023-01-19T06:45:00.000Z,1.2342,1.23433,1.23401,1.23407,314
2023-01-19T06:50:00.000Z,1.23405,1.23415,1.23346,1.23374,430
2023-01-19T06:55:00.000Z,1.23375,1.2339,1.23243,1.23274,602
2023-01-19T07:00:00.000Z,1.23276,1.23295,1.23198,1.23273,843
2023-01-19T07:05:00.000Z,1.23272,1.23321,1.23264,1.23314,708
2023-01-19T07:10:00.000Z,1.23313,1.23348,1.23258,1.23259,801
2023-01-19T07:15:00.000Z,1.23261,1.23285,1.23146,1.2317,752
2023-01-19T07:20:00.000Z,1.23168,1.23259,1.23168,1.23241,1076
2023-01-19T07:25:00.000Z,1.23241,1.2327,1.23188,1.23197,808
2023-01-19T07:30:00.000Z,1.23198,1.23285,1.23184,1.2328,847
2023-01-19T07:35:00.000Z,1.23283,1.23293,1.23184,1.23229,718
2023-01-19T07:40:00.000Z,1.23227,1.23266,1.23132,1.23137,843
2023-01-19T07:45:00.000Z,1.2314,1.23275,1.23131,1.23271,773
2023-01-19T07:50:00.000Z,1.23274,1.23377,1.23268,1.23369,791
2023-01-19T07:55:00.000Z,1.23369,1.2345,1.23324,1.2334,714
2023-01-19T08:00:00.000Z,1.23341,1.23348,1.23246,1.23313,1182
2023-01-19T08:05:00.000Z,1.23312,1.23352,1.23275,1.23306,843
2023-01-19T08:10:00.000Z,1.23306,1.23402,1.23294,1.23395,931
2023-01-19T08:15:00.000Z,1.23396,1.23442,1.23351,1.23362,782
2023-01-19T08:20:00.000Z,1.23365,1.2343,1.23364,1.23397,790
2023-01-19T08:25:00.000Z,1.23394,1.23447,1.23368,1.23396,864
2023-01-19T08:30:00.000Z,1.23397,1.23433,1.23321,1.2333,964
2023-01-19T08:35:00.000Z,1.23329,1.23406,1.23324,1.2338,574
2023-01-19T08:40:00.000Z,1.2338,1.2347,1.2338,1.23462,712
2023-01-19T08:45:00.000Z,1.23462,1.23495,1.23393,1.23394,706
2023-01-19T08:50:00.000Z,1.23394,1.23417,1.23348,1.23385,870
2023-01-19T08:55:00.000Z,1.23386,1.2341,1.23285,1.233,865
2023-01-19T09:00:00.000Z,1.23302,1.23329,1.23264,1.233,970
2023-01-19T09:05:00.000Z,1.23301,1.23327,1.23247,1.23277,878
2023-01-19T09:10:00.000Z,1.23276,1.2345,1.23271,1.23434,726
2023-01-19T09:15:00.000Z,1.23433,1.23448,1.23364,1.23366,782
2023-01-19T09:20:00.000Z,1.23365,1.2337,1.23327,1.2333,859
2023-01-19T09:25:00.000Z,1.23332,1.23366,1.23305,1.23306,728
2023-01-19T09:30:00.000Z,1.23307,1.23398,1.23295,1.23393,925
2023-01-19T09:35:00.000Z,1.23394,1.23467,1.23333,1.23458,725
2023-01-19T09:40:00.000Z,1.23459,1.23462,1.23312,1.23318,819
2023-01-19T09:45:00.000Z,1.23318,1.23356,1.23312,1.23347,819
2023-01-19T09:50:00.000Z,1.23347,1.23362,1.23325,1.23353,618
2023-01-19T09:55:00.000Z,1.23354,1.23429,1.23337,1.2337,560
2023-01-19T10:00:00.000Z,1.23372,1.2341,1.23296,1.23307,954
2023-01-19T10:05:00.000Z,1.23307,1.2336,1.23288,1.23356,672
2023-01-19T10:10:00.000Z,1.23354,1.23354,1.23274,1.23277,930
2023-01-19T10:15:00.000Z,1.23278,1.23305,1.2326,1.2328,531
2023-01-19T10:20:00.000Z,1.2328,1.233,1.23229,1.23234,900
2023-01-19T10:25:00.000Z,1.23235,1.23368,1.23223,1.23357,625
2023-01-19T10:30:00.000Z,1.23359,1.23365,1.23273,1.23308,775
2023-01-19T10:35:00.000Z,1.23307,1.2335,1.23194,1.23228,1260
2023-01-19T10:40:00.000Z,1.23226,1.23288,1.23205,1.23265,1091
2023-01-19T10:45:00.000Z,1.23264,1.2333,1.23235,1.23323,828
2023-01-19T10:50:00.000Z,1.23323,1.23365,1.23299,1.23353,718
2023-01-19T10:55:00.000Z,1.23351,1.23381,1.23307,1.23365,684
2023-01-19T11:00:00.000Z,1.23369,1.23406,1.23313,1.23357,768
2023-01-19T11:05:00.000Z,1.23356,1.23364,1.23294,1.23306,688
2023-01-19T11:10:00.000Z,1.23307,1.23404,1.23307,1.23364,655
2023-01-19T11:15:00.000Z,1.23366,1.23393,1.23339,1.23381,620
2023-01-19T11:20:00.000Z,1.23382,1.234,1.23328,1.23339,823
2023-01-19T11:25:00.000Z,1.2334,1.23347,1.23279,1.23288,746
2023-01-19T11:30:00.000Z,1.23288,1.23289,1.23245,1.23275,1003
2023-01-19T11:35:00.000Z,1.23275,1.23297,1.23229,1.23295,782
2023-01-19T11:40:00.000Z,1.23294,1.23329,1.23272,1.23324,750
2023-01-19T11:45:00.000Z,1.23323,1.23451,1.23306,1.23439,833
2023-01-19T11:50:00.000Z,1.23438,1.2351,1.23433,1.2351,826
2023-01-19T11:55:00.000Z,1.2351,1.2359,1.2351,1.23525,954
2023-01-19T12:00:00.000Z,1.23525,1.23549,1.23486,1.2352,889
2023-01-19T12:05:00.000Z,1.23521,1.23535,1.23424,1.23468,639
2023-01-19T12:10:00.000Z,1.2347,1.23492,1.23441,1.23465,671
2023-01-19T12:15:00.000Z,1.23466,1.23476,1.23335,1.23358,657
2023-01-19T12:20:00.000Z,1.23357,1.23416,1.23345,1.23363,725
2023-01-19T12:25:00.000Z,1.23365,1.23474,1.23362,1.23474,681
2023-01-19T12:30:00.000Z,1.23473,1.23564,1.23441,1.2353,825
2023-01-19T12:35:00.000Z,1.2353,1.23554,1.23517,1.23547,705
2023-01-19T12:40:00.000Z,1.23547,1.23561,1.23454,1.23486,730
2023-01-19T12:45:00.000Z,1.23484,1.23526,1.23419,1.23428,587
2023-01-19T12:50:00.000Z,1.23427,1.23434,1.23335,1.23345,600
2023-01-19T12:55:00.000Z,1.23344,1.23348,1.23304,1.23328,694
2023-01-19T13:00:00.000Z,1.23329,1.23386,1.233,1.23378,1039
2023-01-19T13:05:00.000Z,1.23377,1.23384,1.23303,1.23372,926
2023-01-19T13:10:00.000Z,1.23372,1.23404,1.23336,1.23381,1052
2023-01-19T13:15:00.000Z,1.23382,1.2343,1.23338,1.23372,807
2023-01-19T13:20:00.000Z,1.23377,1.23409,1.23349,1.23374,978
2023-01-19T13:25:00.000Z,1.23376,1.23433,1.23366,1.23415,852
2023-01-19T13:30:00.000Z,1.23419,1.23433,1.23152,1.23395,1790
2023-01-19T13:35:00.000Z,1.23391,1.23543,1.23346,1.23527,1398
2023-01-19T13:40:00.000Z,1.23528,1.23564,1.2344,1.23496,1512
2023-01-19T13:45:00.000Z,1.23497,1.23497,1.23331,1.23357,1329
2023-01-19T13:50:00.000Z,1.23362,1.23494,1.23318,1.23492,1235
2023-01-19T13:55:00.000Z,1.23495,1.23509,1.23406,1.23491,1149
2023-01-19T14:00:00.000Z,1.23491,1.2358,1.23464,1.23475,1303
2023-01-19T14:05:00.000Z,1.23476,1.2352,1.23403,1.23404,1108
2023-01-19T14:10:00.000Z,1.23404,1.23444,1.23373,1.23384,1284
2023-01-19T14:15:00.000Z,1.23385,1.23477,1.23362,1.23441,1107
2023-01-19T14:20:00.000Z,1.23444,1.23473,1.23409,1.23454,1015
2023-01-19T14:25:00.000Z,1.23457,1.23528,1.23437,1.23504,1077
2023-01-19T14:30:00.000Z,1.23508,1.23565,1.23483,1.23533,1560
2023-01-19T14:35:00.000Z,1.23534,1.23543,1.23457,1.23509,1265
2023-01-19T14:40:00.000Z,1.23509,1.23555,1.23461,1.23478,1368
2023-01-19T14:45:00.000Z,1.23478,1.235,1.23392,1.2342,1116
2023-01-19T14:50:00.000Z,1.23421,1.23469,1.23407,1.23465,1320
2023-01-19T14:55:00.000Z,1.23464,1.23555,1.23414,1.2353,1469
2023-01-19T15:00:00.000Z,1.23531,1.23616,1.23487,1.23545,1559
2023-01-19T15:05:00.000Z,1.23544,1.23647,1.23541,1.23609,1132
2023-01-19T15:10:00.000Z,1.23608,1.23613,1.23475,1.23485,1324
2023-01-19T15:15:00.000Z,1.23486,1.23627,1.23483,1.23564,1037
2023-01-19T15:20:00.000Z,1.23565,1.23567,1.23471,1.23498,1149
2023-01-19T15:25:00.000Z,1.23498,1.23542,1.2347,1.23497,1090
2023-01-19T15:30:00.000Z,1.23498,1.23506,1.23403,1.2344,1125
2023-01-19T15:35:00.000Z,1.23439,1.23474,1.23424,1.23455,1014
2023-01-19T15:40:00.000Z,1.23456,1.23469,1.23389,1.23408,1226
2023-01-19T15:45:00.000Z,1.23411,1.235,1.23391,1.23476,1258
2023-01-19T15:50:00.000Z,1.23476,1.23657,1.23453,1.23635,1534
2023-01-19T15:55:00.000Z,1.23634,1.23645,1.23535,1.2359,1235
2023-01-19T16:00:00.000Z,1.23588,1.2363,1.23527,1.23574,1119
2023-01-19T16:05:00.000Z,1.23574,1.23639,1.23564,1.23619,930
2023-01-19T16:10:00.000Z,1.23619,1.23731,1.23612,1.23726,1034
2023-01-19T16:15:00.000Z,1.23727,1.23758,1.2372,1.23731,715
2023-01-19T16:20:00.000Z,1.23731,1.23758,1.23668,1.23676,858
2023-01-19T16:25:00.000Z,1.23679,1.2368,1.23597,1.23624,751
2023-01-19T16:30:00.000Z,1.23624,1.23676,1.23608,1.23642,1050
2023-01-19T16:35:00.000Z,1.23643,1.23656,1.23621,1.23637,871
2023-01-19T16:40:00.000Z,1.23638,1.23666,1.23552,1.23567,1049
2023-01-19T16:45:00.000Z,1.23568,1.23636,1.23564,1.23636,848
2023-01-19T16:50:00.000Z,1.23635,1.23645,1.23591,1.23635,844
2023-01-19T16:55:00.000Z,1.23633,1.23656,1.236,1.23646,914
2023-01-19T17:00:00.000Z,1.23647,1.23775,1.23645,1.23697,977
2023-01-19T17:05:00.000Z,1.23697,1.23724,1.23633,1.23645,897
2023-01-19T17:10:00.000Z,1.23644,1.2369,1.23623,1.23686,655
2023-01-19T17:15:00.000Z,1.23688,1.23737,1.23684,1.23735,768
2023-01-19T17:20:00.000Z,1.23734,1.23747,1.23641,1.23647,598
2023-01-19T17:25:00.000Z,1.23647,1.23691,1.23607,1.23688,658
2023-01-19T17:30:00.000Z,1.23688,1.23709,1.23665,1.23695,801
2023-01-19T17:35:00.000Z,1.23696,1.23727,1.23685,1.23717,600
2023-01-19T17:40:00.000Z,1.23716,1.23728,1.23665,1.23669,777
2023-01-19T17:45:00.000Z,1.23668,1.23682,1.23636,1.23648,624
2023-01-19T17:50:00.000Z,1.23646,1.23709,1.23636,1.23675,807
2023-01-19T17:55:00.000Z,1.23677,1.23725,1.23667,1.23724,737
2023-01-19T18:00:00.000Z,1.23726,1.23758,1.2369,1.23711,930
2023-01-19T18:05:00.000Z,1.23711,1.23779,1.23683,1.23766,773
2023-01-19T18:10:00.000Z,1.23767,1.23782,1.23758,1.23775,739
2023-01-19T18:15:00.000Z,1.23775,1.23775,1.23663,1.2376,1312
2023-01-19T18:20:00.000Z,1.2376,1.23781,1.23743,1.23754,1020
2023-01-19T18:25:00.000Z,1.23755,1.2379,1.23747,1.23778,788
2023-01-19T18:30:00.000Z,1.23777,1.23846,1.23777,1.23846,974
2023-01-19T18:35:00.000Z,1.23844,1.23874,1.23838,1.23873,764
2023-01-19T18:40:00.000Z,1.23873,1.23902,1.23806,1.23806,956
2023-01-19T18:45:00.000Z,1.23807,1.23823,1.23793,1.23794,618
2023-01-19T18:50:00.000Z,1.23794,1.23829,1.23792,1.23807,599
2023-01-19T18:55:00.000Z,1.23806,1.23825,1.23802,1.23814,611
2023-01-19T19:00:00.000Z,1.23811,1.23826,1.23765,1.2382,933
2023-01-19T19:05:00.000Z,1.23821,1.23833,1.23783,1.23788,701
2023-01-19T19:10:00.000Z,1.2379,1.23817,1.23775,1.23812,711
2023-01-19T19:15:00.000Z,1.23812,1.23824,1.23796,1.23814,564
2023-01-19T19:20:00.000Z,1.23815,1.2385,1.23812,1.23838,792
2023-01-19T19:25:00.000Z,1.23837,1.23876,1.23828,1.23854,911
2023-01-19T19:30:00.000Z,1.23855,1.23887,1.23852,1.23884,672
2023-01-19T19:35:00.000Z,1.23884,1.23905,1.23875,1.23893,673
2023-01-19T19:40:00.000Z,1.23893,1.23935,1.23888,1.23917,766
2023-01-19T19:45:00.000Z,1.23919,1.2394,1.23894,1.23921,567
2023-01-19T19:50:00.000Z,1.23921,1.23923,1.23886,1.239,600
2023-01-19T19:55:00.000Z,1.239,1.23933,1.23896,1.23918,613
2023-01-19T20:00:00.000Z,1.23917,1.23942,1.239,1.2391,607
2023-01-19T20:05:00.000Z,1.2391,1.23925,1.23894,1.23915,412
2023-01-19T20:10:00.000Z,1.23916,1.23934,1.23882,1.23933,605
2023-01-19T20:15:00.000Z,1.23935,1.23973,1.2392,1.2394,725
2023-01-19T20:20:00.000Z,1.2394,1.2395,1.23915,1.23944,630
2023-01-19T20:25:00.000Z,1.23948,1.23955,1.23939,1.23939,501
2023-01-19T20:30:00.000Z,1.23939,1.23944,1.23887,1.2393,713
2023-01-19T20:35:00.000Z,1.2393,1.23953,1.23905,1.23947,520
2023-01-19T20:40:00.000Z,1.23948,1.2395,1.2392,1.23928,464
2023-01-19T20:45:00.000Z,1.23928,1.23951,1.239,1.23944,475
2023-01-19T20:50:00.000Z,1.23944,1.23961,1.23937,1.23944,822
2023-01-19T20:55:00.000Z,1.23943,1.23961,1.23864,1.23869,805
2023-01-19T21:00:00.000Z,1.23871,1.23916,1.23869,1.23902,635
2023-01-19T21:05:00.000Z,1.23902,1.23912,1.23891,1.2391,280
2023-01-19T21:10:00.000Z,1.23909,1.23912,1.23867,1.23882,286
2023-01-19T21:15:00.000Z,1.23882,1.23889,1.23868,1.23873,438
2023-01-19T21:20:00.000Z,1.23878,1.23926,1.23878,1.23923,172
2023-01-19T21:25:00.000Z,1.23922,1.23923,1.239,1.23914,300
2023-01-19T21:30:00.000Z,1.23914,1.23915,1.239,1.23905,225
2023-01-19T21:35:00.000Z,1.23905,1.23922,1.23901,1.23919,321
2023-01-19T21:40:00.000Z,1.23918,1.2393,1.23908,1.23918,167
2023-01-19T21:45:00.000Z,1.2392,1.23931,1.23908,1.23922,262
2023-01-19T21:50:00.000Z,1.23922,1.23924,1.23906,1.23918,305
2023-01-19T21:55:00.000Z,1.23919,1.23943,1.23907,1.23911,193
2023-01-19T22:00:00.000Z,1.23892,1.23892,1.23875,1.23892,16
2023-01-19T22:05:00.000Z,1.23892,1.23897,1.23887,1.23887,16
2023-01-19T22:10:00.000Z,1.23887,1.23896,1.23862,1.23896,17
2023-01-19T22:15:00.000Z,1.23896,1.23896,1.23892,1.23892,15
2023-01-19T22:20:00.000Z,1.23892,1.23892,1.23886,1.23892,40
2023-01-19T22:25:00.000Z,1.23892,1.23892,1.23892,1.23892,113
2023-01-19T22:30:00.000Z,1.23892,1.23902,1.23892,1.23901,200
2023-01-19T22:35:00.000Z,1.23909,1.23929,1.23908,1.23929,41
2023-01-19T22:40:00.000Z,1.2393,1.23938,1.23914,1.23929,38
2023-01-19T22:45:00.000Z,1.23929,1.23929,1.23901,1.23911,42
2023-01-19T22:50:00.000Z,1.23911,1.23911,1.23902,1.23904,28
2023-01-19T22:55:00.000Z,1.23903,1.23903,1.23864,1.23879,35
2023-01-19T23:00:00.000Z,1.2387,1.23922,1.23864,1.23911,185
2023-01-19T23:05:00.000Z,1.23903,1.23918,1.23887,1.23915,88
2023-01-19T23:10:00.000Z,1.23916,1.23921,1.23898,1.23911,251
2023-01-19T23:15:00.000Z,1.2391,1.23982,1.23908,1.23959,443
2023-01-19T23:20:00.000Z,1.23959,1.23968,1.23947,1.23959,278
2023-01-19T23:25:00.000Z,1.2396,1.23961,1.23953,1.23956,230
2023-01-19T23:30:00.000Z,1.23956,1.2397,1.2394,1.23968,320
2023-01-19T23:35:00.000Z,1.23968,1.23972,1.23957,1.23963,191
2023-01-19T23:40:00.000Z,1.23964,1.23972,1.23958,1.23962,178
2023-01-19T23:45:00.000Z,1.23967,1.23971,1.23952,1.23965,198
2023-01-19T23:50:00.000Z,1.23966,1.23967,1.23937,1.23942,130
2023-01-19T23:55:00.000Z,1.23943,1.23955,1.23921,1.23921,215
2023-01-20T00:00:00.000Z,1.23922,1.23934,1.23881,1.23904,390
2023-01-20T00:05:00.000Z,1.23903,1.23928,1.23903,1.23906,312
2023-01-20T00:10:00.000Z,1.23905,1.23963,1.23903,1.23956,422
2023-01-20T00:15:00.000Z,1.23954,1.23961,1.23942,1.2395,319
2023-01-20T00:20:00.000Z,1.23951,1.23972,1.23949,1.23964,508
2023-01-20T00:25:00.000Z,1.23963,1.2397,1.23943,1.23948,347
2023-01-20T00:30:00.000Z,1.23949,1.23954,1.23901,1.23902,281
2023-01-20T00:35:00.000Z,1.23901,1.23918,1.23892,1.23908,275
2023-01-20T00:40:00.000Z,1.23907,1.23913,1.23868,1.23879,336
2023-01-20T00:45:00.000Z,1.23881,1.23886,1.2385,1.23856,279
2023-01-20T00:50:00.000Z,1.23856,1.23856,1.23803,1.2385,434
2023-01-20T00:55:00.000Z,1.23848,1.23884,1.23837,1.2386,380
2023-01-20T01:00:00.000Z,1.23862,1.23883,1.23822,1.23823,465
2023-01-20T01:05:00.000Z,1.23822,1.23835,1.23793,1.23809,370
2023-01-20T01:10:00.000Z,1.23807,1.2384,1.23791,1.23794,520
2023-01-20T01:15:00.000Z,1.23796,1.23807,1.23781,1.238,492
2023-01-20T01:20:00.000Z,1.238,1.23868,1.23769,1.23868,479
2023-01-20T01:25:00.000Z,1.23867,1.23961,1.23859,1.23954,532
2023-01-20T01:30:00.000Z,1.23954,1.23954,1.23851,1.23851,616
2023-01-20T01:35:00.000Z,1.23855,1.23877,1.23831,1.23861,418
2023-01-20T01:40:00.000Z,1.23862,1.23901,1.23862,1.23897,254
2023-01-20T01:45:00.000Z,1.23902,1.23907,1.23854,1.23862,289
2023-01-20T01:50:00.000Z,1.23861,1.23869,1.2381,1.23835,360
2023-01-20T01:55:00.000Z,1.23834,1.23866,1.23818,1.23851,358
2023-01-20T02:00:00.000Z,1.23852,1.23876,1.23833,1.23835,378
2023-01-20T02:05:00.000Z,1.23836,1.23853,1.23808,1.23827,403
2023-01-20T02:10:00.000Z,1.2383,1.23887,1.23823,1.23853,403
2023-01-20T02:15:00.000Z,1.23854,1.23932,1.23853,1.23929,413
2023-01-20T02:20:00.000Z,1.2393,1.23935,1.23913,1.23916,462
2023-01-20T02:25:00.000Z,1.23917,1.23938,1.23908,1.23935,297
2023-01-20T02:30:00.000Z,1.23936,1.23936,1.23884,1.23909,460
2023-01-20T02:35:00.000Z,1.23909,1.23911,1.23863,1.23889,458
2023-01-20T02:40:00.000Z,1.2389,1.23913,1.23871,1.23879,407
2023-01-20T02:45:00.000Z,1.2388,1.23917,1.23877,1.23913,320
2023-01-20T02:50:00.000Z,1.23912,1.23931,1.23902,1.23917,368
2023-01-20T02:55:00.000Z,1.23917,1.23919,1.23874,1.23875,359
2023-01-20T03:00:00.000Z,1.23874,1.23884,1.23858,1.23882,350
2023-01-20T03:05:00.000Z,1.23883,1.23885,1.23847,1.23849,354
2023-01-20T03:10:00.000Z,1.2385,1.23876,1.23847,1.23862,261
2023-01-20T03:15:00.000Z,1.23863,1.23866,1.23831,1.23833,208
2023-01-20T03:20:00.000Z,1.23832,1.23835,1.23819,1.23832,202
2023-01-20T03:25:00.000Z,1.23833,1.23838,1.2379,1.23808,204
2023-01-20T03:30:00.000Z,1.23809,1.23833,1.23807,1.23827,228
2023-01-20T03:35:00.000Z,1.23826,1.23842,1.23812,1.23832,278
2023-01-20T03:40:00.000Z,1.23833,1.2384,1.23824,1.23835,173
2023-01-20T03:45:00.000Z,1.23836,1.2384,1.23813,1.23814,182
2023-01-20T03:50:00.000Z,1.23814,1.23837,1.23809,1.23832,207
2023-01-20T03:55:00.000Z,1.23833,1.23839,1.23809,1.23811,197
2023-01-20T04:00:00.000Z,1.23811,1.23818,1.23728,1.23733,472
2023-01-20T04:05:00.000Z,1.23734,1.23748,1.23723,1.2374,372
2023-01-20T04:10:00.000Z,1.23739,1.2375,1.23727,1.23731,333
2023-01-20T04:15:00.000Z,1.23732,1.23765,1.23724,1.23735,297
2023-01-20T04:20:00.000Z,1.23736,1.23775,1.23729,1.23766,342
2023-01-20T04:25:00.000Z,1.23767,1.23767,1.23729,1.23735,413
2023-01-20T04:30:00.000Z,1.23735,1.23762,1.23705,1.23736,448
2023-01-20T04:35:00.000Z,1.23737,1.23757,1.2372,1.23735,300
2023-01-20T04:40:00.000Z,1.23736,1.23755,1.23719,1.23723,288
2023-01-20T04:45:00.000Z,1.23723,1.23737,1.23688,1.23711,378
2023-01-20T04:50:00.000Z,1.23712,1.23725,1.23702,1.23719,464
2023-01-20T04:55:00.000Z,1.23719,1.23719,1.23685,1.2369,563
2023-01-20T05:00:00.000Z,1.23692,1.23712,1.23682,1.23707,462
2023-01-20T05:05:00.000Z,1.23709,1.23733,1.23704,1.23716,518
2023-01-20T05:10:00.000Z,1.23717,1.23722,1.23706,1.23719,337
2023-01-20T05:15:00.000Z,1.23718,1.23732,1.23713,1.23715,386
2023-01-20T05:20:00.000Z,1.23716,1.23724,1.23652,1.23654,561
2023-01-20T05:25:00.000Z,1.23655,1.23687,1.23649,1.23675,375
2023-01-20T05:30:00.000Z,1.23674,1.23712,1.23673,1.23693,345
2023-01-20T05:35:00.000Z,1.23692,1.23727,1.23692,1.23717,368
2023-01-20T05:40:00.000Z,1.23716,1.23763,1.23713,1.23758,440
2023-01-20T05:45:00.000Z,1.23759,1.23777,1.23748,1.23755,388
2023-01-20T05:50:00.000Z,1.23756,1.23773,1.2375,1.23765,403
2023-01-20T05:55:00.000Z,1.23766,1.23796,1.23765,1.23789,395
2023-01-20T06:00:00.000Z,1.2379,1.23823,1.23781,1.23819,336
2023-01-20T06:05:00.000Z,1.2382,1.23826,1.23809,1.23812,407
2023-01-20T06:10:00.000Z,1.23812,1.23812,1.23767,1.23776,385
2023-01-20T06:15:00.000Z,1.2378,1.23797,1.23765,1.23785,385
2023-01-20T06:20:00.000Z,1.23785,1.23785,1.23748,1.23759,384
2023-01-20T06:25:00.000Z,1.2376,1.23779,1.23753,1.23761,380
2023-01-20T06:30:00.000Z,1.23762,1.23773,1.23742,1.23762,402
2023-01-20T06:35:00.000Z,1.23763,1.23775,1.2372,1.23727,268
2023-01-20T06:40:00.000Z,1.23726,1.23744,1.23702,1.23728,451
2023-01-20T06:45:00.000Z,1.23727,1.23728,1.23671,1.23677,417
2023-01-20T06:50:00.000Z,1.23678,1.2375,1.23678,1.23724,486
2023-01-20T06:55:00.000Z,1.23724,1.23724,1.23647,1.23668,503
2023-01-20T07:00:00.000Z,1.23669,1.23679,1.23547,1.23594,959
2023-01-20T07:05:00.000Z,1.23598,1.23645,1.23574,1.23587,663
2023-01-20T07:10:00.000Z,1.23588,1.23616,1.23539,1.23569,473
2023-01-20T07:15:00.000Z,1.23571,1.23632,1.23563,1.23584,595
2023-01-20T07:20:00.000Z,1.23583,1.23708,1.23583,1.23684,781
2023-01-20T07:25:00.000Z,1.23685,1.23748,1.23681,1.23682,513
2023-01-20T07:30:00.000Z,1.23678,1.23685,1.23589,1.23592,743
2023-01-20T07:35:00.000Z,1.23594,1.23596,1.23533,1.2356,550
2023-01-20T07:40:00.000Z,1.23561,1.23603,1.23515,1.2359,670
2023-01-20T07:45:00.000Z,1.23593,1.23607,1.23571,1.23595,605
2023-01-20T07:50:00.000Z,1.23595,1.23663,1.23587,1.23655,778
2023-01-20T07:55:00.000Z,1.23655,1.23661,1.23612,1.23638,603
2023-01-20T08:00:00.000Z,1.23639,1.23715,1.23584,1.23689,1090
2023-01-20T08:05:00.000Z,1.23688,1.23806,1.23672,1.23775,813
2023-01-20T08:10:00.000Z,1.23782,1.23812,1.23714,1.23729,685
2023-01-20T08:15:00.000Z,1.23727,1.23764,1.23712,1.23716,584
2023-01-20T08:20:00.000Z,1.23715,1.23716,1.23546,1.23562,675
2023-01-20T08:25:00.000Z,1.23563,1.23625,1.23533,1.23594,948
2023-01-20T08:30:00.000Z,1.23593,1.23642,1.23575,1.23619,892
2023-01-20T08:35:00.000Z,1.23618,1.23623,1.23554,1.23598,640
2023-01-20T08:40:00.000Z,1.23599,1.23609,1.23567,1.23595,496
2023-01-20T08:45:00.000Z,1.23596,1.23615,1.23535,1.23561,600
2023-01-20T08:50:00.000Z,1.23562,1.23616,1.23512,1.23538,834
2023-01-20T08:55:00.000Z,1.23539,1.23601,1.2352,1.23542,884
2023-01-20T09:00:00.000Z,1.23541,1.23571,1.2348,1.23502,981
2023-01-20T09:05:00.000Z,1.23503,1.23523,1.23389,1.23443,848
2023-01-20T09:10:00.000Z,1.23444,1.23486,1.23414,1.23453,811
2023-01-20T09:15:00.000Z,1.23454,1.2354,1.23443,1.23531,815
2023-01-20T09:20:00.000Z,1.23536,1.23576,1.23524,1.23565,797
2023-01-20T09:25:00.000Z,1.23566,1.23568,1.23468,1.23497,773
2023-01-20T09:30:00.000Z,1.23497,1.23504,1.23435,1.23436,964
2023-01-20T09:35:00.000Z,1.23435,1.23494,1.23425,1.2349,608
2023-01-20T09:40:00.000Z,1.2349,1.23505,1.23461,1.23466,624
2023-01-20T09:45:00.000Z,1.23469,1.23499,1.23398,1.23408,654
2023-01-20T09:50:00.000Z,1.23407,1.23462,1.23392,1.23412,615
2023-01-20T09:55:00.000Z,1.23411,1.23439,1.23384,1.23412,648
2023-01-20T10:00:00.000Z,1.2341,1.23433,1.23377,1.23412,701
2023-01-20T10:05:00.000Z,1.23414,1.23422,1.23364,1.23412,809
2023-01-20T10:10:00.000Z,1.23412,1.23525,1.23374,1.23516,909
2023-01-20T10:15:00.000Z,1.23515,1.23543,1.23496,1.23529,799
2023-01-20T10:20:00.000Z,1.23528,1.23528,1.23456,1.23474,625
2023-01-20T10:25:00.000Z,1.23473,1.23554,1.23473,1.23526,460
2023-01-20T10:30:00.000Z,1.23529,1.23683,1.23522,1.23627,1190
2023-01-20T10:35:00.000Z,1.23626,1.23665,1.23575,1.23595,565
2023-01-20T10:40:00.000Z,1.23596,1.23601,1.23522,1.23548,717
2023-01-20T10:45:00.000Z,1.23546,1.23625,1.23543,1.23624,630
2023-01-20T10:50:00.000Z,1.23624,1.23655,1.23602,1.2362,533
2023-01-20T10:55:00.000Z,1.2362,1.2371,1.23613,1.23667,538
2023-01-20T11:00:00.000Z,1.23668,1.23679,1.23623,1.23633,538
2023-01-20T11:05:00.000Z,1.23638,1.23655,1.23553,1.23561,543
2023-01-20T11:10:00.000Z,1.23568,1.23675,1.2356,1.23646,620
2023-01-20T11:15:00.000Z,1.23648,1.23689,1.23602,1.23609,511
2023-01-20T11:20:00.000Z,1.2361,1.23644,1.23598,1.23631,490
2023-01-20T11:25:00.000Z,1.23634,1.23659,1.23619,1.23659,446
2023-01-20T11:30:00.000Z,1.23657,1.23657,1.23573,1.23625,605
2023-01-20T11:35:00.000Z,1.23626,1.23644,1.23588,1.23594,610
2023-01-20T11:40:00.000Z,1.23598,1.23619,1.23572,1.23615,593
2023-01-20T11:45:00.000Z,1.23614,1.23625,1.23564,1.23605,672
2023-01-20T11:50:00.000Z,1.23605,1.23606,1.23517,1.23557,666
2023-01-20T11:55:00.000Z,1.2356,1.23594,1.23523,1.23526,589
2023-01-20T12:00:00.000Z,1.23526,1.23566,1.23496,1.23541,644
2023-01-20T12:05:00.000Z,1.23541,1.23605,1.23535,1.23551,556
2023-01-20T12:10:00.000Z,1.23552,1.23557,1.23469,1.2348,714
2023-01-20T12:15:00.000Z,1.23479,1.23482,1.23425,1.23425,747
2023-01-20T12:20:00.000Z,1.23427,1.23495,1.23416,1.23485,667
2023-01-20T12:25:00.000Z,1.23485,1.23526,1.23469,1.23504,589
2023-01-20T12:30:00.000Z,1.23502,1.23518,1.23481,1.235,672
2023-01-20T12:35:00.000Z,1.23498,1.23547,1.23496,1.23533,577
2023-01-20T12:40:00.000Z,1.23532,1.23536,1.23472,1.23501,818
2023-01-20T12:45:00.000Z,1.23502,1.23555,1.23499,1.23547,552
2023-01-20T12:50:00.000Z,1.23545,1.2356,1.23505,1.23543,576
2023-01-20T12:55:00.000Z,1.23544,1.23565,1.23492,1.23533,737
2023-01-20T13:00:00.000Z,1.23534,1.23587,1.23516,1.23587,1008
2023-01-20T13:05:00.000Z,1.23585,1.23595,1.2356,1.23568,714
2023-01-20T13:10:00.000Z,1.2357,1.23601,1.23553,1.23577,820
2023-01-20T13:15:00.000Z,1.23577,1.23591,1.23526,1.23551,839
2023-01-20T13:20:00.000Z,1.23552,1.23609,1.23544,1.23566,915
2023-01-20T13:25:00.000Z,1.23566,1.23586,1.23518,1.23564,741
2023-01-20T13:30:00.000Z,1.23566,1.23586,1.23471,1.23476,1107
2023-01-20T13:35:00.000Z,1.23475,1.23475,1.23398,1.23452,1013
2023-01-20T13:40:00.000Z,1.23453,1.23537,1.23427,1.23527,909
2023-01-20T13:45:00.000Z,1.23528,1.23562,1.23519,1.23524,862
2023-01-20T13:50:00.000Z,1.23524,1.23525,1.23384,1.23388,1054
2023-01-20T13:55:00.000Z,1.23387,1.23456,1.23354,1.23413,986
2023-01-20T14:00:00.000Z,1.2341,1.23498,1.2341,1.23493,1124
2023-01-20T14:05:00.000Z,1.23495,1.23536,1.2348,1.235,911
2023-01-20T14:10:00.000Z,1.235,1.23502,1.23422,1.23455,925
2023-01-20T14:15:00.000Z,1.23449,1.23461,1.23404,1.23446,863
2023-01-20T14:20:00.000Z,1.23447,1.23471,1.23362,1.23401,895
2023-01-20T14:25:00.000Z,1.23403,1.23539,1.23403,1.23497,1071
2023-01-20T14:30:00.000Z,1.23494,1.23525,1.23399,1.23486,1393
2023-01-20T14:35:00.000Z,1.23488,1.23578,1.23465,1.23557,1402
2023-01-20T14:40:00.000Z,1.23558,1.236,1.23518,1.23599,1175
2023-01-20T14:45:00.000Z,1.23602,1.23634,1.23534,1.23625,1156
2023-01-20T14:50:00.000Z,1.23627,1.2366,1.23553,1.23575,1198
2023-01-20T14:55:00.000Z,1.23577,1.23659,1.23567,1.23616,818
2023-01-20T15:00:00.000Z,1.23616,1.23671,1.23565,1.23648,1397
2023-01-20T15:05:00.000Z,1.23649,1.23785,1.23633,1.23785,1111
2023-01-20T15:10:00.000Z,1.23783,1.23826,1.23739,1.23805,1129
2023-01-20T15:15:00.000Z,1.23806,1.23842,1.23703,1.23834,1160
2023-01-20T15:20:00.000Z,1.23834,1.23924,1.23796,1.23893,1156
2023-01-20T15:25:00.000Z,1.23894,1.2393,1.23834,1.23924,1082
2023-01-20T15:30:00.000Z,1.23928,1.23955,1.23878,1.23896,1082
2023-01-20T15:35:00.000Z,1.23896,1.23896,1.23838,1.23862,946
2023-01-20T15:40:00.000Z,1.23861,1.23874,1.23764,1.23776,1170
2023-01-20T15:45:00.000Z,1.23776,1.23796,1.23688,1.2372,1252
2023-01-20T15:50:00.000Z,1.23719,1.23772,1.23672,1.23705,1546
2023-01-20T15:55:00.000Z,1.23705,1.2374,1.23659,1.237,1108
2023-01-20T16:00:00.000Z,1.23703,1.23769,1.23665,1.23749,993
2023-01-20T16:05:00.000Z,1.2375,1.23833,1.23746,1.23804,918
2023-01-20T16:10:00.000Z,1.23803,1.23831,1.23757,1.23763,898
2023-01-20T16:15:00.000Z,1.23765,1.23803,1.23721,1.23726,856
2023-01-20T16:20:00.000Z,1.23725,1.23774,1.23682,1.23745,1021
2023-01-20T16:25:00.000Z,1.23745,1.23812,1.2374,1.2381,937
2023-01-20T16:30:00.000Z,1.23813,1.23845,1.23791,1.23794,909
2023-01-20T16:35:00.000Z,1.23794,1.23804,1.23716,1.23724,813
2023-01-20T16:40:00.000Z,1.23724,1.23754,1.23685,1.23698,908
2023-01-20T16:45:00.000Z,1.23698,1.23743,1.23697,1.23709,960
2023-01-20T16:50:00.000Z,1.23709,1.23745,1.23694,1.23716,878
2023-01-20T16:55:00.000Z,1.23715,1.23727,1.23686,1.23712,705
2023-01-20T17:00:00.000Z,1.23713,1.23765,1.23692,1.23761,854
2023-01-20T17:05:00.000Z,1.23761,1.23764,1.23725,1.23744,804
2023-01-20T17:10:00.000Z,1.23747,1.23793,1.23734,1.23775,865
2023-01-20T17:15:00.000Z,1.23775,1.23837,1.23775,1.23831,542
2023-01-20T17:20:00.000Z,1.23831,1.23884,1.23829,1.2388,676
2023-01-20T17:25:00.000Z,1.2388,1.23893,1.23831,1.23868,786
2023-01-20T17:30:00.000Z,1.23867,1.23881,1.23823,1.23857,694
2023-01-20T17:35:00.000Z,1.23858,1.23907,1.23844,1.23907,656
2023-01-20T17:40:00.000Z,1.23906,1.23919,1.23848,1.23869,655
2023-01-20T17:45:00.000Z,1.23869,1.23871,1.23846,1.23856,662
2023-01-20T17:50:00.000Z,1.23856,1.23897,1.23853,1.23882,693
2023-01-20T17:55:00.000Z,1.23883,1.23891,1.23846,1.23865,706
2023-01-20T18:00:00.000Z,1.23864,1.23958,1.23818,1.23941,1736
2023-01-20T18:05:00.000Z,1.23941,1.23978,1.23921,1.23933,1021
2023-01-20T18:10:00.000Z,1.23934,1.23939,1.23831,1.23883,1025
2023-01-20T18:15:00.000Z,1.23884,1.23894,1.23753,1.23756,759
2023-01-20T18:20:00.000Z,1.23756,1.23773,1.23732,1.23771,826
2023-01-20T18:25:00.000Z,1.23772,1.23815,1.2377,1.23807,652
2023-01-20T18:30:00.000Z,1.23806,1.23881,1.23796,1.23876,808
2023-01-20T18:35:00.000Z,1.23876,1.23905,1.23863,1.23894,657
2023-01-20T18:40:00.000Z,1.23894,1.23903,1.2385,1.23873,492
2023-01-20T18:45:00.000Z,1.23874,1.23917,1.23863,1.23906,549
2023-01-20T18:50:00.000Z,1.23906,1.23915,1.23892,1.23903,828
2023-01-20T18:55:00.000Z,1.23903,1.23929,1.23895,1.23911,664
2023-01-20T19:00:00.000Z,1.2391,1.23923,1.23896,1.23911,848
2023-01-20T19:05:00.000Z,1.23911,1.23953,1.23909,1.23943,707
2023-01-20T19:10:00.000Z,1.23944,1.2398,1.23936,1.23966,926
2023-01-20T19:15:00.000Z,1.23966,1.23974,1.23942,1.23948,492
2023-01-20T19:20:00.000Z,1.23947,1.2398,1.23933,1.2397,644
2023-01-20T19:25:00.000Z,1.2397,1.23971,1.23953,1.23963,581
2023-01-20T19:30:00.000Z,1.23963,1.23991,1.23963,1.23989,586
2023-01-20T19:35:00.000Z,1.2399,1.24004,1.2398,1.23993,466
2023-01-20T19:40:00.000Z,1.23995,1.24006,1.23965,1.24006,494
2023-01-20T19:45:00.000Z,1.24006,1.24014,1.23992,1.24007,498
2023-01-20T19:50:00.000Z,1.24006,1.24006,1.23936,1.23969,655
2023-01-20T19:55:00.000Z,1.2397,1.23975,1.23952,1.23962,533
2023-01-20T20:00:00.000Z,1.23961,1.23973,1.23942,1.2397,585
2023-01-20T20:05:00.000Z,1.23971,1.24018,1.2396,1.24017,618
2023-01-20T20:10:00.000Z,1.24018,1.24028,1.24004,1.24024,548
2023-01-20T20:15:00.000Z,1.24023,1.24044,1.23991,1.23997,550
2023-01-20T20:20:00.000Z,1.23997,1.23997,1.23974,1.2399,411
2023-01-20T20:25:00.000Z,1.23986,1.24007,1.23981,1.23995,597
2023-01-20T20:30:00.000Z,1.23995,1.24,1.23943,1.23957,531
2023-01-20T20:35:00.000Z,1.23955,1.2396,1.2393,1.2393,397
2023-01-20T20:40:00.000Z,1.2393,1.2395,1.23911,1.23943,407
2023-01-20T20:45:00.000Z,1.23941,1.23964,1.23933,1.23963,382
2023-01-20T20:50:00.000Z,1.23964,1.23976,1.23952,1.23976,524
2023-01-20T20:55:00.000Z,1.23978,1.23984,1.23937,1.23945,745
2023-01-20T21:00:00.000Z,1.23945,1.23983,1.23932,1.23973,415
2023-01-20T21:05:00.000Z,1.23974,1.23986,1.2396,1.23962,211
2023-01-20T21:10:00.000Z,1.23961,1.23985,1.2396,1.23981,284
2023-01-20T21:15:00.000Z,1.23982,1.24015,1.23981,1.24013,235
2023-01-20T21:20:00.000Z,1.24013,1.24026,1.24013,1.24025,177
2023-01-20T21:25:00.000Z,1.24024,1.24044,1.24023,1.2404,232
2023-01-20T21:30:00.000Z,1.24039,1.2404,1.24025,1.2404,182
2023-01-20T21:35:00.000Z,1.2404,1.2404,1.24009,1.2401,307
2023-01-20T21:40:00.000Z,1.24009,1.24017,1.23997,1.24001,248
2023-01-20T21:45:00.000Z,1.23999,1.24013,1.23997,1.24002,266
2023-01-20T21:50:00.000Z,1.24002,1.24015,1.23996,1.23999,480
2023-01-22T22:00:00.000Z,1.24006,1.24012,1.24002,1.24006,22
2023-01-22T22:05:00.000Z,1.24006,1.24018,1.24002,1.24017,34
2023-01-22T22:10:00.000Z,1.24019,1.24022,1.24014,1.24022,22
2023-01-22T22:15:00.000Z,1.24021,1.24026,1.2402,1.24026,10
2023-01-22T22:20:00.000Z,1.24022,1.24026,1.24019,1.24022,12
2023-01-22T22:25:00.000Z,1.24029,1.24039,1.24018,1.2403,25
2023-01-22T22:30:00.000Z,1.24025,1.24037,1.24023,1.24035,16
2023-01-22T22:35:00.000Z,1.24037,1.24037,1.23977,1.23999,72
2023-01-22T22:40:00.000Z,1.23998,1.24008,1.23978,1.24003,36
2023-01-22T22:45:00.000Z,1.24001,1.24011,1.24,1.24009,20
2023-01-22T22:50:00.000Z,1.24007,1.24012,1.23997,1.24012,21
2023-01-22T22:55:00.000Z,1.24013,1.24025,1.24013,1.24024,15
2023-01-22T23:00:00.000Z,1.24023,1.24084,1.24023,1.24051,224
2023-01-22T23:05:00.000Z,1.24051,1.24089,1.24049,1.24084,110
2023-01-22T23:10:00.000Z,1.24083,1.24097,1.24068,1.24085,375
2023-01-22T23:15:00.000Z,1.24086,1.2409,1.24075,1.24076,436
2023-01-22T23:20:00.000Z,1.24077,1.24081,1.24074,1.24075,127
2023-01-22T23:25:00.000Z,1.24075,1.24095,1.24074,1.24085,254
2023-01-22T23:30:00.000Z,1.24085,1.24096,1.24074,1.2409,363
2023-01-22T23:35:00.000Z,1.24091,1.24146,1.24087,1.2411,297
2023-01-22T23:40:00.000Z,1.24112,1.24122,1.24092,1.24099,322
2023-01-22T23:45:00.000Z,1.241,1.24106,1.2404,1.24044,298
2023-01-22T23:50:00.000Z,1.24043,1.24085,1.24033,1.24062,240
2023-01-22T23:55:00.000Z,1.24066,1.24079,1.24046,1.24061,317
2023-01-23T00:00:00.000Z,1.24062,1.24091,1.24051,1.24084,471
2023-01-23T00:05:00.000Z,1.24084,1.24099,1.24065,1.24076,312
2023-01-23T00:10:00.000Z,1.24075,1.24119,1.24065,1.24102,410
2023-01-23T00:15:00.000Z,1.24101,1.24118,1.24084,1.24087,307
2023-01-23T00:20:00.000Z,1.24088,1.24088,1.24075,1.24079,201
2023-01-23T00:25:00.000Z,1.24078,1.24078,1.24035,1.24038,342
2023-01-23T00:30:00.000Z,1.24048,1.24116,1.24046,1.24106,402
2023-01-23T00:35:00.000Z,1.24107,1.24147,1.24097,1.24113,258
2023-01-23T00:40:00.000Z,1.24114,1.24122,1.24082,1.24096,267
2023-01-23T00:45:00.000Z,1.24095,1.24148,1.24077,1.24135,411
2023-01-23T00:50:00.000Z,1.24136,1.24234,1.24133,1.2421,615
2023-01-23T00:55:00.000Z,1.24211,1.24255,1.24194,1.24245,546
2023-01-23T01:00:00.000Z,1.24245,1.2425,1.24202,1.24238,577
2023-01-23T01:05:00.000Z,1.24235,1.24252,1.24208,1.24251,597
2023-01-23T01:10:00.000Z,1.2425,1.24259,1.24231,1.24256,446
2023-01-23T01:15:00.000Z,1.24256,1.24307,1.24249,1.24302,581
2023-01-23T01:20:00.000Z,1.24302,1.24345,1.24301,1.2431,716
2023-01-23T01:25:00.000Z,1.24311,1.24313,1.24297,1.24307,492
2023-01-23T01:30:00.000Z,1.24306,1.24308,1.24273,1.24284,462
2023-01-23T01:35:00.000Z,1.24286,1.24325,1.24264,1.24291,675
2023-01-23T01:40:00.000Z,1.2429,1.24335,1.24283,1.24329,362
2023-01-23T01:45:00.000Z,1.24333,1.24337,1.2431,1.24315,325
2023-01-23T01:50:00.000Z,1.24316,1.24324,1.24268,1.2427,292
2023-01-23T01:55:00.000Z,1.2427,1.24279,1.24256,1.24261,236
2023-01-23T02:00:00.000Z,1.2426,1.24285,1.24243,1.24257,371
2023-01-23T02:05:00.000Z,1.24257,1.24268,1.24247,1.24252,305
2023-01-23T02:10:00.000Z,1.24253,1.24307,1.24253,1.24284,438
2023-01-23T02:15:00.000Z,1.24283,1.24312,1.24277,1.24296,290
2023-01-23T02:20:00.000Z,1.24295,1.24326,1.2429,1.24316,412
2023-01-23T02:25:00.000Z,1.24318,1.24326,1.24293,1.24307,292
2023-01-23T02:30:00.000Z,1.24308,1.24309,1.24284,1.24285,246
2023-01-23T02:35:00.000Z,1.24287,1.24301,1.24281,1.24285,291
2023-01-23T02:40:00.000Z,1.24287,1.24294,1.24267,1.24268,304
2023-01-23T02:45:00.000Z,1.24267,1.24281,1.24265,1.24272,221
2023-01-23T02:50:00.000Z,1.24273,1.24273,1.24224,1.24238,321
2023-01-23T02:55:00.000Z,1.24239,1.2426,1.24238,1.24253,101
2023-01-23T03:00:00.000Z,1.24254,1.243,1.24254,1.24288,218
2023-01-23T03:05:00.000Z,1.24289,1.24302,1.24277,1.24302,229
2023-01-23T03:10:00.000Z,1.24301,1.24478,1.243,1.24478,425
2023-01-23T03:15:00.000Z,1.24478,1.24479,1.24397,1.24402,366
2023-01-23T03:20:00.000Z,1.24401,1.24462,1.24388,1.24461,343
2023-01-23T03:25:00.000Z,1.2446,1.24462,1.24448,1.24458,206
2023-01-23T03:30:00.000Z,1.24456,1.24457,1.24358,1.24378,397
2023-01-23T03:35:00.000Z,1.24379,1.24413,1.24375,1.24384,321
2023-01-23T03:40:00.000Z,1.24379,1.24393,1.24375,1.24392,238
2023-01-23T03:45:00.000Z,1.24394,1.24405,1.24357,1.24376,242
2023-01-23T03:50:00.000Z,1.24374,1.24374,1.24333,1.2434,262
2023-01-23T03:55:00.000Z,1.24341,1.24355,1.24325,1.24328,237
2023-01-23T04:00:00.000Z,1.24329,1.2433,1.24307,1.24308,298
2023-01-23T04:05:00.000Z,1.24309,1.24318,1.24273,1.24274,324
2023-01-23T04:10:00.000Z,1.24275,1.24307,1.24274,1.24283,320
2023-01-23T04:15:00.000Z,1.24286,1.24325,1.24274,1.24314,329
2023-01-23T04:20:00.000Z,1.24313,1.24316,1.24258,1.24286,268
2023-01-23T04:25:00.000Z,1.24285,1.24298,1.24227,1.24241,338
2023-01-23T04:30:00.000Z,1.2424,1.24257,1.24233,1.24252,260
2023-01-23T04:35:00.000Z,1.24254,1.24256,1.2421,1.24228,388
2023-01-23T04:40:00.000Z,1.24226,1.24238,1.24217,1.24226,320
2023-01-23T04:45:00.000Z,1.24223,1.24228,1.24204,1.24212,299
2023-01-23T04:50:00.000Z,1.24211,1.24249,1.2421,1.2424,282
2023-01-23T04:55:00.000Z,1.24238,1.2426,1.24231,1.24251,275
2023-01-23T05:00:00.000Z,1.2425,1.24264,1.24239,1.24239,262
2023-01-23T05:05:00.000Z,1.2424,1.24243,1.24209,1.24216,326
2023-01-23T05:10:00.000Z,1.24217,1.24217,1.24195,1.242,282
2023-01-23T05:15:00.000Z,1.24198,1.24218,1.24191,1.24199,213
2023-01-23T05:20:00.000Z,1.24198,1.2421,1.24194,1.24208,181
2023-01-23T05:25:00.000Z,1.24212,1.24278,1.24212,1.24277,371
2023-01-23T05:30:00.000Z,1.24278,1.24279,1.24247,1.24248,282
2023-01-23T05:35:00.000Z,1.24247,1.24269,1.24245,1.24246,248
2023-01-23T05:40:00.000Z,1.24247,1.2425,1.24206,1.24209,257
2023-01-23T05:45:00.000Z,1.24207,1.24237,1.24191,1.24201,238
2023-01-23T05:50:00.000Z,1.24202,1.24206,1.2416,1.24164,335
2023-01-23T05:55:00.000Z,1.24165,1.24174,1.24139,1.24139,316
2023-01-23T06:00:00.000Z,1.24138,1.24158,1.24111,1.24142,495
2023-01-23T06:05:00.000Z,1.24143,1.24149,1.24125,1.24148,415
2023-01-23T06:10:00.000Z,1.24147,1.24161,1.24137,1.24147,329
2023-01-23T06:15:00.000Z,1.24146,1.2417,1.24135,1.24158,268
2023-01-23T06:20:00.000Z,1.24159,1.24159,1.2409,1.24111,450
2023-01-23T06:25:00.000Z,1.24111,1.2412,1.24087,1.24109,487
2023-01-23T06:30:00.000Z,1.2411,1.24166,1.24101,1.24158,457
2023-01-23T06:35:00.000Z,1.24157,1.24167,1.24115,1.24116,444
2023-01-23T06:40:00.000Z,1.24115,1.24147,1.24109,1.24127,503
2023-01-23T06:45:00.000Z,1.24128,1.24187,1.24104,1.2418,531
2023-01-23T06:50:00.000Z,1.24181,1.24258,1.24157,1.24193,600
2023-01-23T06:55:00.000Z,1.24194,1.24196,1.24152,1.24174,525
2023-01-23T07:00:00.000Z,1.24176,1.24304,1.24159,1.24289,877
2023-01-23T07:05:00.000Z,1.24289,1.24316,1.24195,1.24227,696
2023-01-23T07:10:00.000Z,1.24228,1.24258,1.24208,1.24243,648
2023-01-23T07:15:00.000Z,1.24244,1.24244,1.24062,1.24063,563
2023-01-23T07:20:00.000Z,1.24071,1.24092,1.24043,1.24047,702
2023-01-23T07:25:00.000Z,1.24048,1.24057,1.23957,1.23979,597
2023-01-23T07:30:00.000Z,1.2398,1.24064,1.23978,1.24052,585
2023-01-23T07:35:00.000Z,1.24055,1.24064,1.2399,1.23992,663
2023-01-23T07:40:00.000Z,1.23995,1.24053,1.23943,1.24048,501
2023-01-23T07:45:00.000Z,1.24049,1.24108,1.24037,1.24101,463
2023-01-23T07:50:00.000Z,1.24101,1.2414,1.24037,1.24051,625
2023-01-23T07:55:00.000Z,1.24053,1.24194,1.24015,1.24172,643
2023-01-23T08:00:00.000Z,1.2417,1.24195,1.24096,1.24162,953
2023-01-23T08:05:00.000Z,1.24162,1.24232,1.24148,1.24156,760
2023-01-23T08:10:00.000Z,1.24157,1.24174,1.24106,1.2417,794
2023-01-23T08:15:00.000Z,1.24171,1.24222,1.24119,1.24172,694
2023-01-23T08:20:00.000Z,1.24172,1.24172,1.24029,1.24052,815
2023-01-23T08:25:00.000Z,1.24052,1.24091,1.24038,1.24068,671
2023-01-23T08:30:00.000Z,1.24067,1.24083,1.24007,1.24065,560
2023-01-23T08:35:00.000Z,1.24065,1.2413,1.24057,1.24111,619
2023-01-23T08:40:00.000Z,1.2411,1.24221,1.24098,1.242,719
2023-01-23T08:45:00.000Z,1.24202,1.2421,1.24074,1.24077,703
2023-01-23T08:50:00.000Z,1.24076,1.24144,1.24057,1.2413,859
2023-01-23T08:55:00.000Z,1.24133,1.2418,1.24117,1.24126,671
2023-01-23T09:00:00.000Z,1.24125,1.24125,1.24064,1.24073,734
2023-01-23T09:05:00.000Z,1.24073,1.2411,1.24048,1.24083,526
2023-01-23T09:10:00.000Z,1.24084,1.24098,1.24062,1.24097,597
2023-01-23T09:15:00.000Z,1.24096,1.24149,1.24095,1.2413,478
2023-01-23T09:20:00.000Z,1.24131,1.24133,1.24077,1.24108,656
2023-01-23T09:25:00.000Z,1.24109,1.24112,1.24054,1.24077,530
2023-01-23T09:30:00.000Z,1.24076,1.24154,1.24064,1.24137,590
2023-01-23T09:35:00.000Z,1.24137,1.24159,1.24084,1.24146,505
2023-01-23T09:40:00.000Z,1.24147,1.24156,1.24102,1.24156,415
2023-01-23T09:45:00.000Z,1.24157,1.24218,1.24113,1.24203,535
2023-01-23T09:50:00.000Z,1.24202,1.2424,1.24182,1.24187,523
2023-01-23T09:55:00.000Z,1.24186,1.24191,1.24054,1.24065,493
2023-01-23T10:00:00.000Z,1.24065,1.24089,1.24012,1.24022,708
2023-01-23T10:05:00.000Z,1.24024,1.24051,1.23956,1.23974,612
2023-01-23T10:10:00.000Z,1.23974,1.24041,1.23896,1.23896,696
2023-01-23T10:15:00.000Z,1.23896,1.23984,1.23883,1.23907,742
2023-01-23T10:20:00.000Z,1.23907,1.23957,1.23855,1.2394,543
2023-01-23T10:25:00.000Z,1.2394,1.23947,1.23898,1.23898,452
2023-01-23T10:30:00.000Z,1.23897,1.23905,1.23793,1.23797,670
2023-01-23T10:35:00.000Z,1.23796,1.23825,1.2378,1.23793,470
2023-01-23T10:40:00.000Z,1.2379,1.23803,1.23746,1.23753,533
2023-01-23T10:45:00.000Z,1.23755,1.23811,1.23735,1.23776,542
2023-01-23T10:50:00.000Z,1.23776,1.23811,1.23733,1.23809,501
2023-01-23T10:55:00.000Z,1.23809,1.23835,1.23708,1.23718,578
2023-01-23T11:00:00.000Z,1.23718,1.23737,1.23656,1.23683,697
2023-01-23T11:05:00.000Z,1.23683,1.23691,1.23588,1.23671,605
2023-01-23T11:10:00.000Z,1.23667,1.23681,1.23624,1.23672,633
2023-01-23T11:15:00.000Z,1.23673,1.23688,1.23634,1.23638,472
2023-01-23T11:20:00.000Z,1.23639,1.23691,1.23564,1.23597,739
2023-01-23T11:25:00.000Z,1.23597,1.23642,1.23563,1.23633,660
2023-01-23T11:30:00.000Z,1.23633,1.23633,1.23558,1.23592,578
2023-01-23T11:35:00.000Z,1.23595,1.23629,1.23555,1.23593,597
2023-01-23T11:40:00.000Z,1.23593,1.2361,1.23537,1.23565,552
2023-01-23T11:45:00.000Z,1.23565,1.23589,1.23534,1.23579,737
2023-01-23T11:50:00.000Z,1.2358,1.236,1.23504,1.23518,549
2023-01-23T11:55:00.000Z,1.23518,1.23562,1.23506,1.23541,702
2023-01-23T12:00:00.000Z,1.2354,1.23577,1.23506,1.23524,803
2023-01-23T12:05:00.000Z,1.23526,1.236,1.23512,1.23591,650
2023-01-23T12:10:00.000Z,1.2359,1.236,1.23535,1.23598,580
2023-01-23T12:15:00.000Z,1.23597,1.23636,1.23556,1.2356,503
2023-01-23T12:20:00.000Z,1.23561,1.23612,1.23556,1.23598,520
2023-01-23T12:25:00.000Z,1.23598,1.23603,1.23558,1.23589,592
2023-01-23T12:30:00.000Z,1.2359,1.23613,1.23566,1.2358,676
2023-01-23T12:35:00.000Z,1.23579,1.2365,1.23579,1.23629,651
2023-01-23T12:40:00.000Z,1.23629,1.23677,1.23619,1.23675,733
2023-01-23T12:45:00.000Z,1.23675,1.23728,1.23671,1.23686,643
2023-01-23T12:50:00.000Z,1.23685,1.23707,1.23657,1.23665,587
2023-01-23T12:55:00.000Z,1.23665,1.23665,1.23627,1.23658,724
2023-01-23T13:00:00.000Z,1.23659,1.23701,1.23642,1.23674,764
2023-01-23T13:05:00.000Z,1.23675,1.23675,1.23598,1.23636,703
2023-01-23T13:10:00.000Z,1.23638,1.23651,1.23567,1.23567,673
2023-01-23T13:15:00.000Z,1.23569,1.23625,1.23533,1.23624,695
2023-01-23T13:20:00.000Z,1.2363,1.23666,1.23602,1.23631,799
2023-01-23T13:25:00.000Z,1.23631,1.23681,1.23611,1.23643,571
2023-01-23T13:30:00.000Z,1.23642,1.23658,1.23528,1.23529,857
2023-01-23T13:35:00.000Z,1.23529,1.23566,1.23419,1.23435,866
2023-01-23T13:40:00.000Z,1.23435,1.23515,1.23434,1.23465,923
2023-01-23T13:45:00.000Z,1.23465,1.23466,1.23385,1.23407,917
2023-01-23T13:50:00.000Z,1.23408,1.23446,1.23352,1.2342,974
2023-01-23T13:55:00.000Z,1.2342,1.23476,1.23388,1.23457,919
2023-01-23T14:00:00.000Z,1.23457,1.23468,1.23358,1.23367,1000
2023-01-23T14:05:00.000Z,1.23371,1.23384,1.23309,1.23333,1082
2023-01-23T14:10:00.000Z,1.23332,1.2339,1.23316,1.23383,1003
2023-01-23T14:15:00.000Z,1.23383,1.23448,1.23328,1.23337,854
2023-01-23T14:20:00.000Z,1.23335,1.23388,1.23308,1.23388,847
2023-01-23T14:25:00.000Z,1.23388,1.23484,1.23369,1.2339,812
2023-01-23T14:30:00.000Z,1.2339,1.23461,1.23354,1.23388,1424
2023-01-23T14:35:00.000Z,1.23389,1.23436,1.23338,1.23401,1148
2023-01-23T14:40:00.000Z,1.23407,1.23457,1.2336,1.23378,1140
2023-01-23T14:45:00.000Z,1.23377,1.23492,1.23369,1.2348,1153
2023-01-23T14:50:00.000Z,1.23481,1.23558,1.23464,1.23487,1105
2023-01-23T14:55:00.000Z,1.23486,1.23511,1.23448,1.23482,878
2023-01-23T15:00:00.000Z,1.23482,1.23521,1.23294,1.23302,1253
2023-01-23T15:05:00.000Z,1.233,1.23344,1.23243,1.23243,1086
2023-01-23T15:10:00.000Z,1.23236,1.23415,1.23236,1.23386,1165
2023-01-23T15:15:00.000Z,1.23387,1.235,1.2338,1.2349,951
2023-01-23T15:20:00.000Z,1.23489,1.2359,1.23487,1.23556,800
2023-01-23T15:25:00.000Z,1.23556,1.2357,1.23495,1.23539,972
2023-01-23T15:30:00.000Z,1.23539,1.23646,1.2353,1.2361,1153
2023-01-23T15:35:00.000Z,1.23609,1.23631,1.23594,1.23618,852
2023-01-23T15:40:00.000Z,1.23618,1.2364,1.23583,1.23601,1021
2023-01-23T15:45:00.000Z,1.23601,1.23768,1.23584,1.23761,1013
2023-01-23T15:50:00.000Z,1.23761,1.23771,1.23597,1.23652,1335
2023-01-23T15:55:00.000Z,1.23648,1.23731,1.23646,1.23708,1234
2023-01-23T16:00:00.000Z,1.23709,1.23876,1.2368,1.23826,1221
2023-01-23T16:05:00.000Z,1.23826,1.23867,1.23777,1.23789,1066
2023-01-23T16:10:00.000Z,1.2379,1.23838,1.23748,1.23755,834
2023-01-23T16:15:00.000Z,1.23756,1.23795,1.23691,1.23786,862
2023-01-23T16:20:00.000Z,1.23786,1.2381,1.23737,1.23766,910
2023-01-23T16:25:00.000Z,1.23767,1.23787,1.23727,1.23732,731
2023-01-23T16:30:00.000Z,1.23732,1.23747,1.23679,1.23728,768
2023-01-23T16:35:00.000Z,1.23727,1.23748,1.23677,1.237,703
2023-01-23T16:40:00.000Z,1.237,1.23714,1.23637,1.23639,618
2023-01-23T16:45:00.000Z,1.2364,1.23678,1.23633,1.23661,645
2023-01-23T16:50:00.000Z,1.2366,1.2366,1.2361,1.23637,629
2023-01-23T16:55:00.000Z,1.23637,1.23703,1.23631,1.2369,592
2023-01-23T17:00:00.000Z,1.23689,1.23739,1.23687,1.23715,637
2023-01-23T17:05:00.000Z,1.23718,1.23735,1.2364,1.23648,801
2023-01-23T17:10:00.000Z,1.23649,1.23679,1.23638,1.23664,699
2023-01-23T17:15:00.000Z,1.23665,1.2368,1.23645,1.23663,477
2023-01-23T17:20:00.000Z,1.23663,1.23691,1.23632,1.23691,793
2023-01-23T17:25:00.000Z,1.23691,1.23733,1.23657,1.23667,594
2023-01-23T17:30:00.000Z,1.23668,1.23707,1.23662,1.23704,603
2023-01-23T17:35:00.000Z,1.23705,1.23729,1.23676,1.2368,612
2023-01-23T17:40:00.000Z,1.23682,1.23688,1.23632,1.23664,514
2023-01-23T17:45:00.000Z,1.23665,1.23701,1.23629,1.23698,563
2023-01-23T17:50:00.000Z,1.23693,1.23695,1.23666,1.23681,595
2023-01-23T17:55:00.000Z,1.23681,1.23703,1.23669,1.23687,541
2023-01-23T18:00:00.000Z,1.23687,1.2377,1.23679,1.23721,628
2023-01-23T18:05:00.000Z,1.23721,1.23721,1.23696,1.2372,513
2023-01-23T18:10:00.000Z,1.23721,1.23769,1.23719,1.23727,569
2023-01-23T18:15:00.000Z,1.23726,1.23766,1.2371,1.23745,670
2023-01-23T18:20:00.000Z,1.23743,1.23762,1.23718,1.23729,730
2023-01-23T18:25:00.000Z,1.23728,1.23826,1.23726,1.23824,513
2023-01-23T18:30:00.000Z,1.23822,1.23841,1.23817,1.23826,497
2023-01-23T18:35:00.000Z,1.23827,1.23865,1.23815,1.23848,565
2023-01-23T18:40:00.000Z,1.23847,1.23847,1.23805,1.23829,545
2023-01-23T18:45:00.000Z,1.23831,1.23875,1.23828,1.23868,557
2023-01-23T18:50:00.000Z,1.23867,1.23879,1.23826,1.23828,659
2023-01-23T18:55:00.000Z,1.23828,1.23829,1.23714,1.23718,610
2023-01-23T19:00:00.000Z,1.23717,1.23735,1.23701,1.2371,791
2023-01-23T19:05:00.000Z,1.23709,1.23758,1.23704,1.23753,527
2023-01-23T19:10:00.000Z,1.23756,1.23762,1.23714,1.23758,440
2023-01-23T19:15:00.000Z,1.23756,1.23758,1.23721,1.23737,372
2023-01-23T19:20:00.000Z,1.23737,1.23752,1.23722,1.23747,380
2023-01-23T19:25:00.000Z,1.23747,1.23752,1.23706,1.23714,536
2023-01-23T19:30:00.000Z,1.23715,1.23746,1.23665,1.23707,457
2023-01-23T19:35:00.000Z,1.23707,1.23734,1.23682,1.23687,650
2023-01-23T19:40:00.000Z,1.23689,1.23704,1.23666,1.23671,690
2023-01-23T19:45:00.000Z,1.23671,1.23676,1.23598,1.23609,955
2023-01-23T19:50:00.000Z,1.2361,1.23623,1.23559,1.2362,742
2023-01-23T19:55:00.000Z,1.23621,1.23678,1.23603,1.23655,918
2023-01-23T20:00:00.000Z,1.23655,1.23754,1.23655,1.23736,901
2023-01-23T20:05:00.000Z,1.23736,1.23736,1.23687,1.2369,827
2023-01-23T20:10:00.000Z,1.23688,1.23704,1.23667,1.23686,682
2023-01-23T20:15:00.000Z,1.23686,1.23708,1.23666,1.23668,889
2023-01-23T20:20:00.000Z,1.23669,1.23703,1.23661,1.23685,908
2023-01-23T20:25:00.000Z,1.23686,1.23686,1.23637,1.23678,834
2023-01-23T20:30:00.000Z,1.23679,1.23699,1.23663,1.23677,865
2023-01-23T20:35:00.000Z,1.23678,1.23709,1.23667,1.23695,725
2023-01-23T20:40:00.000Z,1.23694,1.23704,1.23663,1.23695,937
2023-01-23T20:45:00.000Z,1.23696,1.23734,1.23695,1.23718,788
2023-01-23T20:50:00.000Z,1.23719,1.23742,1.23699,1.23729,830
2023-01-23T20:55:00.000Z,1.23732,1.23744,1.23724,1.23732,686
2023-01-23T21:00:00.000Z,1.23733,1.23734,1.23702,1.23724,380
2023-01-23T21:05:00.000Z,1.23725,1.23734,1.2371,1.23728,205
2023-01-23T21:10:00.000Z,1.23729,1.23755,1.23728,1.23748,359
2023-01-23T21:15:00.000Z,1.23748,1.23758,1.23748,1.23748,300
2023-01-23T21:20:00.000Z,1.23747,1.23773,1.23747,1.23769,245
2023-01-23T21:25:00.000Z,1.2377,1.23785,1.23765,1.23782,290
2023-01-23T21:30:00.000Z,1.23783,1.2379,1.23767,1.23768,245
2023-01-23T21:35:00.000Z,1.2377,1.2377,1.23755,1.23755,223
2023-01-23T21:40:00.000Z,1.23756,1.23769,1.23748,1.23748,178
2023-01-23T21:45:00.000Z,1.23748,1.2377,1.23747,1.23767,204
2023-01-23T21:50:00.000Z,1.23768,1.238,1.23768,1.23791,371
2023-01-23T21:55:00.000Z,1.23791,1.23791,1.23776,1.23783,320
2023-01-23T22:00:00.000Z,1.23748,1.23752,1.237,1.2374,27
2023-01-23T22:05:00.000Z,1.23752,1.23787,1.23752,1.23787,17
2023-01-23T22:10:00.000Z,1.23787,1.23787,1.23775,1.23787,20
2023-01-23T22:15:00.000Z,1.23787,1.23787,1.23785,1.23787,11
2023-01-23T22:25:00.000Z,1.23787,1.23787,1.2378,1.2378,15
2023-01-23T22:30:00.000Z,1.23777,1.2378,1.23768,1.23775,57
2023-01-23T22:35:00.000Z,1.23775,1.23775,1.23742,1.23752,42
2023-01-23T22:40:00.000Z,1.23746,1.23793,1.23729,1.23734,118
2023-01-23T22:45:00.000Z,1.23737,1.23746,1.23733,1.23737,53
2023-01-23T22:50:00.000Z,1.23737,1.23741,1.23737,1.23741,6
2023-01-23T22:55:00.000Z,1.2374,1.2374,1.23722,1.23729,153
2023-01-23T23:00:00.000Z,1.23736,1.23837,1.23736,1.23783,237
2023-01-23T23:05:00.000Z,1.23784,1.2382,1.23773,1.23791,209
2023-01-23T23:10:00.000Z,1.23795,1.2381,1.23759,1.23764,322
2023-01-23T23:15:00.000Z,1.23759,1.23804,1.23743,1.23795,609
2023-01-23T23:20:00.000Z,1.23789,1.23798,1.23768,1.23776,569
2023-01-23T23:25:00.000Z,1.23776,1.23803,1.23768,1.23787,350
2023-01-23T23:30:00.000Z,1.23788,1.23803,1.23784,1.23802,428
2023-01-23T23:35:00.000Z,1.23801,1.23841,1.23801,1.2384,231
2023-01-23T23:40:00.000Z,1.23839,1.23852,1.23815,1.23827,181
2023-01-23T23:45:00.000Z,1.23826,1.23844,1.23825,1.23838,241
2023-01-23T23:50:00.000Z,1.23844,1.23849,1.23821,1.23821,166
2023-01-23T23:55:00.000Z,1.2382,1.23822,1.23784,1.23788,270
2023-01-24T00:00:00.000Z,1.23789,1.23798,1.2377,1.23774,237
2023-01-24T00:05:00.000Z,1.23774,1.23774,1.23738,1.2376,215
2023-01-24T00:10:00.000Z,1.23761,1.23785,1.23758,1.23772,480
2023-01-24T00:15:00.000Z,1.23773,1.2382,1.23768,1.23808,361
2023-01-24T00:20:00.000Z,1.23807,1.23812,1.23792,1.23795,427
2023-01-24T00:25:00.000Z,1.23794,1.23798,1.2377,1.2377,270
2023-01-24T00:30:00.000Z,1.23771,1.23792,1.23769,1.23769,322
2023-01-24T00:35:00.000Z,1.23768,1.23784,1.23768,1.23782,172
2023-01-24T00:40:00.000Z,1.23783,1.23785,1.23762,1.23762,280
2023-01-24T00:45:00.000Z,1.23761,1.23774,1.23753,1.23761,303
2023-01-24T00:50:00.000Z,1.2376,1.2379,1.2376,1.23779,368
2023-01-24T00:55:00.000Z,1.23778,1.23792,1.23765,1.23782,309
2023-01-24T01:00:00.000Z,1.23784,1.23793,1.23762,1.23774,315
2023-01-24T01:05:00.000Z,1.23775,1.2378,1.23765,1.23779,179
2023-01-24T01:10:00.000Z,1.23784,1.23836,1.23784,1.23833,333
2023-01-24T01:15:00.000Z,1.23834,1.23871,1.23807,1.23818,336
2023-01-24T01:20:00.000Z,1.23817,1.2382,1.23804,1.23807,198
2023-01-24T01:25:00.000Z,1.23807,1.23827,1.23792,1.238,289
2023-01-24T01:30:00.000Z,1.23798,1.2383,1.23796,1.23818,204
2023-01-24T01:35:00.000Z,1.23817,1.23839,1.23793,1.23837,249
2023-01-24T01:40:00.000Z,1.23838,1.23904,1.23837,1.23886,470
2023-01-24T01:45:00.000Z,1.23885,1.23899,1.23876,1.23887,404
2023-01-24T01:50:00.000Z,1.23889,1.23889,1.23856,1.2387,363
2023-01-24T01:55:00.000Z,1.23869,1.23883,1.23847,1.23882,340
2023-01-24T02:00:00.000Z,1.23881,1.23901,1.23876,1.23898,360
2023-01-24T02:05:00.000Z,1.23899,1.239,1.2388,1.23895,316
2023-01-24T02:10:00.000Z,1.23893,1.23904,1.23886,1.23891,297
2023-01-24T02:15:00.000Z,1.2389,1.23895,1.23876,1.23877,280
2023-01-24T02:20:00.000Z,1.23879,1.23901,1.23875,1.23898,374
2023-01-24T02:25:00.000Z,1.23899,1.239,1.2388,1.23887,344
2023-01-24T02:30:00.000Z,1.23886,1.23902,1.23879,1.23881,285
2023-01-24T02:35:00.000Z,1.23882,1.23891,1.23879,1.23888,196
2023-01-24T02:40:00.000Z,1.23889,1.23909,1.23887,1.23899,308
2023-01-24T02:45:00.000Z,1.239,1.239,1.23855,1.23858,328
2023-01-24T02:50:00.000Z,1.23859,1.23891,1.23858,1.23889,258
2023-01-24T02:55:00.000Z,1.23888,1.23909,1.23873,1.23874,299
2023-01-24T03:00:00.000Z,1.23873,1.23877,1.23861,1.23865,390
2023-01-24T03:05:00.000Z,1.23866,1.23911,1.23865,1.23908,323
2023-01-24T03:10:00.000Z,1.23909,1.23912,1.23869,1.2387,348
2023-01-24T03:15:00.000Z,1.2387,1.23878,1.23862,1.23876,241
2023-01-24T03:20:00.000Z,1.23877,1.23878,1.23834,1.23853,278
2023-01-24T03:25:00.000Z,1.23855,1.23875,1.2385,1.23875,273
2023-01-24T03:30:00.000Z,1.23876,1.23889,1.23862,1.23862,235
2023-01-24T03:35:00.000Z,1.23864,1.23888,1.23864,1.23875,242
2023-01-24T03:40:00.000Z,1.23876,1.23884,1.23833,1.23839,266
2023-01-24T03:45:00.000Z,1.2384,1.23847,1.23798,1.23832,390
2023-01-24T03:50:00.000Z,1.23832,1.23852,1.23831,1.23841,202
2023-01-24T03:55:00.000Z,1.23843,1.23849,1.2381,1.23812,217
2023-01-24T04:00:00.000Z,1.23811,1.23814,1.23774,1.23774,215
2023-01-24T04:05:00.000Z,1.23775,1.23782,1.23757,1.2377,337
2023-01-24T04:10:00.000Z,1.23771,1.23785,1.23748,1.23762,267
2023-01-24T04:15:00.000Z,1.23761,1.2377,1.23755,1.23769,287
2023-01-24T04:20:00.000Z,1.23768,1.23792,1.23768,1.23787,282
2023-01-24T04:25:00.000Z,1.23786,1.23816,1.23785,1.23813,191
2023-01-24T04:30:00.000Z,1.23813,1.23836,1.23809,1.23827,169
2023-01-24T04:35:00.000Z,1.23826,1.23829,1.23787,1.23796,203
2023-01-24T04:40:00.000Z,1.23797,1.23818,1.23796,1.23811,180
2023-01-24T04:45:00.000Z,1.2381,1.23816,1.23799,1.23807,221
2023-01-24T04:50:00.000Z,1.23811,1.23847,1.23809,1.23838,81
2023-01-24T04:55:00.000Z,1.23837,1.23847,1.23828,1.23841,172
2023-01-24T05:00:00.000Z,1.23842,1.23852,1.2382,1.23839,219
2023-01-24T05:05:00.000Z,1.23839,1.23841,1.23829,1.2383,192
2023-01-24T05:10:00.000Z,1.23831,1.23868,1.23831,1.23866,297
2023-01-24T05:15:00.000Z,1.23866,1.23877,1.23855,1.23859,146
2023-01-24T05:20:00.000Z,1.2386,1.23897,1.23859,1.23897,125
2023-01-24T05:25:00.000Z,1.23901,1.23914,1.23893,1.23909,308
2023-01-24T05:30:00.000Z,1.23909,1.23918,1.23895,1.23898,288
2023-01-24T05:35:00.000Z,1.23897,1.23916,1.23887,1.23888,168
2023-01-24T05:40:00.000Z,1.23889,1.23941,1.23886,1.23922,281
2023-01-24T05:45:00.000Z,1.23922,1.23922,1.23899,1.23903,301
2023-01-24T05:50:00.000Z,1.23902,1.23913,1.23889,1.2389,409
2023-01-24T05:55:00.000Z,1.23891,1.23899,1.23863,1.23867,311
2023-01-24T06:00:00.000Z,1.23866,1.23908,1.23864,1.23888,314
2023-01-24T06:05:00.000Z,1.23889,1.23902,1.23874,1.2388,214
2023-01-24T06:10:00.000Z,1.23878,1.239,1.23867,1.2389,245
2023-01-24T06:15:00.000Z,1.23891,1.23891,1.23867,1.2388,163
2023-01-24T06:20:00.000Z,1.23881,1.23919,1.23881,1.2391,187
2023-01-24T06:25:00.000Z,1.23911,1.23937,1.2391,1.23935,261
2023-01-24T06:30:00.000Z,1.23936,1.23949,1.23927,1.23941,283
2023-01-24T06:35:00.000Z,1.23942,1.23946,1.23925,1.23936,186
2023-01-24T06:40:00.000Z,1.23935,1.24061,1.23935,1.24037,430
2023-01-24T06:45:00.000Z,1.24035,1.24081,1.23996,1.24058,393
2023-01-24T06:50:00.000Z,1.24059,1.24071,1.24018,1.24018,398
2023-01-24T06:55:00.000Z,1.24019,1.24032,1.2399,1.24026,482
2023-01-24T07:00:00.000Z,1.24023,1.2403,1.23995,1.24023,583
2023-01-24T07:05:00.000Z,1.24023,1.24023,1.23937,1.23938,465
2023-01-24T07:10:00.000Z,1.23939,1.23952,1.23844,1.23894,441
2023-01-24T07:15:00.000Z,1.23895,1.23932,1.23888,1.23898,396
2023-01-24T07:20:00.000Z,1.23898,1.24033,1.23895,1.24016,576
2023-01-24T07:25:00.000Z,1.24015,1.2405,1.23998,1.24018,427
2023-01-24T07:30:00.000Z,1.2402,1.24057,1.23987,1.24022,497
2023-01-24T07:35:00.000Z,1.24021,1.24069,1.23993,1.24053,509
2023-01-24T07:40:00.000Z,1.24058,1.2408,1.24039,1.24054,490
2023-01-24T07:45:00.000Z,1.24052,1.24126,1.24038,1.24043,406
2023-01-24T07:50:00.000Z,1.24047,1.24068,1.23997,1.24047,586
2023-01-24T07:55:00.000Z,1.24048,1.24076,1.24038,1.24045,540
2023-01-24T08:00:00.000Z,1.24044,1.24138,1.24044,1.24072,694
2023-01-24T08:05:00.000Z,1.24074,1.24074,1.23951,1.2399,645
2023-01-24T08:10:00.000Z,1.23989,1.24031,1.23961,1.23968,614
2023-01-24T08:15:00.000Z,1.23967,1.24043,1.23962,1.24043,470
2023-01-24T08:20:00.000Z,1.24042,1.24091,1.24025,1.24071,455
2023-01-24T08:25:00.000Z,1.2407,1.24098,1.24009,1.24019,608
2023-01-24T08:30:00.000Z,1.24007,1.24014,1.23895,1.23916,1037
2023-01-24T08:35:00.000Z,1.23923,1.23968,1.2388,1.23967,750
2023-01-24T08:40:00.000Z,1.23968,1.24,1.23939,1.23996,728
2023-01-24T08:45:00.000Z,1.24,1.24001,1.23906,1.23948,490
2023-01-24T08:50:00.000Z,1.23947,1.23967,1.23887,1.23907,410
2023-01-24T08:55:00.000Z,1.23909,1.2393,1.23886,1.23926,354
2023-01-24T09:00:00.000Z,1.23927,1.2399,1.23887,1.23927,718
2023-01-24T09:05:00.000Z,1.23929,1.23947,1.23916,1.2393,580
2023-01-24T09:10:00.000Z,1.23928,1.23976,1.23879,1.23891,469
2023-01-24T09:15:00.000Z,1.2389,1.23924,1.23879,1.23897,503
2023-01-24T09:20:00.000Z,1.23898,1.23922,1.23807,1.23822,681
2023-01-24T09:25:00.000Z,1.23821,1.23847,1.23756,1.23762,593
2023-01-24T09:30:00.000Z,1.23758,1.2377,1.23462,1.23471,1307
2023-01-24T09:35:00.000Z,1.2348,1.23511,1.23422,1.23439,805
2023-01-24T09:40:00.000Z,1.2344,1.2346,1.23339,1.23339,807
2023-01-24T09:45:00.000Z,1.23338,1.23388,1.23108,1.23172,833
2023-01-24T09:50:00.000Z,1.23172,1.23271,1.23162,1.23177,794
2023-01-24T09:55:00.000Z,1.23178,1.23311,1.2308,1.23307,949
2023-01-24T10:00:00.000Z,1.23306,1.23357,1.23155,1.232,931
2023-01-24T10:05:00.000Z,1.23198,1.23233,1.23129,1.23142,564
2023-01-24T10:10:00.000Z,1.23141,1.23173,1.23018,1.23101,779
2023-01-24T10:15:00.000Z,1.231,1.23144,1.23017,1.23052,790
2023-01-24T10:20:00.000Z,1.23053,1.23132,1.23028,1.23062,898
2023-01-24T10:25:00.000Z,1.23061,1.23104,1.2303,1.23079,486
2023-01-24T10:30:00.000Z,1.2308,1.23166,1.23053,1.23162,622
2023-01-24T10:35:00.000Z,1.23161,1.23172,1.23129,1.23133,704
2023-01-24T10:40:00.000Z,1.23132,1.23132,1.2306,1.2312,661
2023-01-24T10:45:00.000Z,1.2312,1.23194,1.23105,1.23141,641
2023-01-24T10:50:00.000Z,1.23142,1.23143,1.23028,1.23082,519
2023-01-24T10:55:00.000Z,1.23081,1.23198,1.23069,1.2318,527
2023-01-24T11:00:00.000Z,1.2318,1.2318,1.23087,1.23121,636
2023-01-24T11:05:00.000Z,1.23124,1.2313,1.23045,1.23054,626
2023-01-24T11:10:00.000Z,1.23053,1.23082,1.2303,1.23059,452
2023-01-24T11:15:00.000Z,1.23061,1.23132,1.23052,1.23109,535
2023-01-24T11:20:00.000Z,1.23109,1.23162,1.23053,1.23139,577
2023-01-24T11:25:00.000Z,1.2314,1.23165,1.23119,1.23158,558
2023-01-24T11:30:00.000Z,1.23158,1.23198,1.23133,1.23162,448
2023-01-24T11:35:00.000Z,1.23163,1.23211,1.23155,1.23162,349
2023-01-24T11:40:00.000Z,1.23162,1.23221,1.23162,1.23182,473
2023-01-24T11:45:00.000Z,1.23183,1.2328,1.23168,1.23267,415
2023-01-24T11:50:00.000Z,1.23268,1.23293,1.23248,1.23262,483
2023-01-24T11:55:00.000Z,1.23261,1.23264,1.23122,1.23143,702
2023-01-24T12:00:00.000Z,1.23143,1.23193,1.23128,1.23157,873
2023-01-24T12:05:00.000Z,1.23156,1.23167,1.2311,1.23117,481
2023-01-24T12:10:00.000Z,1.23117,1.23131,1.23047,1.23078,634
2023-01-24T12:15:00.000Z,1.23077,1.23141,1.23073,1.23134,378
2023-01-24T12:20:00.000Z,1.23132,1.23132,1.23084,1.23111,559
2023-01-24T12:25:00.000Z,1.2311,1.23129,1.23069,1.23128,512
2023-01-24T12:30:00.000Z,1.23129,1.23131,1.23024,1.23037,689
2023-01-24T12:35:00.000Z,1.23037,1.23069,1.22919,1.22996,727
2023-01-24T12:40:00.000Z,1.22998,1.23,1.22918,1.22919,831
2023-01-24T12:45:00.000Z,1.22918,1.22972,1.22907,1.22967,633
2023-01-24T12:50:00.000Z,1.22968,1.23015,1.22963,1.22993,555
2023-01-24T12:55:00.000Z,1.22992,1.23011,1.22865,1.22878,754
2023-01-24T13:00:00.000Z,1.22884,1.22908,1.22826,1.22863,1140
2023-01-24T13:05:00.000Z,1.22863,1.22917,1.22847,1.22849,820
2023-01-24T13:10:00.000Z,1.22848,1.22872,1.22817,1.22866,762
2023-01-24T13:15:00.000Z,1.22865,1.22969,1.22863,1.22966,806
2023-01-24T13:20:00.000Z,1.22965,1.23008,1.22947,1.22991,930
2023-01-24T13:25:00.000Z,1.22991,1.23032,1.22967,1.22994,965
2023-01-24T13:30:00.000Z,1.22995,1.23019,1.22943,1.23009,1065
2023-01-24T13:35:00.000Z,1.23009,1.23011,1.22871,1.22872,812
2023-01-24T13:40:00.000Z,1.22871,1.22899,1.22822,1.22843,958
2023-01-24T13:45:00.000Z,1.22842,1.22899,1.22823,1.22868,999
2023-01-24T13:50:00.000Z,1.2287,1.2291,1.22848,1.22885,1119
2023-01-24T13:55:00.000Z,1.22884,1.22937,1.22859,1.22922,857
2023-01-24T14:00:00.000Z,1.22921,1.22989,1.22917,1.22987,930
2023-01-24T14:05:00.000Z,1.22988,1.23031,1.22919,1.22934,872
2023-01-24T14:10:00.000Z,1.22932,1.2298,1.22919,1.22974,867
2023-01-24T14:15:00.000Z,1.22973,1.22982,1.22871,1.22887,875
2023-01-24T14:20:00.000Z,1.22887,1.22934,1.22859,1.229,880
2023-01-24T14:25:00.000Z,1.22901,1.22987,1.22895,1.22939,813
2023-01-24T14:30:00.000Z,1.2294,1.22991,1.22913,1.22961,1225
2023-01-24T14:35:00.000Z,1.22961,1.22961,1.22834,1.22867,1093
2023-01-24T14:40:00.000Z,1.22868,1.22946,1.22867,1.22888,1078
2023-01-24T14:45:00.000Z,1.22874,1.22894,1.22639,1.22818,1820
2023-01-24T14:50:00.000Z,1.22819,1.22874,1.22722,1.2282,1523
2023-01-24T14:55:00.000Z,1.22819,1.22822,1.22631,1.22654,1361
2023-01-24T15:00:00.000Z,1.22658,1.22841,1.22641,1.22792,1542
2023-01-24T15:05:00.000Z,1.22792,1.22819,1.22671,1.22816,1372
2023-01-24T15:10:00.000Z,1.22815,1.22911,1.22773,1.22884,1479
2023-01-24T15:15:00.000Z,1.22885,1.22983,1.22808,1.22817,1419
2023-01-24T15:20:00.000Z,1.22817,1.22932,1.22816,1.22846,1248
2023-01-24T15:25:00.000Z,1.22849,1.22978,1.22847,1.22974,1375
2023-01-24T15:30:00.000Z,1.22975,1.22989,1.22896,1.22912,1433
2023-01-24T15:35:00.000Z,1.22914,1.22949,1.22826,1.2293,1305
2023-01-24T15:40:00.000Z,1.2293,1.23059,1.22847,1.23054,1296
2023-01-24T15:45:00.000Z,1.23051,1.23179,1.23042,1.2307,1409
2023-01-24T15:50:00.000Z,1.23065,1.23198,1.23031,1.23168,1529
2023-01-24T15:55:00.000Z,1.23168,1.23211,1.23126,1.23147,1351
2023-01-24T16:00:00.000Z,1.2315,1.23163,1.23099,1.23123,1166
2023-01-24T16:05:00.000Z,1.23122,1.2316,1.23097,1.23149,927
2023-01-24T16:10:00.000Z,1.2315,1.23212,1.2315,1.23174,894
2023-01-24T16:15:00.000Z,1.2317,1.23212,1.23112,1.23138,853
2023-01-24T16:20:00.000Z,1.23138,1.23251,1.23124,1.23238,845
2023-01-24T16:25:00.000Z,1.23238,1.23323,1.23224,1.23311,1024
2023-01-24T16:30:00.000Z,1.2331,1.23365,1.23256,1.23291,996
2023-01-24T16:35:00.000Z,1.23292,1.23332,1.23286,1.23304,870
2023-01-24T16:40:00.000Z,1.23303,1.23316,1.23206,1.23219,1033
2023-01-24T16:45:00.000Z,1.23218,1.23248,1.23165,1.23169,992
2023-01-24T16:50:00.000Z,1.23169,1.23184,1.23149,1.23164,874
2023-01-24T16:55:00.000Z,1.23162,1.23232,1.23161,1.23215,780
2023-01-24T17:00:00.000Z,1.23215,1.23248,1.23183,1.23202,1041
2023-01-24T17:05:00.000Z,1.23206,1.23266,1.23165,1.23257,902
2023-01-24T17:10:00.000Z,1.23258,1.23341,1.23244,1.2333,883
2023-01-24T17:15:00.000Z,1.23332,1.234,1.23329,1.234,594
2023-01-24T17:20:00.000Z,1.234,1.234,1.23308,1.23309,892
2023-01-24T17:25:00.000Z,1.23308,1.2333,1.23268,1.23268,572
2023-01-24T17:30:00.000Z,1.2327,1.23281,1.23248,1.23258,671
2023-01-24T17:35:00.000Z,1.23259,1.23281,1.23236,1.23265,540
2023-01-24T17:40:00.000Z,1.23264,1.23279,1.23231,1.23273,866
2023-01-24T17:45:00.000Z,1.23273,1.2332,1.23262,1.23285,729
2023-01-24T17:50:00.000Z,1.23284,1.2329,1.2326,1.23269,817
2023-01-24T17:55:00.000Z,1.2327,1.23297,1.23227,1.2326,706
2023-01-24T18:00:00.000Z,1.23259,1.23341,1.23258,1.23269,738
2023-01-24T18:05:00.000Z,1.23271,1.2329,1.23239,1.2329,697
2023-01-24T18:10:00.000Z,1.2329,1.23394,1.23289,1.23385,578
2023-01-24T18:15:00.000Z,1.23384,1.23385,1.23351,1.23376,606
2023-01-24T18:20:00.000Z,1.23377,1.23398,1.2336,1.23383,460
2023-01-24T18:25:00.000Z,1.23383,1.23401,1.2337,1.23399,475
2023-01-24T18:30:00.000Z,1.23398,1.23404,1.23377,1.23378,395
2023-01-24T18:35:00.000Z,1.23377,1.23382,1.2335,1.23361,566
2023-01-24T18:40:00.000Z,1.23361,1.23375,1.23346,1.2335,664
2023-01-24T18:45:00.000Z,1.2335,1.23353,1.23309,1.23316,598
2023-01-24T18:50:00.000Z,1.23316,1.23341,1.23297,1.23327,465
2023-01-24T18:55:00.000Z,1.23328,1.23335,1.23308,1.23308,468
2023-01-24T19:00:00.000Z,1.23308,1.23308,1.23224,1.23247,741
2023-01-24T19:05:00.000Z,1.23248,1.2327,1.23247,1.2327,430
2023-01-24T19:10:00.000Z,1.2327,1.233,1.23262,1.23288,395
2023-01-24T19:15:00.000Z,1.23288,1.23318,1.23279,1.2331,547
2023-01-24T19:20:00.000Z,1.23311,1.23331,1.23298,1.23321,562
2023-01-24T19:25:00.000Z,1.2332,1.2333,1.23279,1.23299,410
2023-01-24T19:30:00.000Z,1.23301,1.23343,1.23297,1.23326,561
2023-01-24T19:35:00.000Z,1.23326,1.23333,1.23304,1.23311,392
2023-01-24T19:40:00.000Z,1.2331,1.23353,1.23298,1.2334,342
2023-01-24T19:45:00.000Z,1.23341,1.23357,1.23324,1.23327,508
2023-01-24T19:50:00.000Z,1.23328,1.2336,1.23328,1.23339,604
2023-01-24T19:55:00.000Z,1.2334,1.23374,1.23338,1.2337,549
2023-01-24T20:00:00.000Z,1.23372,1.23389,1.23356,1.23372,614
2023-01-24T20:05:00.000Z,1.23373,1.23373,1.23331,1.23332,400
2023-01-24T20:10:00.000Z,1.23332,1.23332,1.23281,1.23291,565
2023-01-24T20:15:00.000Z,1.23292,1.23329,1.23279,1.23322,641
2023-01-24T20:20:00.000Z,1.23323,1.23326,1.23298,1.23323,531
2023-01-24T20:25:00.000Z,1.23321,1.23342,1.23318,1.23328,434
2023-01-24T20:30:00.000Z,1.23327,1.23329,1.23289,1.23307,450
2023-01-24T20:35:00.000Z,1.23307,1.23333,1.23305,1.23332,362
2023-01-24T20:40:00.000Z,1.23332,1.23332,1.2328,1.23289,537
2023-01-24T20:45:00.000Z,1.23289,1.23295,1.23276,1.23284,439
2023-01-24T20:50:00.000Z,1.23284,1.2333,1.23281,1.23317,616
2023-01-24T20:55:00.000Z,1.23318,1.2336,1.23312,1.23349,557
2023-01-24T21:00:00.000Z,1.23348,1.23368,1.23337,1.23339,926
2023-01-24T21:05:00.000Z,1.23339,1.23348,1.23325,1.2333,505
2023-01-24T21:10:00.000Z,1.23329,1.23342,1.23328,1.23335,463
2023-01-24T21:15:00.000Z,1.23336,1.23361,1.2333,1.23361,309
2023-01-24T21:20:00.000Z,1.23362,1.23372,1.23358,1.23359,199
2023-01-24T21:25:00.000Z,1.23358,1.23369,1.23355,1.23367,386
2023-01-24T21:30:00.000Z,1.23368,1.23371,1.23346,1.23351,496
2023-01-24T21:35:00.000Z,1.23352,1.23362,1.2335,1.23357,465
2023-01-24T21:40:00.000Z,1.23356,1.23372,1.23354,1.23371,657
2023-01-24T21:45:00.000Z,1.2337,1.23406,1.2337,1.23387,509
2023-01-24T21:50:00.000Z,1.23389,1.2342,1.23384,1.23414,673
2023-01-24T21:55:00.000Z,1.23412,1.23413,1.23385,1.23391,277
2023-01-24T22:00:00.000Z,1.23283,1.23283,1.23228,1.23269,23
2023-01-24T22:05:00.000Z,1.23271,1.2328,1.2327,1.23274,17
2023-01-24T22:10:00.000Z,1.2328,1.23281,1.23278,1.23281,8
2023-01-24T22:15:00.000Z,1.23281,1.23296,1.2328,1.23286,468
2023-01-24T22:20:00.000Z,1.2328,1.2332,1.23278,1.23285,458
2023-01-24T22:25:00.000Z,1.23289,1.2332,1.23269,1.23299,356
2023-01-24T22:30:00.000Z,1.23299,1.23357,1.23296,1.23337,627
2023-01-24T22:35:00.000Z,1.23337,1.2335,1.23324,1.23337,510
2023-01-24T22:40:00.000Z,1.23336,1.23338,1.23316,1.23326,152
2023-01-24T22:45:00.000Z,1.23325,1.23331,1.23283,1.23297,576
2023-01-24T22:50:00.000Z,1.23297,1.23305,1.23282,1.23305,627
2023-01-24T22:55:00.000Z,1.23289,1.23305,1.23289,1.23305,4
2023-01-24T23:00:00.000Z,1.23306,1.23356,1.23303,1.23354,332
2023-01-24T23:05:00.000Z,1.23354,1.23374,1.23332,1.23332,824
2023-01-24T23:10:00.000Z,1.23333,1.23345,1.23315,1.2332,312
2023-01-24T23:15:00.000Z,1.23322,1.23329,1.2331,1.23318,660
2023-01-24T23:20:00.000Z,1.23318,1.2332,1.23285,1.23288,538
2023-01-24T23:25:00.000Z,1.23289,1.23299,1.23279,1.23297,695
2023-01-24T23:30:00.000Z,1.23297,1.23318,1.23259,1.23316,448
2023-01-24T23:35:00.000Z,1.23318,1.23324,1.23298,1.23314,223
2023-01-24T23:40:00.000Z,1.23315,1.23326,1.23311,1.23316,660
2023-01-24T23:45:00.000Z,1.23314,1.2333,1.23293,1.23323,553
2023-01-24T23:50:00.000Z,1.23321,1.23323,1.2329,1.23303,454
2023-01-24T23:55:00.000Z,1.23304,1.23325,1.23276,1.23314,240
2023-01-25T00:00:00.000Z,1.23317,1.23318,1.23285,1.233,402
2023-01-25T00:05:00.000Z,1.23299,1.23303,1.23252,1.23263,267
2023-01-25T00:10:00.000Z,1.23262,1.23272,1.2325,1.23256,247
2023-01-25T00:15:00.000Z,1.23257,1.23266,1.23191,1.23192,350
2023-01-25T00:20:00.000Z,1.23193,1.23203,1.23186,1.232,208
2023-01-25T00:25:00.000Z,1.23201,1.23203,1.23191,1.23191,198
2023-01-25T00:30:00.000Z,1.23192,1.23271,1.23185,1.23212,807
2023-01-25T00:35:00.000Z,1.23212,1.23224,1.23161,1.23161,616
2023-01-25T00:40:00.000Z,1.23159,1.23174,1.23123,1.23133,474
2023-01-25T00:45:00.000Z,1.23133,1.23173,1.23132,1.23159,594
2023-01-25T00:50:00.000Z,1.23159,1.23203,1.23117,1.23201,583
2023-01-25T00:55:00.000Z,1.23205,1.2326,1.23204,1.23252,557
2023-01-25T01:00:00.000Z,1.23253,1.23304,1.2323,1.23292,653
2023-01-25T01:05:00.000Z,1.23292,1.23304,1.23169,1.23176,627
2023-01-25T01:10:00.000Z,1.23175,1.23227,1.23152,1.23163,526
2023-01-25T01:15:00.000Z,1.23164,1.23204,1.23143,1.23192,532
2023-01-25T01:20:00.000Z,1.23194,1.23238,1.2319,1.23232,387
2023-01-25T01:25:00.000Z,1.23233,1.23241,1.23202,1.23226,355
2023-01-25T01:30:00.000Z,1.23225,1.23235,1.23181,1.23191,394
2023-01-25T01:35:00.000Z,1.23192,1.23221,1.2319,1.23198,251
2023-01-25T01:40:00.000Z,1.23199,1.23241,1.23197,1.23223,270
2023-01-25T01:45:00.000Z,1.23224,1.23249,1.23221,1.23243,277
2023-01-25T01:50:00.000Z,1.23243,1.2329,1.23243,1.2328,392
2023-01-25T01:55:00.000Z,1.23281,1.23298,1.2325,1.2326,359
2023-01-25T02:00:00.000Z,1.23261,1.23298,1.23255,1.23275,350
2023-01-25T02:05:00.000Z,1.23276,1.2329,1.23267,1.23283,229
2023-01-25T02:10:00.000Z,1.23282,1.23326,1.23281,1.23319,273
2023-01-25T02:15:00.000Z,1.2332,1.23334,1.23307,1.23331,313
2023-01-25T02:20:00.000Z,1.23331,1.23341,1.23318,1.23331,249
2023-01-25T02:25:00.000Z,1.23331,1.23343,1.2332,1.23337,214
2023-01-25T02:30:00.000Z,1.23338,1.2335,1.23324,1.2333,217
2023-01-25T02:35:00.000Z,1.23329,1.23371,1.23329,1.23351,408
2023-01-25T02:40:00.000Z,1.23351,1.23352,1.23286,1.23295,385
2023-01-25T02:45:00.000Z,1.23296,1.23301,1.23271,1.23276,336
2023-01-25T02:50:00.000Z,1.23275,1.23287,1.23258,1.23259,424
2023-01-25T02:55:00.000Z,1.23258,1.23266,1.23239,1.23247,274
2023-01-25T03:00:00.000Z,1.23246,1.23249,1.23227,1.23241,474
2023-01-25T03:05:00.000Z,1.23241,1.23241,1.23178,1.23196,306
2023-01-25T03:10:00.000Z,1.23197,1.23201,1.23179,1.2319,276
2023-01-25T03:15:00.000Z,1.23192,1.23202,1.23162,1.23202,295
2023-01-25T03:20:00.000Z,1.23201,1.23234,1.2319,1.23232,325
2023-01-25T03:25:00.000Z,1.23233,1.23274,1.2323,1.2324,263
2023-01-25T03:30:00.000Z,1.23241,1.23261,1.23219,1.23248,362
2023-01-25T03:35:00.000Z,1.2325,1.23261,1.23235,1.2325,228
2023-01-25T03:40:00.000Z,1.2325,1.23269,1.23232,1.23241,420
2023-01-25T03:45:00.000Z,1.2324,1.23279,1.23234,1.23276,219
2023-01-25T03:50:00.000Z,1.23274,1.23279,1.2324,1.23245,272
2023-01-25T03:55:00.000Z,1.23244,1.23272,1.23244,1.2326,273
2023-01-25T04:00:00.000Z,1.23261,1.23309,1.23257,1.23303,350
2023-01-25T04:05:00.000Z,1.23304,1.23336,1.23304,1.23334,243
2023-01-25T04:10:00.000Z,1.23335,1.23335,1.2328,1.23283,256
2023-01-25T04:15:00.000Z,1.23284,1.23285,1.23259,1.23262,348
2023-01-25T04:20:00.000Z,1.23263,1.23268,1.23252,1.23268,301
2023-01-25T04:25:00.000Z,1.23268,1.23294,1.23266,1.23294,329
2023-01-25T04:30:00.000Z,1.23294,1.23304,1.23277,1.23278,273
2023-01-25T04:35:00.000Z,1.23277,1.2329,1.23266,1.23288,295
2023-01-25T04:40:00.000Z,1.23288,1.23294,1.23271,1.23274,326
2023-01-25T04:45:00.000Z,1.23274,1.23274,1.23239,1.23243,211
2023-01-25T04:50:00.000Z,1.23242,1.23263,1.2324,1.23252,234
2023-01-25T04:55:00.000Z,1.23251,1.23264,1.23241,1.23252,295
2023-01-25T05:00:00.000Z,1.23251,1.23253,1.23211,1.2322,316
2023-01-25T05:05:00.000Z,1.23221,1.23232,1.2321,1.23231,220
2023-01-25T05:10:00.000Z,1.2323,1.23231,1.23199,1.23213,233
2023-01-25T05:15:00.000Z,1.23213,1.23231,1.23203,1.23216,253
2023-01-25T05:20:00.000Z,1.23217,1.23225,1.23192,1.23205,322
2023-01-25T05:25:00.000Z,1.23206,1.23238,1.23204,1.23218,345
2023-01-25T05:30:00.000Z,1.23217,1.23223,1.2317,1.23182,402
2023-01-25T05:35:00.000Z,1.23181,1.23188,1.23167,1.23172,296
2023-01-25T05:40:00.000Z,1.23171,1.23185,1.23169,1.23179,254
2023-01-25T05:45:00.000Z,1.2318,1.23197,1.23175,1.2319,318
2023-01-25T05:50:00.000Z,1.23191,1.23191,1.2317,1.23179,267
2023-01-25T05:55:00.000Z,1.2318,1.23222,1.23171,1.23221,308
2023-01-25T06:00:00.000Z,1.2322,1.23222,1.23186,1.23196,428
2023-01-25T06:05:00.000Z,1.23197,1.23234,1.23195,1.23213,251
2023-01-25T06:10:00.000Z,1.23213,1.23233,1.2321,1.23222,304
2023-01-25T06:15:00.000Z,1.23228,1.23275,1.23226,1.23269,241
2023-01-25T06:20:00.000Z,1.23268,1.23375,1.23268,1.23367,525
2023-01-25T06:25:00.000Z,1.23366,1.23374,1.23311,1.23333,378
2023-01-25T06:30:00.000Z,1.23334,1.23364,1.23329,1.23343,370
2023-01-25T06:35:00.000Z,1.23344,1.23353,1.23309,1.2332,389
2023-01-25T06:40:00.000Z,1.23319,1.23326,1.23297,1.23318,442
2023-01-25T06:45:00.000Z,1.23318,1.23318,1.2327,1.23279,337
2023-01-25T06:50:00.000Z,1.23278,1.2329,1.2323,1.23261,505
2023-01-25T06:55:00.000Z,1.23262,1.23324,1.23262,1.23294,474
2023-01-25T07:00:00.000Z,1.23292,1.23296,1.23174,1.23212,589
2023-01-25T07:05:00.000Z,1.23213,1.23246,1.23206,1.23232,594
2023-01-25T07:10:00.000Z,1.23229,1.23288,1.23229,1.23277,763
2023-01-25T07:15:00.000Z,1.23278,1.23354,1.23249,1.23352,577
2023-01-25T07:20:00.000Z,1.23352,1.2339,1.23301,1.23304,613
2023-01-25T07:25:00.000Z,1.23304,1.23311,1.23251,1.23296,487
2023-01-25T07:30:00.000Z,1.23296,1.23312,1.23199,1.23206,635
2023-01-25T07:35:00.000Z,1.23204,1.23235,1.23184,1.232,564
2023-01-25T07:40:00.000Z,1.23201,1.23211,1.2312,1.23152,505
2023-01-25T07:45:00.000Z,1.23152,1.2317,1.2308,1.23083,687
2023-01-25T07:50:00.000Z,1.23087,1.23099,1.2304,1.23055,698
2023-01-25T07:55:00.000Z,1.23051,1.23199,1.2305,1.23171,762
2023-01-25T08:00:00.000Z,1.23173,1.23303,1.23159,1.2327,1127
2023-01-25T08:05:00.000Z,1.23269,1.23293,1.23181,1.23181,605
2023-01-25T08:10:00.000Z,1.23183,1.23223,1.2313,1.23221,600
2023-01-25T08:15:00.000Z,1.23221,1.2329,1.23211,1.23225,977
2023-01-25T08:20:00.000Z,1.23225,1.23289,1.23179,1.2326,720
2023-01-25T08:25:00.000Z,1.23261,1.23283,1.23191,1.23224,567
2023-01-25T08:30:00.000Z,1.23225,1.23311,1.23216,1.23292,546
2023-01-25T08:35:00.000Z,1.23294,1.23301,1.2325,1.23267,611
2023-01-25T08:40:00.000Z,1.23267,1.23302,1.23237,1.23239,504
2023-01-25T08:45:00.000Z,1.23238,1.2326,1.2313,1.23147,679
2023-01-25T08:50:00.000Z,1.23147,1.23154,1.23104,1.23141,687
2023-01-25T08:55:00.000Z,1.2314,1.23182,1.2311,1.23161,562
2023-01-25T09:00:00.000Z,1.23153,1.23302,1.23152,1.23262,640
2023-01-25T09:05:00.000Z,1.23263,1.23263,1.23142,1.23161,495
2023-01-25T09:10:00.000Z,1.2316,1.23181,1.23126,1.2315,529
2023-01-25T09:15:00.000Z,1.23149,1.23197,1.23129,1.2319,534
2023-01-25T09:20:00.000Z,1.23192,1.23246,1.23162,1.23232,674
2023-01-25T09:25:00.000Z,1.23232,1.23236,1.23162,1.23186,539
2023-01-25T09:30:00.000Z,1.23185,1.23241,1.23164,1.23223,750
2023-01-25T09:35:00.000Z,1.23222,1.23298,1.23193,1.23236,507
2023-01-25T09:40:00.000Z,1.23234,1.23284,1.23218,1.23233,602
2023-01-25T09:45:00.000Z,1.23234,1.23252,1.23181,1.23219,577
2023-01-25T09:50:00.000Z,1.23219,1.23228,1.23113,1.23142,690
2023-01-25T09:55:00.000Z,1.23143,1.23163,1.23048,1.23102,616
2023-01-25T10:00:00.000Z,1.23101,1.23132,1.23061,1.23081,696
2023-01-25T10:05:00.000Z,1.23082,1.23085,1.22968,1.22976,692
2023-01-25T10:10:00.000Z,1.22977,1.22988,1.22919,1.22931,598
2023-01-25T10:15:00.000Z,1.22932,1.22934,1.22829,1.22903,719
2023-01-25T10:20:00.000Z,1.22902,1.22954,1.22892,1.22954,537
2023-01-25T10:25:00.000Z,1.22956,1.23023,1.22956,1.2301,374
2023-01-25T10:30:00.000Z,1.23011,1.23021,1.22899,1.22941,625
2023-01-25T10:35:00.000Z,1.2294,1.23046,1.2294,1.23013,687
2023-01-25T10:40:00.000Z,1.23014,1.23031,1.22979,1.23004,503
2023-01-25T10:45:00.000Z,1.23005,1.23014,1.22959,1.2301,555
2023-01-25T10:50:00.000Z,1.2301,1.23041,1.22985,1.22992,473
2023-01-25T10:55:00.000Z,1.22991,1.23021,1.22935,1.23017,649
2023-01-25T11:00:00.000Z,1.23019,1.23045,1.22988,1.23022,617
2023-01-25T11:05:00.000Z,1.23023,1.23124,1.23023,1.23114,507
2023-01-25T11:10:00.000Z,1.23113,1.23122,1.23052,1.23096,510
2023-01-25T11:15:00.000Z,1.23097,1.23124,1.23088,1.23111,609
2023-01-25T11:20:00.000Z,1.23112,1.23112,1.23048,1.2309,517
2023-01-25T11:25:00.000Z,1.23089,1.23123,1.23064,1.23123,438
2023-01-25T11:30:00.000Z,1.23122,1.23124,1.23051,1.23072,602
2023-01-25T11:35:00.000Z,1.23071,1.23083,1.23061,1.23082,467
2023-01-25T11:40:00.000Z,1.23084,1.23086,1.22998,1.2306,596
2023-01-25T11:45:00.000Z,1.23062,1.23075,1.22994,1.2307,495
2023-01-25T11:50:00.000Z,1.23071,1.23072,1.22999,1.23001,466
2023-01-25T11:55:00.000Z,1.23002,1.23065,1.22965,1.23063,512
2023-01-25T12:00:00.000Z,1.23062,1.23122,1.23053,1.23086,623
2023-01-25T12:05:00.000Z,1.23091,1.23133,1.23077,1.23132,459
2023-01-25T12:10:00.000Z,1.23133,1.23215,1.23121,1.23179,532
2023-01-25T12:15:00.000Z,1.23179,1.23179,1.23133,1.23137,548
2023-01-25T12:20:00.000Z,1.23136,1.23143,1.23056,1.23073,483
2023-01-25T12:25:00.000Z,1.23078,1.23132,1.23078,1.2313,598
2023-01-25T12:30:00.000Z,1.23131,1.23164,1.23123,1.23144,560
2023-01-25T12:35:00.000Z,1.23145,1.23271,1.23143,1.23202,708
2023-01-25T12:40:00.000Z,1.23202,1.23236,1.23196,1.23232,347
2023-01-25T12:45:00.000Z,1.23231,1.23296,1.2323,1.23279,456
2023-01-25T12:50:00.000Z,1.2328,1.23285,1.23222,1.23226,454
2023-01-25T12:55:00.000Z,1.23225,1.23355,1.23224,1.23308,593
2023-01-25T13:00:00.000Z,1.23307,1.23344,1.23266,1.23274,883
2023-01-25T13:05:00.000Z,1.23274,1.23311,1.23263,1.23299,635
2023-01-25T13:10:00.000Z,1.23299,1.23368,1.23254,1.23263,749
2023-01-25T13:15:00.000Z,1.23262,1.23271,1.23188,1.23242,960
2023-01-25T13:20:00.000Z,1.23243,1.23343,1.2324,1.23282,894
2023-01-25T13:25:00.000Z,1.23281,1.23281,1.23196,1.23219,833
2023-01-25T13:30:00.000Z,1.23218,1.23221,1.23123,1.23123,791
2023-01-25T13:35:00.000Z,1.23124,1.23185,1.2309,1.2316,890
2023-01-25T13:40:00.000Z,1.2316,1.23184,1.23124,1.23159,925
2023-01-25T13:45:00.000Z,1.23159,1.23191,1.23123,1.23129,777
2023-01-25T13:50:00.000Z,1.23131,1.23169,1.23092,1.23112,959
2023-01-25T13:55:00.000Z,1.23112,1.23165,1.23074,1.23154,815
2023-01-25T14:00:00.000Z,1.23153,1.23223,1.23132,1.23215,757
2023-01-25T14:05:00.000Z,1.23215,1.23285,1.23156,1.23254,1024
2023-01-25T14:10:00.000Z,1.23254,1.2328,1.23162,1.23185,1012
2023-01-25T14:15:00.000Z,1.23184,1.23194,1.23103,1.23126,831
2023-01-25T14:20:00.000Z,1.23124,1.23207,1.23114,1.23197,890
2023-01-25T14:25:00.000Z,1.23199,1.23217,1.23161,1.23185,819
2023-01-25T14:30:00.000Z,1.23184,1.23222,1.23133,1.23205,1501
2023-01-25T14:35:00.000Z,1.23206,1.23299,1.23201,1.23273,1292
2023-01-25T14:40:00.000Z,1.23274,1.23377,1.23263,1.23369,1391
2023-01-25T14:45:00.000Z,1.23368,1.23625,1.23359,1.23621,1465
2023-01-25T14:50:00.000Z,1.23622,1.2364,1.2355,1.236,1231
2023-01-25T14:55:00.000Z,1.236,1.23607,1.23523,1.23571,1166
2023-01-25T15:00:00.000Z,1.23572,1.23791,1.23521,1.23782,1801
2023-01-25T15:05:00.000Z,1.23781,1.23995,1.23772,1.23901,1806
2023-01-25T15:10:00.000Z,1.23905,1.2395,1.23766,1.23772,1599
2023-01-25T15:15:00.000Z,1.2377,1.23823,1.23697,1.23754,1611
2023-01-25T15:20:00.000Z,1.23753,1.23755,1.23657,1.23675,1189
2023-01-25T15:25:00.000Z,1.23675,1.23766,1.23674,1.23734,868
2023-01-25T15:30:00.000Z,1.23734,1.23778,1.23652,1.23663,1275
2023-01-25T15:35:00.000Z,1.23662,1.23683,1.23519,1.23525,1138
2023-01-25T15:40:00.000Z,1.23525,1.23617,1.23493,1.23575,1343
2023-01-25T15:45:00.000Z,1.23574,1.23637,1.2355,1.23563,1215
2023-01-25T15:50:00.000Z,1.23564,1.23626,1.23511,1.23626,1187
2023-01-25T15:55:00.000Z,1.23626,1.23633,1.23568,1.23583,1262
2023-01-25T16:00:00.000Z,1.23582,1.23615,1.23459,1.23508,1275
2023-01-25T16:05:00.000Z,1.23509,1.2353,1.2341,1.2341,1205
2023-01-25T16:10:00.000Z,1.23405,1.23457,1.23332,1.23442,1184
2023-01-25T16:15:00.000Z,1.23444,1.23513,1.23403,1.23502,985
2023-01-25T16:20:00.000Z,1.23503,1.23576,1.23482,1.23575,933
2023-01-25T16:25:00.000Z,1.23576,1.23597,1.23533,1.23534,845
2023-01-25T16:30:00.000Z,1.23535,1.23562,1.23523,1.23545,1162
2023-01-25T16:35:00.000Z,1.23546,1.23547,1.23508,1.23529,807
2023-01-25T16:40:00.000Z,1.2353,1.23616,1.23525,1.23612,697
2023-01-25T16:45:00.000Z,1.23613,1.23642,1.23604,1.23625,752
2023-01-25T16:50:00.000Z,1.23626,1.2371,1.23586,1.23678,839
2023-01-25T16:55:00.000Z,1.23678,1.23734,1.23678,1.23713,803
2023-01-25T17:00:00.000Z,1.23715,1.23758,1.23682,1.23684,894
2023-01-25T17:05:00.000Z,1.23683,1.23712,1.2367,1.23687,620
2023-01-25T17:10:00.000Z,1.23686,1.23717,1.23683,1.23714,786
2023-01-25T17:15:00.000Z,1.23715,1.23756,1.23714,1.23754,747
2023-01-25T17:20:00.000Z,1.23753,1.2377,1.23725,1.23764,904
2023-01-25T17:25:00.000Z,1.23764,1.23768,1.23704,1.23704,705
2023-01-25T17:30:00.000Z,1.23706,1.23747,1.23697,1.23734,692
2023-01-25T17:35:00.000Z,1.23734,1.23754,1.23724,1.23733,592
2023-01-25T17:40:00.000Z,1.23733,1.23782,1.23729,1.23765,738
2023-01-25T17:45:00.000Z,1.23766,1.23782,1.23757,1.23775,581
2023-01-25T17:50:00.000Z,1.23774,1.23807,1.23744,1.23804,608
2023-01-25T17:55:00.000Z,1.23805,1.23837,1.23796,1.23819,517
2023-01-25T18:00:00.000Z,1.2382,1.23883,1.23806,1.23848,852
2023-01-25T18:05:00.000Z,1.23849,1.23885,1.23848,1.23861,875
2023-01-25T18:10:00.000Z,1.23861,1.23913,1.2386,1.23889,646
2023-01-25T18:15:00.000Z,1.2389,1.239,1.23872,1.2388,589
2023-01-25T18:20:00.000Z,1.23881,1.23939,1.23878,1.23931,603
2023-01-25T18:25:00.000Z,1.23933,1.23963,1.23931,1.23934,760
2023-01-25T18:30:00.000Z,1.23934,1.23974,1.23923,1.23927,802
2023-01-25T18:35:00.000Z,1.23926,1.23954,1.23922,1.23933,514
2023-01-25T18:40:00.000Z,1.23934,1.23956,1.23931,1.23952,401
2023-01-25T18:45:00.000Z,1.23953,1.23995,1.23949,1.23988,501
2023-01-25T18:50:00.000Z,1.23989,1.23993,1.23959,1.2396,474
2023-01-25T18:55:00.000Z,1.2396,1.23962,1.239,1.23904,499
2023-01-25T19:00:00.000Z,1.23905,1.23938,1.23878,1.23934,592
2023-01-25T19:05:00.000Z,1.23934,1.23954,1.23922,1.23942,648
2023-01-25T19:10:00.000Z,1.23943,1.23984,1.2394,1.23978,661
2023-01-25T19:15:00.000Z,1.23976,1.23991,1.23972,1.23989,494
2023-01-25T19:20:00.000Z,1.23989,1.2399,1.23959,1.23959,478
2023-01-25T19:25:00.000Z,1.2396,1.23963,1.2394,1.23946,468
2023-01-25T19:30:00.000Z,1.23946,1.23952,1.2393,1.23931,393
2023-01-25T19:35:00.000Z,1.23932,1.23963,1.2393,1.23961,380
2023-01-25T19:40:00.000Z,1.23961,1.23978,1.23959,1.23962,505
2023-01-25T19:45:00.000Z,1.23961,1.23974,1.2395,1.23971,458
2023-01-25T19:50:00.000Z,1.23972,1.23995,1.23966,1.23983,465
2023-01-25T19:55:00.000Z,1.23984,1.23993,1.2398,1.23989,340
2023-01-25T20:00:00.000Z,1.23989,1.24,1.23978,1.23993,396
2023-01-25T20:05:00.000Z,1.23994,1.24,1.23984,1.23985,291
2023-01-25T20:10:00.000Z,1.23985,1.23992,1.2396,1.23965,514
2023-01-25T20:15:00.000Z,1.23968,1.23969,1.23931,1.23932,395
2023-01-25T20:20:00.000Z,1.23931,1.23934,1.23894,1.23904,547
2023-01-25T20:25:00.000Z,1.23903,1.23927,1.23901,1.23927,547
2023-01-25T20:30:00.000Z,1.23928,1.23951,1.23923,1.2394,531
2023-01-25T20:35:00.000Z,1.2394,1.23954,1.23921,1.23949,454
2023-01-25T20:40:00.000Z,1.23949,1.23975,1.23939,1.23971,413
2023-01-25T20:45:00.000Z,1.23972,1.23972,1.23937,1.23953,491
2023-01-25T20:50:00.000Z,1.23952,1.23961,1.23926,1.23952,592
2023-01-25T20:55:00.000Z,1.23952,1.23982,1.23949,1.23977,473
2023-01-25T21:00:00.000Z,1.23975,1.23975,1.23947,1.23962,380
2023-01-25T21:05:00.000Z,1.23962,1.23982,1.23956,1.23973,545
2023-01-25T21:10:00.000Z,1.23974,1.24001,1.23972,1.23993,547
2023-01-25T21:15:00.000Z,1.23994,1.24006,1.23989,1.2399,287
2023-01-25T21:20:00.000Z,1.2399,1.24015,1.23989,1.24014,167
2023-01-25T21:25:00.000Z,1.24014,1.2404,1.24002,1.24032,355
2023-01-25T21:30:00.000Z,1.2403,1.24032,1.24012,1.24014,377
2023-01-25T21:35:00.000Z,1.24014,1.24025,1.24008,1.24016,337
2023-01-25T21:40:00.000Z,1.24017,1.24019,1.23981,1.23983,272
2023-01-25T21:45:00.000Z,1.23982,1.24007,1.23981,1.23997,358
2023-01-25T21:50:00.000Z,1.23998,1.24022,1.23997,1.2402,455
2023-01-25T21:55:00.000Z,1.24021,1.24021,1.23997,1.24006,250
2023-01-25T22:00:00.000Z,1.23974,1.23974,1.23882,1.23941,5
2023-01-25T22:05:00.000Z,1.23971,1.23993,1.23934,1.23934,6
2023-01-25T22:10:00.000Z,1.23951,1.23956,1.23951,1.23956,4
2023-01-25T22:15:00.000Z,1.23966,1.23966,1.23925,1.23925,33
2023-01-25T22:20:00.000Z,1.23925,1.23947,1.23886,1.23928,101
2023-01-25T22:25:00.000Z,1.2393,1.23948,1.23917,1.23941,488
2023-01-25T22:30:00.000Z,1.23942,1.23964,1.23922,1.23964,252
2023-01-25T22:35:00.000Z,1.2397,1.23994,1.2397,1.23984,66
2023-01-25T22:40:00.000Z,1.23984,1.23984,1.23984,1.23984,18
2023-01-25T22:45:00.000Z,1.23984,1.24032,1.23984,1.24025,101
2023-01-25T22:50:00.000Z,1.24024,1.24032,1.24009,1.2402,49
2023-01-25T22:55:00.000Z,1.24019,1.24022,1.23994,1.23994,48
2023-01-25T23:00:00.000Z,1.23994,1.24087,1.23993,1.24075,152
2023-01-25T23:05:00.000Z,1.24075,1.24076,1.24051,1.24065,103
2023-01-25T23:10:00.000Z,1.24065,1.2409,1.2405,1.2409,258
2023-01-25T23:15:00.000Z,1.24089,1.24182,1.24084,1.24171,639
2023-01-25T23:20:00.000Z,1.24173,1.24184,1.24151,1.24154,457
2023-01-25T23:25:00.000Z,1.24155,1.24162,1.2415,1.24153,203
2023-01-25T23:30:00.000Z,1.24153,1.24178,1.24152,1.24178,218
2023-01-25T23:35:00.000Z,1.24179,1.24184,1.24152,1.24154,162
2023-01-25T23:40:00.000Z,1.24153,1.24165,1.2414,1.24141,462
2023-01-25T23:45:00.000Z,1.2414,1.24144,1.24109,1.2412,225
2023-01-25T23:50:00.000Z,1.24122,1.24132,1.24112,1.24112,134
2023-01-25T23:55:00.000Z,1.24117,1.24123,1.24099,1.24102,204
2023-01-26T00:00:00.000Z,1.24101,1.24106,1.24078,1.24097,533
2023-01-26T00:05:00.000Z,1.24096,1.24135,1.24086,1.24131,342
2023-01-26T00:10:00.000Z,1.24132,1.24157,1.24124,1.24133,284
2023-01-26T00:15:00.000Z,1.24133,1.24168,1.24131,1.24162,386
2023-01-26T00:20:00.000Z,1.24163,1.24172,1.24132,1.24158,455
2023-01-26T00:25:00.000Z,1.24158,1.24165,1.2414,1.24142,367
2023-01-26T00:30:00.000Z,1.24141,1.24142,1.24119,1.24137,292
2023-01-26T00:35:00.000Z,1.24136,1.24154,1.24119,1.2412,279
2023-01-26T00:40:00.000Z,1.24122,1.24125,1.24099,1.24101,161
2023-01-26T00:45:00.000Z,1.241,1.24126,1.24094,1.24112,168
2023-01-26T00:50:00.000Z,1.24113,1.24117,1.24098,1.24101,352
2023-01-26T00:55:00.000Z,1.24092,1.24093,1.24069,1.24071,304
2023-01-26T01:00:00.000Z,1.24072,1.24072,1.24001,1.24021,364
2023-01-26T01:05:00.000Z,1.24022,1.24052,1.24019,1.2402,331
2023-01-26T01:10:00.000Z,1.24021,1.24023,1.23978,1.23979,306
2023-01-26T01:15:00.000Z,1.2398,1.23996,1.23951,1.23954,278
2023-01-26T01:20:00.000Z,1.23953,1.23991,1.23952,1.2398,490
2023-01-26T01:25:00.000Z,1.23981,1.23987,1.2396,1.23965,282
2023-01-26T01:30:00.000Z,1.23966,1.2398,1.23959,1.23969,400
2023-01-26T01:35:00.000Z,1.23969,1.24027,1.23965,1.24021,354
2023-01-26T01:40:00.000Z,1.2402,1.24061,1.2402,1.24058,345
2023-01-26T01:45:00.000Z,1.24062,1.24098,1.24062,1.24071,406
2023-01-26T01:50:00.000Z,1.24072,1.24086,1.24069,1.24083,345
2023-01-26T01:55:00.000Z,1.24084,1.241,1.24077,1.24098,453
2023-01-26T02:00:00.000Z,1.24099,1.241,1.24082,1.24092,410
2023-01-26T02:05:00.000Z,1.24091,1.24106,1.2409,1.24093,206
2023-01-26T02:10:00.000Z,1.24092,1.24103,1.24028,1.2405,359
2023-01-26T02:15:00.000Z,1.24049,1.24053,1.24015,1.24015,235
2023-01-26T02:20:00.000Z,1.24016,1.2404,1.24009,1.24012,252
2023-01-26T02:25:00.000Z,1.24014,1.24022,1.2396,1.23975,356
2023-01-26T02:30:00.000Z,1.23976,1.24016,1.23975,1.23985,306
2023-01-26T02:35:00.000Z,1.23986,1.24021,1.23984,1.23995,155
2023-01-26T02:40:00.000Z,1.23994,1.24002,1.23969,1.2397,210
2023-01-26T02:45:00.000Z,1.23971,1.23972,1.23932,1.2397,395
2023-01-26T02:50:00.000Z,1.23971,1.23985,1.23961,1.2398,228
2023-01-26T02:55:00.000Z,1.23979,1.2401,1.23969,1.24008,274
2023-01-26T03:00:00.000Z,1.24009,1.24041,1.24007,1.2401,454
2023-01-26T03:05:00.000Z,1.24011,1.24017,1.23977,1.2399,280
2023-01-26T03:10:00.000Z,1.23989,1.24003,1.23982,1.23984,388
2023-01-26T03:15:00.000Z,1.23983,1.23989,1.23968,1.23969,383
2023-01-26T03:20:00.000Z,1.2397,1.23978,1.2395,1.23976,309
2023-01-26T03:25:00.000Z,1.23977,1.23992,1.23967,1.23981,226
2023-01-26T03:30:00.000Z,1.23982,1.23984,1.2396,1.2397,247
2023-01-26T03:35:00.000Z,1.23971,1.24001,1.23958,1.23967,268
2023-01-26T03:40:00.000Z,1.23967,1.23976,1.23955,1.23958,255
2023-01-26T03:45:00.000Z,1.23957,1.23982,1.23957,1.2396,350
2023-01-26T03:50:00.000Z,1.23959,1.23966,1.23938,1.23945,199
2023-01-26T03:55:00.000Z,1.23946,1.23961,1.23941,1.23948,216
2023-01-26T04:00:00.000Z,1.23947,1.2399,1.23941,1.23981,404
2023-01-26T04:05:00.000Z,1.2398,1.23995,1.23967,1.23995,340
2023-01-26T04:10:00.000Z,1.23995,1.24003,1.23985,1.24002,246
2023-01-26T04:15:00.000Z,1.24001,1.24025,1.23997,1.24004,240
2023-01-26T04:20:00.000Z,1.24004,1.24019,1.23994,1.24014,409
2023-01-26T04:25:00.000Z,1.24013,1.24014,1.23978,1.23999,295
2023-01-26T04:30:00.000Z,1.23998,1.24017,1.23987,1.23988,433
2023-01-26T04:35:00.000Z,1.23987,1.24014,1.2398,1.24013,198
2023-01-26T04:40:00.000Z,1.24013,1.24031,1.24008,1.24012,193
2023-01-26T04:45:00.000Z,1.24013,1.24017,1.24004,1.24005,258
2023-01-26T04:50:00.000Z,1.24005,1.24012,1.23989,1.23992,163
2023-01-26T04:55:00.000Z,1.23993,1.24003,1.23991,1.23996,152
2023-01-26T05:00:00.000Z,1.23997,1.23997,1.23956,1.23971,222
2023-01-26T05:05:00.000Z,1.23972,1.23974,1.2395,1.23952,187
2023-01-26T05:10:00.000Z,1.23953,1.23962,1.23917,1.23933,287
2023-01-26T05:15:00.000Z,1.23934,1.23951,1.23927,1.23941,205
2023-01-26T05:20:00.000Z,1.2394,1.23955,1.23937,1.2395,233
2023-01-26T05:25:00.000Z,1.23949,1.23963,1.23936,1.23962,287
2023-01-26T05:30:00.000Z,1.23964,1.23964,1.23943,1.23948,190
2023-01-26T05:35:00.000Z,1.23947,1.23947,1.23926,1.23929,170
2023-01-26T05:40:00.000Z,1.2393,1.23953,1.23922,1.23926,220
2023-01-26T05:45:00.000Z,1.23925,1.23926,1.23894,1.23903,232
2023-01-26T05:50:00.000Z,1.23904,1.23989,1.23903,1.23976,323
2023-01-26T05:55:00.000Z,1.23981,1.24012,1.23979,1.24009,339
2023-01-26T06:00:00.000Z,1.24007,1.24016,1.2399,1.24015,349
2023-01-26T06:05:00.000Z,1.24014,1.24041,1.24008,1.24033,303
2023-01-26T06:10:00.000Z,1.24032,1.24042,1.24016,1.2404,280
2023-01-26T06:15:00.000Z,1.24041,1.24065,1.24035,1.24037,320
2023-01-26T06:20:00.000Z,1.24036,1.2404,1.24003,1.24029,242
2023-01-26T06:25:00.000Z,1.24028,1.24039,1.24,1.24007,335
2023-01-26T06:30:00.000Z,1.24006,1.24035,1.23995,1.24008,346
2023-01-26T06:35:00.000Z,1.24011,1.24042,1.24009,1.24025,300
2023-01-26T06:40:00.000Z,1.24026,1.24045,1.24015,1.24041,359
2023-01-26T06:45:00.000Z,1.2404,1.24058,1.24021,1.24051,330
2023-01-26T06:50:00.000Z,1.2405,1.24111,1.24047,1.24071,384
2023-01-26T06:55:00.000Z,1.24072,1.24073,1.24006,1.24016,408
2023-01-26T07:00:00.000Z,1.2401,1.24011,1.239,1.23952,766
2023-01-26T07:05:00.000Z,1.23953,1.23979,1.2391,1.23942,611
2023-01-26T07:10:00.000Z,1.23941,1.23954,1.23886,1.23897,505
2023-01-26T07:15:00.000Z,1.23895,1.23938,1.23849,1.2388,550
2023-01-26T07:20:00.000Z,1.23879,1.23926,1.23857,1.23871,560
2023-01-26T07:25:00.000Z,1.23871,1.23902,1.23857,1.23871,577
2023-01-26T07:30:00.000Z,1.2387,1.23952,1.23866,1.23936,654
2023-01-26T07:35:00.000Z,1.23935,1.23936,1.23895,1.23922,495
2023-01-26T07:40:00.000Z,1.23921,1.23924,1.23857,1.23898,440
2023-01-26T07:45:00.000Z,1.23897,1.23952,1.23888,1.23952,581
2023-01-26T07:50:00.000Z,1.23952,1.24001,1.23938,1.23986,614
2023-01-26T07:55:00.000Z,1.23982,1.24114,1.23981,1.24086,584
2023-01-26T08:00:00.000Z,1.24088,1.24094,1.23975,1.23981,983
2023-01-26T08:05:00.000Z,1.23981,1.24014,1.2394,1.24001,750
2023-01-26T08:10:00.000Z,1.24,1.24071,1.23999,1.24071,762
2023-01-26T08:15:00.000Z,1.2407,1.24181,1.24048,1.2417,722
2023-01-26T08:20:00.000Z,1.24169,1.24304,1.24124,1.24231,877
2023-01-26T08:25:00.000Z,1.24232,1.24254,1.2416,1.24163,705
2023-01-26T08:30:00.000Z,1.24162,1.24194,1.24141,1.24162,645
2023-01-26T08:35:00.000Z,1.24162,1.24205,1.24113,1.24139,574
2023-01-26T08:40:00.000Z,1.24138,1.24185,1.2408,1.24098,740
2023-01-26T08:45:00.000Z,1.24098,1.24112,1.23995,1.24018,614
2023-01-26T08:50:00.000Z,1.24017,1.2402,1.23892,1.23944,867
2023-01-26T08:55:00.000Z,1.23944,1.23948,1.2389,1.23932,622
2023-01-26T09:00:00.000Z,1.23933,1.23968,1.23903,1.23963,720
2023-01-26T09:05:00.000Z,1.23963,1.23973,1.23852,1.23897,632
2023-01-26T09:10:00.000Z,1.23896,1.2392,1.23884,1.23885,591
2023-01-26T09:15:00.000Z,1.23884,1.2389,1.23842,1.23875,612
2023-01-26T09:20:00.000Z,1.23875,1.23903,1.23858,1.23858,692
2023-01-26T09:25:00.000Z,1.23855,1.23866,1.23741,1.23772,725
2023-01-26T09:30:00.000Z,1.23771,1.23834,1.2375,1.23784,1002
2023-01-26T09:35:00.000Z,1.23784,1.23813,1.23757,1.23766,632
2023-01-26T09:40:00.000Z,1.23768,1.23827,1.23741,1.23805,661
2023-01-26T09:45:00.000Z,1.23804,1.23807,1.23769,1.23807,605
2023-01-26T09:50:00.000Z,1.23808,1.23875,1.238,1.23831,597
2023-01-26T09:55:00.000Z,1.2383,1.23867,1.2383,1.23844,512
2023-01-26T10:00:00.000Z,1.23843,1.23879,1.23821,1.23844,606
2023-01-26T10:05:00.000Z,1.23843,1.23876,1.23841,1.23844,342
2023-01-26T10:10:00.000Z,1.23845,1.23893,1.23833,1.23855,406
2023-01-26T10:15:00.000Z,1.23858,1.23861,1.23823,1.23829,414
2023-01-26T10:20:00.000Z,1.23828,1.23876,1.23823,1.23864,486
2023-01-26T10:25:00.000Z,1.23863,1.23931,1.23853,1.23904,601
2023-01-26T10:30:00.000Z,1.23906,1.23956,1.23891,1.23918,594
2023-01-26T10:35:00.000Z,1.23918,1.24014,1.23918,1.24005,451
2023-01-26T10:40:00.000Z,1.24005,1.24006,1.23939,1.23968,442
2023-01-26T10:45:00.000Z,1.23969,1.23969,1.23912,1.23922,451
2023-01-26T10:50:00.000Z,1.23921,1.23941,1.23907,1.2393,372
2023-01-26T10:55:00.000Z,1.23929,1.23976,1.23902,1.23954,408
2023-01-26T11:00:00.000Z,1.23953,1.23953,1.23878,1.23881,423
2023-01-26T11:05:00.000Z,1.23882,1.23974,1.23882,1.23962,431
2023-01-26T11:10:00.000Z,1.23963,1.23989,1.23931,1.23934,369
2023-01-26T11:15:00.000Z,1.23933,1.23986,1.23933,1.23977,327
2023-01-26T11:20:00.000Z,1.23978,1.24068,1.2396,1.2406,336
2023-01-26T11:25:00.000Z,1.24059,1.24065,1.23971,1.23994,550
2023-01-26T11:30:00.000Z,1.23993,1.24016,1.23954,1.23979,593
2023-01-26T11:35:00.000Z,1.2398,1.23986,1.23931,1.23944,357
2023-01-26T11:40:00.000Z,1.23945,1.24006,1.23941,1.23982,453
2023-01-26T11:45:00.000Z,1.23977,1.23977,1.23921,1.23922,418
2023-01-26T11:50:00.000Z,1.23923,1.23933,1.23912,1.23921,291
2023-01-26T11:55:00.000Z,1.23927,1.23972,1.23912,1.23914,422
2023-01-26T12:00:00.000Z,1.23914,1.23942,1.23878,1.23894,546
2023-01-26T12:05:00.000Z,1.23893,1.23917,1.23878,1.23912,458
2023-01-26T12:10:00.000Z,1.23911,1.23934,1.23891,1.23896,426
2023-01-26T12:15:00.000Z,1.23898,1.23901,1.23825,1.23884,737
2023-01-26T12:20:00.000Z,1.23883,1.23914,1.23862,1.23863,567
2023-01-26T12:25:00.000Z,1.23867,1.23928,1.23853,1.23902,424
2023-01-26T12:30:00.000Z,1.23902,1.23944,1.23896,1.23932,526
2023-01-26T12:35:00.000Z,1.23934,1.23934,1.23881,1.23882,374
2023-01-26T12:40:00.000Z,1.23881,1.23896,1.23851,1.23863,320
2023-01-26T12:45:00.000Z,1.23864,1.23938,1.23862,1.23933,436
2023-01-26T12:50:00.000Z,1.23933,1.24012,1.23925,1.24001,517
2023-01-26T12:55:00.000Z,1.24001,1.24009,1.2394,1.23953,571
2023-01-26T13:00:00.000Z,1.23953,1.23975,1.23912,1.23921,753
2023-01-26T13:05:00.000Z,1.23921,1.23926,1.23844,1.23864,825
2023-01-26T13:10:00.000Z,1.23863,1.23893,1.23825,1.2388,489
2023-01-26T13:15:00.000Z,1.23881,1.23905,1.23858,1.23883,619
2023-01-26T13:20:00.000Z,1.23887,1.23953,1.23861,1.23951,749
2023-01-26T13:25:00.000Z,1.23948,1.24042,1.23948,1.23953,844
2023-01-26T13:30:00.000Z,1.23952,1.23954,1.23613,1.23893,2027
2023-01-26T13:35:00.000Z,1.23899,1.24029,1.23803,1.23962,1744
2023-01-26T13:40:00.000Z,1.23962,1.24008,1.23847,1.23904,1713
2023-01-26T13:45:00.000Z,1.23909,1.24005,1.23844,1.23975,1516
2023-01-26T13:50:00.000Z,1.23975,1.24037,1.23959,1.23995,1446
2023-01-26T13:55:00.000Z,1.23997,1.24001,1.23891,1.23926,1098
2023-01-26T14:00:00.000Z,1.23928,1.24062,1.2392,1.24037,1090
2023-01-26T14:05:00.000Z,1.24041,1.24083,1.24011,1.24013,917
2023-01-26T14:10:00.000Z,1.24009,1.24038,1.2394,1.24024,956
2023-01-26T14:15:00.000Z,1.24024,1.24194,1.24023,1.24144,1172
2023-01-26T14:20:00.000Z,1.24144,1.24175,1.2401,1.2401,1185
2023-01-26T14:25:00.000Z,1.24011,1.24015,1.23922,1.23983,1145
2023-01-26T14:30:00.000Z,1.23983,1.24075,1.23945,1.24005,1489
2023-01-26T14:35:00.000Z,1.24006,1.24082,1.2399,1.24053,1318
2023-01-26T14:40:00.000Z,1.24058,1.24069,1.23927,1.23952,1436
2023-01-26T14:45:00.000Z,1.23951,1.23993,1.23847,1.23862,1098
2023-01-26T14:50:00.000Z,1.23862,1.23862,1.23714,1.23714,1074
2023-01-26T14:55:00.000Z,1.23711,1.23758,1.23627,1.23754,1100
2023-01-26T15:00:00.000Z,1.23756,1.23839,1.23694,1.23806,1571
2023-01-26T15:05:00.000Z,1.23806,1.23813,1.23662,1.23732,1206
2023-01-26T15:10:00.000Z,1.23731,1.23825,1.23688,1.2382,1468
2023-01-26T15:15:00.000Z,1.23821,1.23827,1.23744,1.23799,1039
2023-01-26T15:20:00.000Z,1.238,1.23836,1.23734,1.23762,1165
2023-01-26T15:25:00.000Z,1.23762,1.23763,1.23673,1.23727,1070
2023-01-26T15:30:00.000Z,1.23726,1.2375,1.23664,1.23664,1211
2023-01-26T15:35:00.000Z,1.23664,1.23664,1.23581,1.23614,1338
2023-01-26T15:40:00.000Z,1.23614,1.23683,1.23585,1.23637,1203
2023-01-26T15:45:00.000Z,1.23637,1.23685,1.23596,1.23674,1105
2023-01-26T15:50:00.000Z,1.23675,1.23699,1.23456,1.23487,1285
2023-01-26T15:55:00.000Z,1.23488,1.23557,1.2346,1.23555,1544
2023-01-26T16:00:00.000Z,1.23556,1.23644,1.23532,1.23626,1362
2023-01-26T16:05:00.000Z,1.23627,1.23692,1.23596,1.23684,995
2023-01-26T16:10:00.000Z,1.23683,1.23703,1.23597,1.23675,824
2023-01-26T16:15:00.000Z,1.23675,1.23727,1.23593,1.23617,1058
2023-01-26T16:20:00.000Z,1.23617,1.23625,1.23449,1.2346,1269
2023-01-26T16:25:00.000Z,1.2346,1.23625,1.23458,1.23619,1133
2023-01-26T16:30:00.000Z,1.23619,1.23657,1.23563,1.23626,1046
2023-01-26T16:35:00.000Z,1.23625,1.23673,1.23576,1.23591,997
2023-01-26T16:40:00.000Z,1.2359,1.23655,1.23515,1.23648,1009
2023-01-26T16:45:00.000Z,1.23648,1.23674,1.23625,1.23672,750
2023-01-26T16:50:00.000Z,1.23674,1.23688,1.23617,1.23627,746
2023-01-26T16:55:00.000Z,1.23627,1.23695,1.23602,1.23679,782
2023-01-26T17:00:00.000Z,1.23681,1.23689,1.23629,1.23645,755
2023-01-26T17:05:00.000Z,1.23644,1.23736,1.23618,1.23723,761
2023-01-26T17:10:00.000Z,1.23726,1.23782,1.23715,1.23756,642
2023-01-26T17:15:00.000Z,1.23756,1.23771,1.23734,1.23737,522
2023-01-26T17:20:00.000Z,1.23738,1.23771,1.23728,1.23735,533
2023-01-26T17:25:00.000Z,1.23736,1.23774,1.23719,1.23737,651
2023-01-26T17:30:00.000Z,1.23736,1.2375,1.2371,1.23724,766
2023-01-26T17:35:00.000Z,1.23723,1.23764,1.23718,1.23733,517
2023-01-26T17:40:00.000Z,1.23733,1.23746,1.23703,1.23726,617
2023-01-26T17:45:00.000Z,1.23725,1.23779,1.23704,1.23777,671
2023-01-26T17:50:00.000Z,1.23777,1.23818,1.23762,1.23767,673
2023-01-26T17:55:00.000Z,1.23775,1.23779,1.23744,1.23749,553
2023-01-26T18:00:00.000Z,1.23749,1.23882,1.23742,1.23852,993
2023-01-26T18:05:00.000Z,1.23853,1.23853,1.23787,1.23808,678
2023-01-26T18:10:00.000Z,1.23814,1.23858,1.23793,1.23845,812
2023-01-26T18:15:00.000Z,1.23844,1.23847,1.23825,1.23835,594
2023-01-26T18:20:00.000Z,1.23834,1.23876,1.23826,1.23876,646
2023-01-26T18:25:00.000Z,1.23875,1.23945,1.23871,1.23933,762
2023-01-26T18:30:00.000Z,1.23933,1.23994,1.23928,1.23972,687
2023-01-26T18:35:00.000Z,1.23972,1.24024,1.23953,1.2401,556
2023-01-26T18:40:00.000Z,1.2401,1.24054,1.24,1.24021,636
2023-01-26T18:45:00.000Z,1.24022,1.24053,1.24009,1.24022,534
2023-01-26T18:50:00.000Z,1.24023,1.24045,1.24003,1.24003,491
2023-01-26T18:55:00.000Z,1.24003,1.24039,1.23986,1.24036,435
2023-01-26T19:00:00.000Z,1.24036,1.24039,1.24008,1.2403,499
2023-01-26T19:05:00.000Z,1.24031,1.24055,1.24016,1.24045,342
2023-01-26T19:10:00.000Z,1.24043,1.24056,1.2403,1.24044,413
2023-01-26T19:15:00.000Z,1.24045,1.24047,1.24022,1.24034,338
2023-01-26T19:20:00.000Z,1.24033,1.24074,1.2403,1.24067,329
2023-01-26T19:25:00.000Z,1.24069,1.24069,1.24007,1.24019,519
2023-01-26T19:30:00.000Z,1.2402,1.24046,1.24017,1.24025,365
2023-01-26T19:35:00.000Z,1.24025,1.24067,1.24025,1.24052,316
2023-01-26T19:40:00.000Z,1.24051,1.24064,1.24045,1.24055,392
2023-01-26T19:45:00.000Z,1.24055,1.24063,1.24033,1.24049,384
2023-01-26T19:50:00.000Z,1.24051,1.24053,1.23999,1.24018,360
2023-01-26T19:55:00.000Z,1.24015,1.24082,1.23982,1.2408,537
2023-01-26T20:00:00.000Z,1.24081,1.24084,1.2405,1.24064,387
2023-01-26T20:05:00.000Z,1.24063,1.24095,1.24063,1.24084,290
2023-01-26T20:10:00.000Z,1.24084,1.24122,1.24081,1.24114,479
2023-01-26T20:15:00.000Z,1.24114,1.2412,1.24095,1.24105,427
2023-01-26T20:20:00.000Z,1.24105,1.24127,1.24096,1.24105,447
2023-01-26T20:25:00.000Z,1.24106,1.24125,1.24077,1.24084,424
2023-01-26T20:30:00.000Z,1.24083,1.24113,1.24083,1.24092,425
2023-01-26T20:35:00.000Z,1.24092,1.24118,1.24091,1.24102,408
2023-01-26T20:40:00.000Z,1.24101,1.24126,1.24072,1.24115,545
2023-01-26T20:45:00.000Z,1.24118,1.24127,1.24102,1.24113,418
2023-01-26T20:50:00.000Z,1.24114,1.24145,1.2411,1.24117,399
2023-01-26T20:55:00.000Z,1.24119,1.24144,1.24107,1.24141,621
2023-01-26T21:00:00.000Z,1.24141,1.24141,1.24106,1.24121,567
2023-01-26T21:05:00.000Z,1.2412,1.24144,1.24118,1.24133,236
2023-01-26T21:10:00.000Z,1.24136,1.24148,1.24114,1.24145,262
2023-01-26T21:15:00.000Z,1.24144,1.24145,1.24131,1.24137,201
2023-01-26T21:20:00.000Z,1.24136,1.2414,1.24127,1.2414,197
2023-01-26T21:25:00.000Z,1.2414,1.24144,1.24132,1.24133,188
2023-01-26T21:30:00.000Z,1.24135,1.24135,1.24126,1.24131,122
2023-01-26T21:35:00.000Z,1.2413,1.24131,1.24122,1.2413,99
2023-01-26T21:40:00.000Z,1.24129,1.24138,1.24121,1.24137,91
2023-01-26T21:45:00.000Z,1.24137,1.24143,1.24127,1.2414,127
2023-01-26T21:50:00.000Z,1.2414,1.24157,1.24119,1.24131,160
2023-01-26T21:55:00.000Z,1.24135,1.24142,1.24104,1.24107,185
2023-01-26T22:00:00.000Z,1.24064,1.24069,1.23982,1.24008,33
2023-01-26T22:05:00.000Z,1.24008,1.24077,1.24008,1.24073,33
2023-01-26T22:10:00.000Z,1.2407,1.24095,1.2407,1.24093,13
2023-01-26T22:15:00.000Z,1.24093,1.24094,1.24093,1.24094,9
2023-01-26T22:20:00.000Z,1.24097,1.24098,1.24079,1.24082,17
2023-01-26T22:25:00.000Z,1.24081,1.24081,1.24036,1.24036,21
2023-01-26T22:30:00.000Z,1.24036,1.2404,1.23854,1.2389,63
2023-01-26T22:35:00.000Z,1.23891,1.24058,1.23891,1.24058,59
2023-01-26T22:40:00.000Z,1.24058,1.24064,1.23892,1.24052,78
2023-01-26T22:45:00.000Z,1.24064,1.24071,1.24006,1.24052,133
2023-01-26T22:50:00.000Z,1.24039,1.24056,1.24019,1.24051,73
2023-01-26T22:55:00.000Z,1.24052,1.24061,1.2405,1.2406,38
2023-01-26T23:00:00.000Z,1.2406,1.24095,1.24052,1.24095,190
2023-01-26T23:05:00.000Z,1.24096,1.24134,1.24085,1.24109,152
2023-01-26T23:10:00.000Z,1.24112,1.24155,1.24111,1.24152,219
2023-01-26T23:15:00.000Z,1.2415,1.2416,1.24137,1.24143,512
2023-01-26T23:20:00.000Z,1.24144,1.24182,1.24143,1.24159,439
2023-01-26T23:25:00.000Z,1.24162,1.24176,1.24157,1.24171,260
2023-01-26T23:30:00.000Z,1.2417,1.24183,1.24164,1.24177,389
2023-01-26T23:35:00.000Z,1.24178,1.24188,1.24174,1.24174,217
2023-01-26T23:40:00.000Z,1.24173,1.24174,1.24151,1.24158,209
2023-01-26T23:45:00.000Z,1.24159,1.24165,1.24153,1.24156,188
2023-01-26T23:50:00.000Z,1.24157,1.24169,1.2415,1.2415,195
2023-01-26T23:55:00.000Z,1.24152,1.24157,1.24135,1.24142,242
2023-01-27T00:00:00.000Z,1.24143,1.24165,1.2414,1.24155,356
2023-01-27T00:05:00.000Z,1.24159,1.24162,1.24133,1.24146,279
2023-01-27T00:10:00.000Z,1.24145,1.24173,1.24145,1.24155,393
2023-01-27T00:15:00.000Z,1.24156,1.24181,1.24156,1.24176,317
2023-01-27T00:20:00.000Z,1.24175,1.24181,1.24171,1.24174,365
2023-01-27T00:25:00.000Z,1.24173,1.24184,1.24163,1.24167,402
2023-01-27T00:30:00.000Z,1.24165,1.2418,1.24164,1.24175,237
2023-01-27T00:35:00.000Z,1.24176,1.24176,1.2416,1.24166,232
2023-01-27T00:40:00.000Z,1.24168,1.24185,1.24154,1.24156,352
2023-01-27T00:45:00.000Z,1.24155,1.24161,1.24128,1.24139,382
2023-01-27T00:50:00.000Z,1.24141,1.24175,1.24102,1.24111,733
2023-01-27T00:55:00.000Z,1.24099,1.2418,1.24099,1.24176,418
2023-01-27T01:00:00.000Z,1.24173,1.24183,1.24144,1.24153,461
2023-01-27T01:05:00.000Z,1.24152,1.24163,1.2412,1.24134,261
2023-01-27T01:10:00.000Z,1.24135,1.24142,1.2408,1.24086,245
2023-01-27T01:15:00.000Z,1.24085,1.24106,1.24068,1.24096,275
2023-01-27T01:20:00.000Z,1.24097,1.24104,1.2402,1.2402,351
2023-01-27T01:25:00.000Z,1.24021,1.24051,1.2402,1.24047,232
2023-01-27T01:30:00.000Z,1.24045,1.24077,1.24043,1.24052,242
2023-01-27T01:35:00.000Z,1.24051,1.24095,1.24037,1.24083,295
2023-01-27T01:40:00.000Z,1.24084,1.24087,1.24021,1.24023,350
2023-01-27T01:45:00.000Z,1.24022,1.24026,1.23991,1.24,297
2023-01-27T01:50:00.000Z,1.23999,1.24043,1.23995,1.24032,338
2023-01-27T01:55:00.000Z,1.24033,1.24039,1.24021,1.24038,328
2023-01-27T02:00:00.000Z,1.24037,1.24041,1.24024,1.24032,280
2023-01-27T02:05:00.000Z,1.24031,1.24034,1.2401,1.2403,197
2023-01-27T02:10:00.000Z,1.24029,1.24039,1.24025,1.24029,160
2023-01-27T02:15:00.000Z,1.24033,1.24036,1.24012,1.2402,190
2023-01-27T02:20:00.000Z,1.24019,1.24022,1.23971,1.23977,193
2023-01-27T02:25:00.000Z,1.23977,1.23996,1.23963,1.23992,276
2023-01-27T02:30:00.000Z,1.23991,1.24034,1.23991,1.24014,277
2023-01-27T02:35:00.000Z,1.24015,1.2404,1.24014,1.24037,160
2023-01-27T02:40:00.000Z,1.24036,1.2404,1.23996,1.24003,201
2023-01-27T02:45:00.000Z,1.24002,1.24009,1.23991,1.24004,143
2023-01-27T02:50:00.000Z,1.24005,1.24013,1.23966,1.23967,290
2023-01-27T02:55:00.000Z,1.23968,1.23985,1.23943,1.2395,193
2023-01-27T03:00:00.000Z,1.23951,1.23958,1.23945,1.2395,201
2023-01-27T03:05:00.000Z,1.23951,1.23953,1.23944,1.23947,141
2023-01-27T03:10:00.000Z,1.23947,1.23968,1.23944,1.23954,154
2023-01-27T03:15:00.000Z,1.23954,1.23964,1.23932,1.23953,219
2023-01-27T03:20:00.000Z,1.23954,1.23965,1.23952,1.23962,155
2023-01-27T03:25:00.000Z,1.23962,1.23964,1.23904,1.23917,276
2023-01-27T03:30:00.000Z,1.23918,1.23926,1.23902,1.23904,189
2023-01-27T03:35:00.000Z,1.23906,1.23908,1.23887,1.23898,283
2023-01-27T03:40:00.000Z,1.23898,1.23903,1.23879,1.23894,223
2023-01-27T03:45:00.000Z,1.23893,1.23905,1.23878,1.23879,255
2023-01-27T03:50:00.000Z,1.2388,1.23899,1.23873,1.23892,378
2023-01-27T03:55:00.000Z,1.23888,1.23896,1.23874,1.23874,344
2023-01-27T04:00:00.000Z,1.23876,1.23876,1.23826,1.23844,462
2023-01-27T04:05:00.000Z,1.23845,1.23856,1.23827,1.23856,242
2023-01-27T04:10:00.000Z,1.23857,1.23864,1.23853,1.23862,201
2023-01-27T04:15:00.000Z,1.23855,1.23865,1.23838,1.23846,167
2023-01-27T04:20:00.000Z,1.23845,1.23846,1.23837,1.23844,146
2023-01-27T04:25:00.000Z,1.23843,1.23857,1.23833,1.23835,151
2023-01-27T04:30:00.000Z,1.23834,1.23857,1.23833,1.23855,130
2023-01-27T04:35:00.000Z,1.23855,1.23855,1.23805,1.23806,90
2023-01-27T04:40:00.000Z,1.23805,1.23816,1.238,1.23806,181
2023-01-27T04:45:00.000Z,1.23805,1.23814,1.23798,1.23814,134
2023-01-27T04:50:00.000Z,1.23813,1.23846,1.23813,1.23846,153
2023-01-27T04:55:00.000Z,1.23846,1.23853,1.23791,1.23793,142
2023-01-27T05:00:00.000Z,1.23794,1.23802,1.23771,1.23795,162
2023-01-27T05:05:00.000Z,1.23796,1.23813,1.23792,1.23795,233
2023-01-27T05:10:00.000Z,1.23794,1.23817,1.23792,1.23796,191
2023-01-27T05:15:00.000Z,1.23797,1.238,1.23793,1.23797,102
2023-01-27T05:20:00.000Z,1.23794,1.23797,1.23784,1.23792,142
2023-01-27T05:25:00.000Z,1.23793,1.23798,1.23788,1.23796,122
2023-01-27T05:30:00.000Z,1.23794,1.23828,1.23794,1.23812,337
2023-01-27T05:35:00.000Z,1.23813,1.23826,1.23793,1.23797,348
2023-01-27T05:40:00.000Z,1.23798,1.23801,1.23789,1.238,239
2023-01-27T05:45:00.000Z,1.23801,1.23826,1.23792,1.23803,261
2023-01-27T05:50:00.000Z,1.23804,1.23817,1.23792,1.23803,207
2023-01-27T05:55:00.000Z,1.23804,1.23817,1.23793,1.23815,200
2023-01-27T06:00:00.000Z,1.23815,1.23827,1.23794,1.23812,278
2023-01-27T06:05:00.000Z,1.23811,1.23817,1.23793,1.23795,183
2023-01-27T06:10:00.000Z,1.23797,1.2381,1.23762,1.238,410
2023-01-27T06:15:00.000Z,1.23803,1.23822,1.23795,1.2381,241
2023-01-27T06:20:00.000Z,1.23808,1.23817,1.23794,1.23815,264
2023-01-27T06:25:00.000Z,1.23816,1.23816,1.2378,1.23805,212
2023-01-27T06:30:00.000Z,1.23804,1.23804,1.23752,1.23754,283
2023-01-27T06:35:00.000Z,1.23755,1.23765,1.23714,1.23722,469
2023-01-27T06:40:00.000Z,1.23723,1.23724,1.23671,1.23698,385
2023-01-27T06:45:00.000Z,1.23699,1.23708,1.23635,1.23644,374
2023-01-27T06:50:00.000Z,1.23645,1.23673,1.23632,1.23663,237
2023-01-27T06:55:00.000Z,1.23664,1.23721,1.23651,1.23697,388
2023-01-27T07:00:00.000Z,1.23696,1.23698,1.23635,1.2366,505
2023-01-27T07:05:00.000Z,1.23661,1.23735,1.23645,1.23728,441
2023-01-27T07:10:00.000Z,1.23728,1.23728,1.23693,1.2372,533
2023-01-27T07:15:00.000Z,1.2372,1.23764,1.23719,1.23757,391
2023-01-27T07:20:00.000Z,1.23758,1.23794,1.23756,1.23774,441
2023-01-27T07:25:00.000Z,1.23774,1.23787,1.23766,1.23772,360
2023-01-27T07:30:00.000Z,1.23773,1.23797,1.23745,1.23796,357
2023-01-27T07:35:00.000Z,1.23795,1.23806,1.23766,1.23801,377
2023-01-27T07:40:00.000Z,1.23802,1.23803,1.23732,1.23774,302
2023-01-27T07:45:00.000Z,1.23775,1.23788,1.23729,1.23746,324
2023-01-27T07:50:00.000Z,1.23745,1.2378,1.23723,1.23771,379
2023-01-27T07:55:00.000Z,1.23771,1.23812,1.23744,1.23759,698
2023-01-27T08:00:00.000Z,1.23763,1.23823,1.23756,1.23798,654
2023-01-27T08:05:00.000Z,1.23791,1.23791,1.23751,1.23772,564
2023-01-27T08:10:00.000Z,1.23774,1.23774,1.23684,1.23713,600
2023-01-27T08:15:00.000Z,1.23712,1.23714,1.23604,1.23606,528
2023-01-27T08:20:00.000Z,1.23607,1.23644,1.23594,1.23637,584
2023-01-27T08:25:00.000Z,1.23636,1.23707,1.23604,1.23639,626
2023-01-27T08:30:00.000Z,1.23641,1.23737,1.23639,1.23723,558
2023-01-27T08:35:00.000Z,1.23722,1.238,1.23721,1.2374,759
2023-01-27T08:40:00.000Z,1.23745,1.23791,1.23704,1.23704,494
2023-01-27T08:45:00.000Z,1.23703,1.23788,1.23703,1.23787,474
2023-01-27T08:50:00.000Z,1.23786,1.2382,1.23785,1.23809,508
2023-01-27T08:55:00.000Z,1.23808,1.23821,1.23756,1.23816,491
2023-01-27T09:00:00.000Z,1.23816,1.23886,1.23795,1.23837,682
2023-01-27T09:05:00.000Z,1.23835,1.23896,1.23835,1.23846,482
2023-01-27T09:10:00.000Z,1.23847,1.23868,1.23824,1.23857,605
2023-01-27T09:15:00.000Z,1.23856,1.2388,1.23824,1.23838,568
2023-01-27T09:20:00.000Z,1.23837,1.23877,1.23762,1.23787,537
2023-01-27T09:25:00.000Z,1.23795,1.23818,1.23755,1.23802,609
2023-01-27T09:30:00.000Z,1.23803,1.23813,1.23733,1.23755,528
2023-01-27T09:35:00.000Z,1.23755,1.23789,1.23741,1.23746,407
2023-01-27T09:40:00.000Z,1.23747,1.2375,1.23677,1.23685,441
2023-01-27T09:45:00.000Z,1.23686,1.23695,1.23647,1.23686,474
2023-01-27T09:50:00.000Z,1.23685,1.23761,1.23673,1.23695,595
2023-01-27T09:55:00.000Z,1.23696,1.23716,1.23685,1.23707,584
2023-01-27T10:00:00.000Z,1.23706,1.23778,1.23657,1.23778,616
2023-01-27T10:05:00.000Z,1.23778,1.2382,1.23775,1.23795,451
2023-01-27T10:10:00.000Z,1.23796,1.23824,1.23773,1.23786,542
2023-01-27T10:15:00.000Z,1.23788,1.23806,1.2374,1.2375,366
2023-01-27T10:20:00.000Z,1.2375,1.23789,1.23735,1.23783,474
2023-01-27T10:25:00.000Z,1.23782,1.23804,1.23755,1.23764,425
2023-01-27T10:30:00.000Z,1.23763,1.23774,1.23695,1.23716,553
2023-01-27T10:35:00.000Z,1.23717,1.23779,1.23717,1.23765,501
2023-01-27T10:40:00.000Z,1.23764,1.2384,1.23764,1.23835,419
2023-01-27T10:45:00.000Z,1.23834,1.23834,1.23775,1.23783,431
2023-01-27T10:50:00.000Z,1.23784,1.23797,1.23766,1.23786,477
2023-01-27T10:55:00.000Z,1.23786,1.23801,1.23715,1.23741,533
2023-01-27T11:00:00.000Z,1.23743,1.23778,1.23725,1.23774,512
2023-01-27T11:05:00.000Z,1.23775,1.23818,1.23774,1.23816,443
2023-01-27T11:10:00.000Z,1.23817,1.2383,1.23815,1.23826,327
2023-01-27T11:15:00.000Z,1.23827,1.23846,1.23814,1.23822,487
2023-01-27T11:20:00.000Z,1.23823,1.23826,1.23744,1.23763,528
2023-01-27T11:25:00.000Z,1.23763,1.23793,1.23675,1.23687,424
2023-01-27T11:30:00.000Z,1.23687,1.2371,1.23606,1.23606,566
2023-01-27T11:35:00.000Z,1.23607,1.23699,1.23602,1.23698,575
2023-01-27T11:40:00.000Z,1.23698,1.23709,1.23657,1.23669,572
2023-01-27T11:45:00.000Z,1.23668,1.2368,1.23654,1.2366,410
2023-01-27T11:50:00.000Z,1.23666,1.23672,1.23646,1.23659,428
2023-01-27T11:55:00.000Z,1.23663,1.23704,1.23647,1.23704,345
2023-01-27T12:00:00.000Z,1.237,1.23709,1.23647,1.23657,543
2023-01-27T12:05:00.000Z,1.23655,1.23678,1.23652,1.23658,436
2023-01-27T12:10:00.000Z,1.23657,1.23688,1.23656,1.23687,378
2023-01-27T12:15:00.000Z,1.23685,1.23725,1.23679,1.23679,341
2023-01-27T12:20:00.000Z,1.23683,1.23691,1.23632,1.23632,409
2023-01-27T12:25:00.000Z,1.23632,1.23655,1.23626,1.23647,511
2023-01-27T12:30:00.000Z,1.23648,1.23663,1.23636,1.2365,513
2023-01-27T12:35:00.000Z,1.23651,1.23654,1.23623,1.23628,438
2023-01-27T12:40:00.000Z,1.23628,1.2373,1.23628,1.23719,391
2023-01-27T12:45:00.000Z,1.23718,1.23719,1.23649,1.23663,334
2023-01-27T12:50:00.000Z,1.23662,1.23689,1.23631,1.23689,433
2023-01-27T12:55:00.000Z,1.23688,1.23695,1.23643,1.23654,697
2023-01-27T13:00:00.000Z,1.23653,1.23662,1.23557,1.23635,767
2023-01-27T13:05:00.000Z,1.23634,1.23665,1.23605,1.23632,564
2023-01-27T13:10:00.000Z,1.23632,1.23667,1.23618,1.23623,649
2023-01-27T13:15:00.000Z,1.23622,1.2364,1.2361,1.23618,659
2023-01-27T13:20:00.000Z,1.23618,1.23649,1.23593,1.23637,706
2023-01-27T13:25:00.000Z,1.23638,1.2373,1.23636,1.23702,546
2023-01-27T13:30:00.000Z,1.23702,1.23913,1.2362,1.23867,1401
2023-01-27T13:35:00.000Z,1.23866,1.2387,1.23749,1.23802,1233
2023-01-27T13:40:00.000Z,1.23804,1.23822,1.23737,1.23739,999
2023-01-27T13:45:00.000Z,1.23741,1.23816,1.23737,1.23767,933
2023-01-27T13:50:00.000Z,1.23767,1.238,1.23726,1.23768,826
2023-01-27T13:55:00.000Z,1.23766,1.23796,1.23678,1.23683,864
2023-01-27T14:00:00.000Z,1.23682,1.23757,1.23682,1.23727,1063
2023-01-27T14:05:00.000Z,1.23726,1.23736,1.23663,1.23664,874
2023-01-27T14:10:00.000Z,1.23666,1.23666,1.23477,1.23578,1120
2023-01-27T14:15:00.000Z,1.23577,1.23614,1.23531,1.23554,1068
2023-01-27T14:20:00.000Z,1.23555,1.23575,1.23483,1.23505,1033
2023-01-27T14:25:00.000Z,1.23506,1.23579,1.23484,1.23541,1097
2023-01-27T14:30:00.000Z,1.23539,1.23561,1.23491,1.23543,1240
2023-01-27T14:35:00.000Z,1.23542,1.23698,1.23521,1.23644,1150
2023-01-27T14:40:00.000Z,1.23647,1.23784,1.23624,1.23774,1184
2023-01-27T14:45:00.000Z,1.23774,1.2397,1.23771,1.23961,1263
2023-01-27T14:50:00.000Z,1.23961,1.23975,1.2388,1.23886,1146
2023-01-27T14:55:00.000Z,1.23887,1.23887,1.23807,1.23835,889
2023-01-27T15:00:00.000Z,1.23835,1.23876,1.2373,1.23803,1542
2023-01-27T15:05:00.000Z,1.23802,1.23974,1.23802,1.23927,1471
2023-01-27T15:10:00.000Z,1.23928,1.23945,1.23858,1.23914,1058
2023-01-27T15:15:00.000Z,1.23913,1.2392,1.23828,1.23839,1094
2023-01-27T15:20:00.000Z,1.23839,1.23868,1.23776,1.23778,1061
2023-01-27T15:25:00.000Z,1.23784,1.23797,1.23729,1.23747,862
2023-01-27T15:30:00.000Z,1.23744,1.23779,1.2371,1.23754,1001
2023-01-27T15:35:00.000Z,1.23754,1.23818,1.23739,1.2374,1154
2023-01-27T15:40:00.000Z,1.23739,1.23739,1.236,1.23659,1235
2023-01-27T15:45:00.000Z,1.2366,1.2366,1.2348,1.23578,1515
2023-01-27T15:50:00.000Z,1.23578,1.23599,1.23453,1.2358,1493
2023-01-27T15:55:00.000Z,1.23578,1.23584,1.23484,1.23582,1393
2023-01-27T16:00:00.000Z,1.23581,1.23716,1.2357,1.23713,1343
2023-01-27T16:05:00.000Z,1.23714,1.2375,1.23659,1.23659,1075
2023-01-27T16:10:00.000Z,1.23658,1.23761,1.23653,1.23759,967
2023-01-27T16:15:00.000Z,1.23759,1.23822,1.23758,1.23794,947
2023-01-27T16:20:00.000Z,1.23794,1.23818,1.23768,1.23789,944
2023-01-27T16:25:00.000Z,1.23788,1.23831,1.23783,1.23813,785
2023-01-27T16:30:00.000Z,1.23816,1.23909,1.23816,1.23898,903
2023-01-27T16:35:00.000Z,1.239,1.23905,1.23845,1.23847,621
2023-01-27T16:40:00.000Z,1.23848,1.23895,1.23846,1.23854,772
2023-01-27T16:45:00.000Z,1.23856,1.23911,1.23837,1.23849,752
2023-01-27T16:50:00.000Z,1.2385,1.2386,1.2377,1.23776,799
2023-01-27T16:55:00.000Z,1.23777,1.23811,1.23768,1.23769,594
2023-01-27T17:00:00.000Z,1.23773,1.23798,1.23752,1.2376,723
2023-01-27T17:05:00.000Z,1.2376,1.23791,1.23755,1.23761,646
2023-01-27T17:10:00.000Z,1.23763,1.23825,1.23743,1.23825,686
2023-01-27T17:15:00.000Z,1.23826,1.23866,1.23823,1.23866,577
2023-01-27T17:20:00.000Z,1.23867,1.2388,1.2384,1.23861,625
2023-01-27T17:25:00.000Z,1.2386,1.23865,1.23799,1.23813,635
2023-01-27T17:30:00.000Z,1.23811,1.23869,1.23809,1.23866,411
2023-01-27T17:35:00.000Z,1.23866,1.23875,1.23842,1.23857,394
2023-01-27T17:40:00.000Z,1.23859,1.23874,1.23852,1.23865,492
2023-01-27T17:45:00.000Z,1.23864,1.23941,1.23864,1.23926,443
2023-01-27T17:50:00.000Z,1.23926,1.23981,1.23921,1.23965,614
2023-01-27T17:55:00.000Z,1.23965,1.23965,1.23916,1.23917,708
2023-01-27T18:00:00.000Z,1.23918,1.23919,1.23857,1.23877,800
2023-01-27T18:05:00.000Z,1.23877,1.23918,1.23867,1.23868,541
2023-01-27T18:10:00.000Z,1.23867,1.23917,1.23857,1.23907,484
2023-01-27T18:15:00.000Z,1.23908,1.23908,1.23855,1.23858,642
2023-01-27T18:20:00.000Z,1.23859,1.23859,1.23831,1.23853,479
2023-01-27T18:25:00.000Z,1.23852,1.23852,1.23813,1.23821,576
2023-01-27T18:30:00.000Z,1.23824,1.23862,1.23818,1.23858,577
2023-01-27T18:35:00.000Z,1.23859,1.23867,1.23835,1.23867,553
2023-01-27T18:40:00.000Z,1.23867,1.23913,1.23831,1.23906,915
2023-01-27T18:45:00.000Z,1.23907,1.23922,1.23885,1.23917,770
2023-01-27T18:50:00.000Z,1.23917,1.2392,1.23873,1.23887,648
2023-01-27T18:55:00.000Z,1.23888,1.23896,1.23878,1.2389,393
2023-01-27T19:00:00.000Z,1.23891,1.23935,1.23889,1.23908,575
2023-01-27T19:05:00.000Z,1.23908,1.23919,1.23864,1.23893,565
2023-01-27T19:10:00.000Z,1.23893,1.2392,1.23878,1.23914,470
2023-01-27T19:15:00.000Z,1.23914,1.23937,1.23914,1.23935,451
2023-01-27T19:20:00.000Z,1.23935,1.23961,1.23927,1.23942,656
2023-01-27T19:25:00.000Z,1.23943,1.23975,1.23942,1.23955,556
2023-01-27T19:30:00.000Z,1.23955,1.23966,1.23907,1.23936,358
2023-01-27T19:35:00.000Z,1.23937,1.23956,1.23924,1.23939,303
2023-01-27T19:40:00.000Z,1.23939,1.23942,1.23913,1.23926,212
2023-01-27T19:45:00.000Z,1.23925,1.23925,1.23904,1.23907,256
2023-01-27T19:50:00.000Z,1.23907,1.2391,1.23884,1.23906,365
2023-01-27T19:55:00.000Z,1.23907,1.23932,1.23902,1.23928,441
2023-01-27T20:00:00.000Z,1.23928,1.2396,1.23926,1.23958,327
2023-01-27T20:05:00.000Z,1.23959,1.23977,1.23955,1.2396,237
2023-01-27T20:10:00.000Z,1.23961,1.23965,1.23933,1.23935,229
2023-01-27T20:15:00.000Z,1.23936,1.23941,1.23906,1.23936,306
2023-01-27T20:20:00.000Z,1.23935,1.23937,1.23907,1.23928,459
2023-01-27T20:25:00.000Z,1.23928,1.23933,1.23913,1.23932,299
2023-01-27T20:30:00.000Z,1.23932,1.23935,1.23907,1.23916,444
2023-01-27T20:35:00.000Z,1.23915,1.23926,1.23904,1.23907,390
2023-01-27T20:40:00.000Z,1.23911,1.23916,1.23895,1.23913,344
2023-01-27T20:45:00.000Z,1.23912,1.23916,1.23893,1.23904,392
2023-01-27T20:50:00.000Z,1.23905,1.23908,1.23867,1.23879,530
2023-01-27T20:55:00.000Z,1.23879,1.23908,1.23876,1.23906,441
2023-01-27T21:00:00.000Z,1.23906,1.23966,1.23903,1.23959,268
2023-01-27T21:05:00.000Z,1.23959,1.23974,1.23939,1.23972,243
2023-01-27T21:10:00.000Z,1.23973,1.23989,1.23966,1.23976,252
2023-01-27T21:15:00.000Z,1.23976,1.23977,1.23954,1.23955,422
2023-01-27T21:20:00.000Z,1.23955,1.23967,1.23955,1.23957,144
2023-01-27T21:25:00.000Z,1.23957,1.23994,1.23956,1.23991,114
2023-01-27T21:30:00.000Z,1.23991,1.23995,1.23987,1.23993,68
2023-01-27T21:35:00.000Z,1.23992,1.23992,1.23947,1.23956,169
2023-01-27T21:40:00.000Z,1.23956,1.23992,1.23952,1.23989,290
2023-01-27T21:45:00.000Z,1.23986,1.23987,1.23962,1.2397,113
2023-01-27T21:50:00.000Z,1.23971,1.23988,1.2396,1.23983,381
2023-01-29T22:00:00.000Z,1.23902,1.23902,1.2386,1.23872,11
2023-01-29T22:05:00.000Z,1.23857,1.23894,1.2385,1.23887,29
2023-01-29T22:10:00.000Z,1.23887,1.23887,1.23873,1.23874,6
2023-01-29T22:15:00.000Z,1.23874,1.23874,1.23655,1.23815,37
2023-01-29T22:20:00.000Z,1.23815,1.23832,1.23815,1.23822,13
2023-01-29T22:25:00.000Z,1.23823,1.23869,1.23823,1.23857,31
2023-01-29T22:30:00.000Z,1.23846,1.2386,1.23844,1.2386,14
2023-01-29T22:35:00.000Z,1.2386,1.23879,1.23857,1.23863,40
2023-01-29T22:40:00.000Z,1.23864,1.23865,1.23864,1.23864,8
2023-01-29T22:45:00.000Z,1.23868,1.23909,1.23864,1.23895,25
2023-01-29T22:50:00.000Z,1.23898,1.23899,1.2389,1.23899,17
2023-01-29T22:55:00.000Z,1.23899,1.23903,1.2389,1.2389,31
2023-01-29T23:00:00.000Z,1.23904,1.23928,1.23895,1.23899,189
2023-01-29T23:05:00.000Z,1.23903,1.2395,1.23899,1.23925,140
2023-01-29T23:10:00.000Z,1.23927,1.23973,1.23924,1.23964,179
2023-01-29T23:15:00.000Z,1.23968,1.23989,1.23958,1.23982,430
2023-01-29T23:20:00.000Z,1.23983,1.23983,1.23958,1.23974,340
2023-01-29T23:25:00.000Z,1.23974,1.23991,1.23959,1.23986,337
2023-01-29T23:30:00.000Z,1.23981,1.23981,1.23956,1.23965,431
2023-01-29T23:35:00.000Z,1.23965,1.2398,1.23931,1.23963,298
2023-01-29T23:40:00.000Z,1.23964,1.23977,1.23955,1.23977,268
2023-01-29T23:45:00.000Z,1.23976,1.23987,1.23972,1.2398,197
2023-01-29T23:50:00.000Z,1.23981,1.24003,1.23972,1.24003,261
2023-01-29T23:55:00.000Z,1.24002,1.24013,1.23993,1.24005,360
2023-01-30T00:00:00.000Z,1.24007,1.24044,1.23984,1.2404,520
2023-01-30T00:05:00.000Z,1.24041,1.24043,1.23997,1.24007,429
2023-01-30T00:10:00.000Z,1.24006,1.24012,1.23973,1.23973,315
2023-01-30T00:15:00.000Z,1.23975,1.2399,1.23962,1.23972,305
2023-01-30T00:20:00.000Z,1.23971,1.23985,1.23952,1.23957,304
2023-01-30T00:25:00.000Z,1.23959,1.24001,1.23958,1.23997,290
2023-01-30T00:30:00.000Z,1.23993,1.24001,1.23984,1.23988,307
2023-01-30T00:35:00.000Z,1.23986,1.24002,1.23976,1.2398,267
2023-01-30T00:40:00.000Z,1.23979,1.2398,1.23953,1.23968,426
2023-01-30T00:45:00.000Z,1.2397,1.23993,1.2397,1.23989,348
2023-01-30T00:50:00.000Z,1.23988,1.24013,1.23972,1.23996,513
2023-01-30T00:55:00.000Z,1.23996,1.24013,1.23978,1.23997,388
2023-01-30T01:00:00.000Z,1.23996,1.23998,1.23917,1.23918,395
2023-01-30T01:05:00.000Z,1.23922,1.23924,1.23891,1.23901,453
2023-01-30T01:10:00.000Z,1.23902,1.23911,1.23879,1.23911,478
2023-01-30T01:15:00.000Z,1.23912,1.23927,1.23901,1.23924,269
2023-01-30T01:20:00.000Z,1.23925,1.23948,1.23917,1.23926,299
2023-01-30T01:25:00.000Z,1.23927,1.23927,1.23909,1.23915,364
2023-01-30T01:30:00.000Z,1.23913,1.23913,1.2381,1.23849,643
2023-01-30T01:35:00.000Z,1.2385,1.23857,1.23809,1.23846,587
2023-01-30T01:40:00.000Z,1.23848,1.2388,1.23826,1.2388,506
2023-01-30T01:45:00.000Z,1.23881,1.2393,1.2388,1.23923,502
2023-01-30T01:50:00.000Z,1.23922,1.23938,1.23911,1.23931,332
2023-01-30T01:55:00.000Z,1.23933,1.23948,1.23922,1.23923,418
2023-01-30T02:00:00.000Z,1.23923,1.23923,1.23881,1.23897,433
2023-01-30T02:05:00.000Z,1.23896,1.23897,1.23863,1.2387,416
2023-01-30T02:10:00.000Z,1.23869,1.23883,1.23839,1.23843,538
2023-01-30T02:15:00.000Z,1.23844,1.23888,1.23841,1.23882,283
2023-01-30T02:20:00.000Z,1.23881,1.23902,1.23875,1.23895,396
2023-01-30T02:25:00.000Z,1.23894,1.23931,1.23883,1.23912,414
2023-01-30T02:30:00.000Z,1.23913,1.23913,1.23887,1.2389,428
2023-01-30T02:35:00.000Z,1.23891,1.23896,1.23873,1.23893,456
2023-01-30T02:40:00.000Z,1.23892,1.23914,1.23888,1.23912,337
2023-01-30T02:45:00.000Z,1.23911,1.23935,1.23909,1.23918,345
2023-01-30T02:50:00.000Z,1.23917,1.23933,1.2391,1.23933,297
2023-01-30T02:55:00.000Z,1.23933,1.23934,1.23905,1.2391,483
2023-01-30T03:00:00.000Z,1.23911,1.23917,1.23851,1.23865,539
2023-01-30T03:05:00.000Z,1.23865,1.23865,1.23833,1.23861,383
2023-01-30T03:10:00.000Z,1.23862,1.23889,1.23858,1.23881,373
2023-01-30T03:15:00.000Z,1.23882,1.23923,1.2388,1.23913,355
2023-01-30T03:20:00.000Z,1.23913,1.23943,1.23912,1.23938,729
2023-01-30T03:25:00.000Z,1.23937,1.23942,1.2393,1.23931,442
2023-01-30T03:30:00.000Z,1.23931,1.23939,1.2391,1.23911,466
2023-01-30T03:35:00.000Z,1.23911,1.23934,1.23909,1.23921,637
2023-01-30T03:40:00.000Z,1.2392,1.23926,1.23908,1.23923,436
2023-01-30T03:45:00.000Z,1.23923,1.23933,1.2391,1.23918,548
2023-01-30T03:50:00.000Z,1.23922,1.23935,1.23917,1.23918,647
2023-01-30T03:55:00.000Z,1.23917,1.23937,1.23899,1.23905,637
2023-01-30T04:00:00.000Z,1.23904,1.24046,1.23902,1.23943,1006
2023-01-30T04:05:00.000Z,1.23941,1.24012,1.2393,1.24011,589
2023-01-30T04:10:00.000Z,1.24017,1.24057,1.23973,1.2404,741
2023-01-30T04:15:00.000Z,1.24039,1.2405,1.23984,1.24001,665
2023-01-30T04:20:00.000Z,1.24,1.24001,1.23954,1.23977,701
2023-01-30T04:25:00.000Z,1.23978,1.23986,1.23958,1.23983,428
2023-01-30T04:30:00.000Z,1.23984,1.23995,1.23969,1.23995,636
2023-01-30T04:35:00.000Z,1.23993,1.24008,1.23979,1.23998,406
2023-01-30T04:40:00.000Z,1.23996,1.24023,1.23981,1.23993,347
2023-01-30T04:45:00.000Z,1.23994,1.24025,1.2399,1.24022,329
2023-01-30T04:50:00.000Z,1.24021,1.24038,1.24005,1.24008,272
2023-01-30T04:55:00.000Z,1.24009,1.24032,1.23999,1.24031,355
2023-01-30T05:00:00.000Z,1.24032,1.24033,1.23988,1.23988,370
2023-01-30T05:05:00.000Z,1.23986,1.24015,1.23983,1.23986,568
2023-01-30T05:10:00.000Z,1.23985,1.24004,1.23981,1.24001,622
2023-01-30T05:15:00.000Z,1.24,1.24015,1.2399,1.24015,368
2023-01-30T05:20:00.000Z,1.24014,1.24031,1.24006,1.24016,334
2023-01-30T05:25:00.000Z,1.24016,1.24016,1.23975,1.23994,495
2023-01-30T05:30:00.000Z,1.23993,1.24003,1.23973,1.23991,440
2023-01-30T05:35:00.000Z,1.23992,1.23997,1.23969,1.2397,386
2023-01-30T05:40:00.000Z,1.23971,1.23971,1.23927,1.23943,419
2023-01-30T05:45:00.000Z,1.23942,1.23969,1.23933,1.2396,429
2023-01-30T05:50:00.000Z,1.23961,1.23976,1.23957,1.23958,468
2023-01-30T05:55:00.000Z,1.23959,1.23974,1.2394,1.23965,472
2023-01-30T06:00:00.000Z,1.23965,1.23974,1.23929,1.2394,467
2023-01-30T06:05:00.000Z,1.23938,1.23954,1.23909,1.2391,489
2023-01-30T06:10:00.000Z,1.23909,1.23952,1.23907,1.23914,454
2023-01-30T06:15:00.000Z,1.23918,1.23925,1.23904,1.23905,417
2023-01-30T06:20:00.000Z,1.23906,1.23956,1.23905,1.23951,387
2023-01-30T06:25:00.000Z,1.2395,1.23965,1.2393,1.23951,268
2023-01-30T06:30:00.000Z,1.2395,1.23967,1.23931,1.23941,278
2023-01-30T06:35:00.000Z,1.2394,1.23952,1.23896,1.23897,298
2023-01-30T06:40:00.000Z,1.23895,1.23912,1.23878,1.23881,357
2023-01-30T06:45:00.000Z,1.2388,1.23899,1.23879,1.23891,382
2023-01-30T06:50:00.000Z,1.2389,1.23924,1.23888,1.23911,321
2023-01-30T06:55:00.000Z,1.2391,1.23942,1.23897,1.23929,412
2023-01-30T07:00:00.000Z,1.23929,1.23941,1.23892,1.23931,625
2023-01-30T07:05:00.000Z,1.2393,1.23982,1.23929,1.2397,433
2023-01-30T07:10:00.000Z,1.23971,1.2398,1.23943,1.23955,443
2023-01-30T07:15:00.000Z,1.23955,1.23955,1.23789,1.23791,547
2023-01-30T07:20:00.000Z,1.2379,1.23798,1.23719,1.23764,592
2023-01-30T07:25:00.000Z,1.23764,1.23775,1.23735,1.23763,584
2023-01-30T07:30:00.000Z,1.23762,1.23833,1.23718,1.23819,765
2023-01-30T07:35:00.000Z,1.23819,1.23843,1.23801,1.23821,475
2023-01-30T07:40:00.000Z,1.23822,1.23831,1.23781,1.23813,784
2023-01-30T07:45:00.000Z,1.23815,1.23815,1.23771,1.23774,529
2023-01-30T07:50:00.000Z,1.23775,1.2379,1.23752,1.23779,476
2023-01-30T07:55:00.000Z,1.23779,1.23824,1.23776,1.23794,451
2023-01-30T08:00:00.000Z,1.23804,1.23823,1.23733,1.23764,1132
2023-01-30T08:05:00.000Z,1.23763,1.23814,1.2373,1.2381,795
2023-01-30T08:10:00.000Z,1.23808,1.23871,1.23793,1.23868,695
2023-01-30T08:15:00.000Z,1.23868,1.23883,1.23814,1.23864,733
2023-01-30T08:20:00.000Z,1.23866,1.23874,1.23793,1.23808,761
2023-01-30T08:25:00.000Z,1.23807,1.23813,1.23772,1.23792,748
2023-01-30T08:30:00.000Z,1.23796,1.23903,1.23791,1.23873,833
2023-01-30T08:35:00.000Z,1.23873,1.23922,1.2386,1.23912,777
2023-01-30T08:40:00.000Z,1.23913,1.23914,1.23872,1.23891,713
2023-01-30T08:45:00.000Z,1.23891,1.23939,1.2383,1.23861,720
2023-01-30T08:50:00.000Z,1.2386,1.2386,1.23731,1.23734,829
2023-01-30T08:55:00.000Z,1.23734,1.23797,1.23706,1.23709,716
2023-01-30T09:00:00.000Z,1.23711,1.23838,1.23684,1.23821,1011
2023-01-30T09:05:00.000Z,1.23821,1.23847,1.23778,1.23778,675
2023-01-30T09:10:00.000Z,1.23779,1.23808,1.23741,1.23782,723
2023-01-30T09:15:00.000Z,1.23783,1.23813,1.23758,1.23772,630
2023-01-30T09:20:00.000Z,1.23772,1.23856,1.23765,1.23852,680
2023-01-30T09:25:00.000Z,1.23851,1.23869,1.23809,1.23853,693
2023-01-30T09:30:00.000Z,1.23856,1.23938,1.23855,1.23917,652
2023-01-30T09:35:00.000Z,1.23915,1.23943,1.2389,1.23937,655
2023-01-30T09:40:00.000Z,1.23934,1.23954,1.23907,1.23946,674
2023-01-30T09:45:00.000Z,1.23945,1.23997,1.2394,1.2399,644
2023-01-30T09:50:00.000Z,1.23989,1.23996,1.23895,1.23926,632
2023-01-30T09:55:00.000Z,1.23926,1.2395,1.23888,1.23928,727
2023-01-30T10:00:00.000Z,1.23931,1.24,1.23927,1.23995,695
2023-01-30T10:05:00.000Z,1.23996,1.24008,1.23964,1.23984,698
2023-01-30T10:10:00.000Z,1.23985,1.24001,1.23964,1.23977,629
2023-01-30T10:15:00.000Z,1.23976,1.24,1.23956,1.23997,583
2023-01-30T10:20:00.000Z,1.23998,1.24119,1.23996,1.24118,674
2023-01-30T10:25:00.000Z,1.24119,1.24148,1.24108,1.2413,589
2023-01-30T10:30:00.000Z,1.24132,1.24148,1.24127,1.2414,591
2023-01-30T10:35:00.000Z,1.2414,1.24171,1.24127,1.24137,549
2023-01-30T10:40:00.000Z,1.24138,1.24174,1.24074,1.24095,483
2023-01-30T10:45:00.000Z,1.24094,1.24157,1.24084,1.24147,596
2023-01-30T10:50:00.000Z,1.24147,1.24156,1.2412,1.24121,663
2023-01-30T10:55:00.000Z,1.24121,1.24133,1.24085,1.24098,649
2023-01-30T11:00:00.000Z,1.24098,1.2412,1.24003,1.24005,562
2023-01-30T11:05:00.000Z,1.24006,1.24034,1.23984,1.24002,568
2023-01-30T11:10:00.000Z,1.24,1.24035,1.23995,1.2401,520
2023-01-30T11:15:00.000Z,1.2401,1.24053,1.23995,1.24015,509
2023-01-30T11:20:00.000Z,1.24016,1.24034,1.2395,1.23965,620
2023-01-30T11:25:00.000Z,1.23966,1.23971,1.23919,1.23934,534
2023-01-30T11:30:00.000Z,1.23933,1.23935,1.23866,1.23876,596
2023-01-30T11:35:00.000Z,1.23877,1.23949,1.23877,1.23936,616
2023-01-30T11:40:00.000Z,1.23936,1.23942,1.23893,1.23908,518
2023-01-30T11:45:00.000Z,1.23909,1.2391,1.23835,1.23837,543
2023-01-30T11:50:00.000Z,1.23839,1.23841,1.23786,1.2379,672
2023-01-30T11:55:00.000Z,1.23792,1.23878,1.23792,1.23846,734
2023-01-30T12:00:00.000Z,1.23848,1.23879,1.23786,1.23867,742
2023-01-30T12:05:00.000Z,1.2387,1.23874,1.23823,1.23837,689
2023-01-30T12:10:00.000Z,1.23837,1.23856,1.23816,1.2383,430
2023-01-30T12:15:00.000Z,1.23829,1.23909,1.23823,1.23898,407
2023-01-30T12:20:00.000Z,1.23898,1.2393,1.23867,1.23887,685
2023-01-30T12:25:00.000Z,1.23888,1.239,1.23864,1.23875,387
2023-01-30T12:30:00.000Z,1.23876,1.23934,1.23875,1.23931,502
2023-01-30T12:35:00.000Z,1.23931,1.23931,1.23848,1.23871,487
2023-01-30T12:40:00.000Z,1.23871,1.23924,1.23864,1.23898,388
2023-01-30T12:45:00.000Z,1.23901,1.23927,1.23892,1.23904,547
2023-01-30T12:50:00.000Z,1.23905,1.23931,1.23886,1.23896,439
2023-01-30T12:55:00.000Z,1.23896,1.2397,1.23886,1.239,627
2023-01-30T13:00:00.000Z,1.23902,1.23982,1.23885,1.23947,639
2023-01-30T13:05:00.000Z,1.23947,1.23963,1.23914,1.23961,678
2023-01-30T13:10:00.000Z,1.2396,1.23978,1.23926,1.2393,723
2023-01-30T13:15:00.000Z,1.23931,1.23948,1.23904,1.23907,648
2023-01-30T13:20:00.000Z,1.23906,1.23918,1.23861,1.23861,825
2023-01-30T13:25:00.000Z,1.2386,1.23868,1.2382,1.23859,580
2023-01-30T13:30:00.000Z,1.23856,1.2386,1.23757,1.23801,1086
2023-01-30T13:35:00.000Z,1.23804,1.23844,1.23791,1.23793,769
2023-01-30T13:40:00.000Z,1.23793,1.23871,1.23783,1.23867,817
2023-01-30T13:45:00.000Z,1.23867,1.2387,1.23779,1.23834,768
2023-01-30T13:50:00.000Z,1.23835,1.23838,1.23792,1.23828,675
2023-01-30T13:55:00.000Z,1.23827,1.23829,1.2373,1.23748,907
2023-01-30T14:00:00.000Z,1.23748,1.2376,1.2373,1.2375,716
2023-01-30T14:05:00.000Z,1.2375,1.23784,1.23736,1.23781,578
2023-01-30T14:10:00.000Z,1.23779,1.23793,1.23757,1.23765,694
2023-01-30T14:15:00.000Z,1.23764,1.23788,1.23689,1.23693,607
2023-01-30T14:20:00.000Z,1.23692,1.23739,1.23663,1.23696,751
2023-01-30T14:25:00.000Z,1.23696,1.23761,1.23692,1.2374,612
2023-01-30T14:30:00.000Z,1.23738,1.23828,1.23725,1.23824,1134
2023-01-30T14:35:00.000Z,1.23825,1.23854,1.23785,1.23842,915
2023-01-30T14:40:00.000Z,1.23843,1.23846,1.23793,1.23799,1013
2023-01-30T14:45:00.000Z,1.23799,1.23838,1.23777,1.23803,953
2023-01-30T14:50:00.000Z,1.23805,1.23869,1.23722,1.23741,975
2023-01-30T14:55:00.000Z,1.23739,1.23794,1.23708,1.23758,1086
2023-01-30T15:00:00.000Z,1.23756,1.23819,1.23733,1.23819,1265
2023-01-30T15:05:00.000Z,1.23821,1.23848,1.23768,1.23786,975
2023-01-30T15:10:00.000Z,1.23785,1.23835,1.23757,1.23788,957
2023-01-30T15:15:00.000Z,1.23792,1.23806,1.23732,1.23754,958
2023-01-30T15:20:00.000Z,1.23754,1.23761,1.23704,1.2372,996
2023-01-30T15:25:00.000Z,1.23719,1.23766,1.23716,1.23749,1036
2023-01-30T15:30:00.000Z,1.23749,1.23757,1.2368,1.23742,1127
2023-01-30T15:35:00.000Z,1.23743,1.2376,1.23671,1.23717,1065
2023-01-30T15:40:00.000Z,1.23716,1.23751,1.23675,1.23729,1077
2023-01-30T15:45:00.000Z,1.23723,1.23786,1.23691,1.23785,1006
2023-01-30T15:50:00.000Z,1.23785,1.23944,1.23777,1.23799,1374
2023-01-30T15:55:00.000Z,1.23799,1.23847,1.23767,1.23801,1291
2023-01-30T16:00:00.000Z,1.23802,1.23808,1.23727,1.23757,1256
2023-01-30T16:05:00.000Z,1.23757,1.23785,1.23724,1.2376,953
2023-01-30T16:10:00.000Z,1.23761,1.23815,1.2375,1.23802,993
2023-01-30T16:15:00.000Z,1.23801,1.23834,1.23789,1.2382,631
2023-01-30T16:20:00.000Z,1.23822,1.23823,1.23746,1.23766,880
2023-01-30T16:25:00.000Z,1.23765,1.23774,1.23698,1.23722,727
2023-01-30T16:30:00.000Z,1.23721,1.23734,1.23699,1.23724,787
2023-01-30T16:35:00.000Z,1.23722,1.23736,1.23695,1.23727,496
2023-01-30T16:40:00.000Z,1.23728,1.23757,1.23726,1.23731,483
2023-01-30T16:45:00.000Z,1.2373,1.23752,1.23723,1.23728,661
2023-01-30T16:50:00.000Z,1.23729,1.23744,1.23724,1.23736,443
2023-01-30T16:55:00.000Z,1.23736,1.2377,1.23696,1.23718,717
2023-01-30T17:00:00.000Z,1.23716,1.23721,1.23677,1.23689,946
2023-01-30T17:05:00.000Z,1.2369,1.23706,1.23652,1.23652,810
2023-01-30T17:10:00.000Z,1.23653,1.23691,1.2365,1.2368,676
2023-01-30T17:15:00.000Z,1.2368,1.23683,1.23599,1.23644,762
2023-01-30T17:20:00.000Z,1.23642,1.23711,1.2364,1.23697,736
2023-01-30T17:25:00.000Z,1.23696,1.23701,1.23665,1.23699,573
2023-01-30T17:30:00.000Z,1.23698,1.23701,1.2365,1.23659,588
2023-01-30T17:35:00.000Z,1.2366,1.23682,1.23649,1.23676,666
2023-01-30T17:40:00.000Z,1.23676,1.23708,1.23659,1.23679,790
2023-01-30T17:45:00.000Z,1.23679,1.2369,1.23656,1.23689,737
2023-01-30T17:50:00.000Z,1.23688,1.2369,1.23638,1.23638,486
2023-01-30T17:55:00.000Z,1.23639,1.23668,1.2363,1.2363,440
2023-01-30T18:00:00.000Z,1.23629,1.23629,1.2359,1.2361,732
2023-01-30T18:05:00.000Z,1.23611,1.23639,1.23592,1.23609,663
2023-01-30T18:10:00.000Z,1.23609,1.23628,1.2357,1.23579,612
2023-01-30T18:15:00.000Z,1.23578,1.23628,1.23562,1.23611,715
2023-01-30T18:20:00.000Z,1.23613,1.2363,1.23609,1.23615,582
2023-01-30T18:25:00.000Z,1.23614,1.23633,1.2361,1.23621,660
2023-01-30T18:30:00.000Z,1.2362,1.2362,1.23583,1.23609,760
2023-01-30T18:35:00.000Z,1.23609,1.23611,1.23584,1.23595,550
2023-01-30T18:40:00.000Z,1.23596,1.23615,1.23563,1.23576,696
2023-01-30T18:45:00.000Z,1.23577,1.23577,1.2356,1.2357,485
2023-01-30T18:50:00.000Z,1.23569,1.23585,1.23562,1.23576,557
2023-01-30T18:55:00.000Z,1.23576,1.23584,1.23559,1.23571,392
2023-01-30T19:00:00.000Z,1.2357,1.23595,1.23561,1.23569,463
2023-01-30T19:05:00.000Z,1.23568,1.23569,1.2351,1.23512,380
2023-01-30T19:10:00.000Z,1.23512,1.23513,1.23421,1.23439,516
2023-01-30T19:15:00.000Z,1.23439,1.23451,1.23417,1.23433,659
2023-01-30T19:20:00.000Z,1.23432,1.23434,1.2339,1.23395,592
2023-01-30T19:25:00.000Z,1.23395,1.234,1.23387,1.23387,251
2023-01-30T19:30:00.000Z,1.23388,1.23433,1.23368,1.2342,562
2023-01-30T19:35:00.000Z,1.23419,1.23462,1.23413,1.23457,583
2023-01-30T19:40:00.000Z,1.23456,1.23469,1.23436,1.23452,880
2023-01-30T19:45:00.000Z,1.23452,1.23464,1.2339,1.23403,635
2023-01-30T19:50:00.000Z,1.23404,1.23424,1.2339,1.23424,483
2023-01-30T19:55:00.000Z,1.23424,1.23466,1.23404,1.23462,790
2023-01-30T20:00:00.000Z,1.2346,1.23505,1.23419,1.23494,734
2023-01-30T20:05:00.000Z,1.23495,1.23504,1.23468,1.2348,610
2023-01-30T20:10:00.000Z,1.23479,1.2352,1.23474,1.23492,692
2023-01-30T20:15:00.000Z,1.23491,1.23516,1.23486,1.2351,400
2023-01-30T20:20:00.000Z,1.23517,1.23522,1.23489,1.23489,495
2023-01-30T20:25:00.000Z,1.23489,1.23514,1.23486,1.235,669
2023-01-30T20:30:00.000Z,1.235,1.23531,1.23488,1.2353,521
2023-01-30T20:35:00.000Z,1.2353,1.23575,1.23527,1.23571,435
2023-01-30T20:40:00.000Z,1.2357,1.23572,1.23538,1.23548,548
2023-01-30T20:45:00.000Z,1.23548,1.23551,1.23488,1.23501,474
2023-01-30T20:50:00.000Z,1.23501,1.23511,1.23476,1.2349,614
2023-01-30T20:55:00.000Z,1.23491,1.23496,1.23456,1.23484,502
2023-01-30T21:00:00.000Z,1.23487,1.23504,1.2347,1.23472,596
2023-01-30T21:05:00.000Z,1.23472,1.23497,1.2347,1.23486,405
2023-01-30T21:10:00.000Z,1.23486,1.2349,1.2347,1.23479,393
2023-01-30T21:15:00.000Z,1.23478,1.23497,1.23476,1.23481,339
2023-01-30T21:20:00.000Z,1.23481,1.23491,1.23476,1.2348,196
2023-01-30T21:25:00.000Z,1.2348,1.23514,1.2348,1.2351,283
2023-01-30T21:30:00.000Z,1.23511,1.23514,1.23503,1.23503,219
2023-01-30T21:35:00.000Z,1.23503,1.23517,1.23502,1.2351,476
2023-01-30T21:40:00.000Z,1.2351,1.23534,1.23506,1.23534,284
2023-01-30T21:45:00.000Z,1.23536,1.23537,1.23513,1.23515,258
2023-01-30T21:50:00.000Z,1.23514,1.23524,1.23507,1.2351,318
2023-01-30T21:55:00.000Z,1.23511,1.23516,1.23498,1.23502,191
2023-01-30T22:00:00.000Z,1.2347,1.23471,1.23406,1.23471,6
2023-01-30T22:05:00.000Z,1.23471,1.23491,1.23471,1.23491,2
2023-01-30T22:10:00.000Z,1.23491,1.23491,1.23491,1.23491,14
2023-01-30T22:15:00.000Z,1.23491,1.23499,1.23491,1.23499,9
2023-01-30T22:20:00.000Z,1.23499,1.23499,1.23499,1.23499,3
2023-01-30T22:25:00.000Z,1.23469,1.23499,1.23469,1.23499,6
2023-01-30T22:30:00.000Z,1.23499,1.23509,1.23499,1.23509,165
2023-01-30T22:35:00.000Z,1.23521,1.23534,1.23512,1.23516,64
2023-01-30T22:40:00.000Z,1.23516,1.23528,1.23516,1.23527,22
2023-01-30T22:45:00.000Z,1.23527,1.23566,1.2352,1.23525,73
2023-01-30T22:50:00.000Z,1.23521,1.23526,1.23521,1.23525,12
2023-01-30T22:55:00.000Z,1.23525,1.23525,1.23518,1.23522,14
2023-01-30T23:00:00.000Z,1.23527,1.23527,1.23488,1.23489,147
2023-01-30T23:05:00.000Z,1.23489,1.23496,1.23478,1.23481,157
2023-01-30T23:10:00.000Z,1.23481,1.23498,1.23473,1.23496,86
2023-01-30T23:15:00.000Z,1.23488,1.23508,1.23483,1.23495,766
2023-01-30T23:20:00.000Z,1.23496,1.23498,1.23488,1.23489,410
2023-01-30T23:25:00.000Z,1.2349,1.23495,1.23479,1.23481,314
2023-01-30T23:30:00.000Z,1.23483,1.23485,1.23467,1.23479,182
2023-01-30T23:35:00.000Z,1.23478,1.23502,1.23477,1.23497,249
2023-01-30T23:40:00.000Z,1.23498,1.23509,1.23493,1.23499,235
2023-01-30T23:45:00.000Z,1.23498,1.23499,1.23481,1.23484,152
2023-01-30T23:50:00.000Z,1.23485,1.23501,1.23484,1.23498,324
2023-01-30T23:55:00.000Z,1.23497,1.23499,1.23488,1.23497,422
2023-01-31T00:00:00.000Z,1.23502,1.23529,1.23497,1.2351,396
2023-01-31T00:05:00.000Z,1.23509,1.23531,1.2349,1.23525,514
2023-01-31T00:10:00.000Z,1.23525,1.23564,1.23525,1.23561,275
2023-01-31T00:15:00.000Z,1.2356,1.23562,1.23532,1.23548,269
2023-01-31T00:20:00.000Z,1.23548,1.23555,1.23539,1.23553,330
2023-01-31T00:25:00.000Z,1.23554,1.23559,1.23544,1.23555,233
2023-01-31T00:30:00.000Z,1.23556,1.23589,1.23532,1.23557,616
2023-01-31T00:35:00.000Z,1.23556,1.23586,1.23553,1.23582,372
2023-01-31T00:40:00.000Z,1.23581,1.23595,1.23557,1.2357,418
2023-01-31T00:45:00.000Z,1.23567,1.23587,1.23564,1.23577,293
2023-01-31T00:50:00.000Z,1.23577,1.23591,1.23563,1.23576,518
2023-01-31T00:55:00.000Z,1.23577,1.23617,1.23569,1.23617,273
2023-01-31T01:00:00.000Z,1.23618,1.23632,1.23596,1.23619,413
2023-01-31T01:05:00.000Z,1.23619,1.23634,1.23607,1.23634,327
2023-01-31T01:10:00.000Z,1.23635,1.23646,1.23606,1.23622,430
2023-01-31T01:15:00.000Z,1.2362,1.23656,1.23605,1.23636,383
2023-01-31T01:20:00.000Z,1.23637,1.2364,1.23603,1.23615,454
2023-01-31T01:25:00.000Z,1.23614,1.23616,1.2359,1.23594,357
2023-01-31T01:30:00.000Z,1.23593,1.23607,1.2356,1.23572,577
2023-01-31T01:35:00.000Z,1.23573,1.23667,1.23567,1.23662,399
2023-01-31T01:40:00.000Z,1.23661,1.23714,1.23654,1.23656,601
2023-01-31T01:45:00.000Z,1.23662,1.23704,1.23655,1.23684,519
2023-01-31T01:50:00.000Z,1.23686,1.23691,1.23666,1.2367,416
2023-01-31T01:55:00.000Z,1.23669,1.23676,1.23639,1.23667,318
2023-01-31T02:00:00.000Z,1.23667,1.23667,1.23642,1.23655,436
2023-01-31T02:05:00.000Z,1.23655,1.23667,1.23639,1.23648,434
2023-01-31T02:10:00.000Z,1.23648,1.23662,1.23638,1.2365,427
2023-01-31T02:15:00.000Z,1.2365,1.2365,1.23638,1.23639,338
2023-01-31T02:20:00.000Z,1.23638,1.23647,1.23637,1.2364,286
2023-01-31T02:25:00.000Z,1.23641,1.23652,1.23596,1.23612,249
2023-01-31T02:30:00.000Z,1.23613,1.23613,1.23582,1.23588,318
2023-01-31T02:35:00.000Z,1.23587,1.23609,1.23557,1.23571,295
2023-01-31T02:40:00.000Z,1.23572,1.23585,1.23564,1.23579,451
2023-01-31T02:45:00.000Z,1.23579,1.23603,1.23551,1.23561,393
2023-01-31T02:50:00.000Z,1.2356,1.23569,1.23552,1.23562,414
2023-01-31T02:55:00.000Z,1.23561,1.23592,1.23558,1.2359,298
2023-01-31T03:00:00.000Z,1.23591,1.23591,1.23568,1.23576,391
2023-01-31T03:05:00.000Z,1.23576,1.23583,1.23568,1.23583,385
2023-01-31T03:10:00.000Z,1.23583,1.23596,1.23568,1.2357,375
2023-01-31T03:15:00.000Z,1.23569,1.2357,1.23549,1.23552,378
2023-01-31T03:20:00.000Z,1.23553,1.23581,1.23552,1.23579,453
2023-01-31T03:25:00.000Z,1.2358,1.23581,1.23543,1.23543,367
2023-01-31T03:30:00.000Z,1.23541,1.23572,1.23533,1.2355,376
2023-01-31T03:35:00.000Z,1.23549,1.23549,1.23493,1.235,353
2023-01-31T03:40:00.000Z,1.23502,1.23502,1.23471,1.23474,349
2023-01-31T03:45:00.000Z,1.23473,1.2351,1.2347,1.23506,231
2023-01-31T03:50:00.000Z,1.23505,1.23515,1.23491,1.23493,273
2023-01-31T03:55:00.000Z,1.23492,1.23496,1.23431,1.23433,232
2023-01-31T04:00:00.000Z,1.23434,1.23456,1.23432,1.23454,237
2023-01-31T04:05:00.000Z,1.23453,1.23455,1.23432,1.23432,223
2023-01-31T04:10:00.000Z,1.23435,1.23439,1.23412,1.23412,327
2023-01-31T04:15:00.000Z,1.23411,1.23413,1.23372,1.23394,343
2023-01-31T04:20:00.000Z,1.23393,1.2342,1.23391,1.23405,310
2023-01-31T04:25:00.000Z,1.23406,1.23406,1.23373,1.23374,249
2023-01-31T04:30:00.000Z,1.23374,1.23385,1.23331,1.23382,394
2023-01-31T04:35:00.000Z,1.23381,1.23381,1.23311,1.23361,325
2023-01-31T04:40:00.000Z,1.23354,1.23395,1.23343,1.23394,300
2023-01-31T04:45:00.000Z,1.23395,1.23396,1.2337,1.23377,256
2023-01-31T04:50:00.000Z,1.23378,1.23406,1.23378,1.23405,157
2023-01-31T04:55:00.000Z,1.23406,1.23429,1.23403,1.23424,240
2023-01-31T05:00:00.000Z,1.23425,1.23428,1.23401,1.2342,207
2023-01-31T05:05:00.000Z,1.23421,1.23424,1.23393,1.23402,287
2023-01-31T05:10:00.000Z,1.23403,1.23412,1.23383,1.23399,299
2023-01-31T05:15:00.000Z,1.23397,1.23435,1.23396,1.23427,344
2023-01-31T05:20:00.000Z,1.23428,1.23439,1.23425,1.23432,173
2023-01-31T05:25:00.000Z,1.23433,1.23446,1.23414,1.23445,208
2023-01-31T05:30:00.000Z,1.23444,1.23446,1.2342,1.23435,352
2023-01-31T05:35:00.000Z,1.23432,1.23435,1.23393,1.2342,292
2023-01-31T05:40:00.000Z,1.2342,1.2342,1.23403,1.23408,353
2023-01-31T05:45:00.000Z,1.23408,1.23446,1.23397,1.2342,554
2023-01-31T05:50:00.000Z,1.23423,1.23457,1.23415,1.23445,271
2023-01-31T05:55:00.000Z,1.23445,1.23454,1.23376,1.23384,416
2023-01-31T06:00:00.000Z,1.23385,1.23399,1.23352,1.2337,503
2023-01-31T06:05:00.000Z,1.23369,1.23417,1.23364,1.23415,340
2023-01-31T06:10:00.000Z,1.23414,1.23437,1.23407,1.23431,389
2023-01-31T06:15:00.000Z,1.23432,1.23456,1.23424,1.23435,286
2023-01-31T06:20:00.000Z,1.23436,1.23448,1.23426,1.23446,355
2023-01-31T06:25:00.000Z,1.23445,1.23449,1.23422,1.23437,262
2023-01-31T06:30:00.000Z,1.23436,1.23448,1.23422,1.23443,310
2023-01-31T06:35:00.000Z,1.23444,1.23445,1.23403,1.23403,267
2023-01-31T06:40:00.000Z,1.23404,1.23453,1.23401,1.23453,253
2023-01-31T06:45:00.000Z,1.23451,1.23464,1.2344,1.2345,275
2023-01-31T06:50:00.000Z,1.2345,1.23478,1.23435,1.23475,284
2023-01-31T06:55:00.000Z,1.23474,1.23501,1.23443,1.23464,349
2023-01-31T07:00:00.000Z,1.23462,1.23464,1.23407,1.23428,631
2023-01-31T07:05:00.000Z,1.23427,1.23499,1.23426,1.23478,566
2023-01-31T07:10:00.000Z,1.23478,1.23538,1.23475,1.23529,551
2023-01-31T07:15:00.000Z,1.2353,1.23538,1.23507,1.23508,377
2023-01-31T07:20:00.000Z,1.23507,1.23519,1.2349,1.23494,344
2023-01-31T07:25:00.000Z,1.23495,1.23517,1.23482,1.23511,309
2023-01-31T07:30:00.000Z,1.23512,1.23555,1.23506,1.2351,495
2023-01-31T07:35:00.000Z,1.23512,1.23524,1.23478,1.23485,363
2023-01-31T07:40:00.000Z,1.23486,1.23516,1.23474,1.23509,414
2023-01-31T07:45:00.000Z,1.2351,1.23626,1.23462,1.23593,767
2023-01-31T07:50:00.000Z,1.23595,1.23605,1.23518,1.23541,560
2023-01-31T07:55:00.000Z,1.23544,1.23564,1.23491,1.23493,578
2023-01-31T08:00:00.000Z,1.23493,1.23546,1.23474,1.23476,810
2023-01-31T08:05:00.000Z,1.23475,1.23484,1.23346,1.23363,863
2023-01-31T08:10:00.000Z,1.23364,1.23377,1.23194,1.23215,1059
2023-01-31T08:15:00.000Z,1.23213,1.23265,1.23166,1.23206,682
2023-01-31T08:20:00.000Z,1.23205,1.23219,1.23142,1.23218,770
2023-01-31T08:25:00.000Z,1.23219,1.23255,1.232,1.23219,838
2023-01-31T08:30:00.000Z,1.23219,1.23226,1.23135,1.23205,854
2023-01-31T08:35:00.000Z,1.23204,1.23205,1.23107,1.23126,647
2023-01-31T08:40:00.000Z,1.23126,1.23151,1.23108,1.23129,745
2023-01-31T08:45:00.000Z,1.23129,1.23197,1.23125,1.23136,613
2023-01-31T08:50:00.000Z,1.23137,1.23157,1.23097,1.23116,497
2023-01-31T08:55:00.000Z,1.23114,1.23167,1.23081,1.23098,628
2023-01-31T09:00:00.000Z,1.23101,1.23144,1.23085,1.23096,768
2023-01-31T09:05:00.000Z,1.23096,1.23137,1.23084,1.23137,734
2023-01-31T09:10:00.000Z,1.23137,1.23177,1.23108,1.23168,585
2023-01-31T09:15:00.000Z,1.23167,1.23184,1.23104,1.23134,749
2023-01-31T09:20:00.000Z,1.23134,1.23176,1.23114,1.23136,518
2023-01-31T09:25:00.000Z,1.23138,1.23178,1.23122,1.23177,385
2023-01-31T09:30:00.000Z,1.23174,1.23219,1.23159,1.23207,625
2023-01-31T09:35:00.000Z,1.23209,1.23229,1.23169,1.23174,776
2023-01-31T09:40:00.000Z,1.23173,1.23211,1.23148,1.23209,577
2023-01-31T09:45:00.000Z,1.23208,1.23333,1.23207,1.23251,607
2023-01-31T09:50:00.000Z,1.23254,1.23272,1.23215,1.23227,458
2023-01-31T09:55:00.000Z,1.23228,1.23288,1.23216,1.23255,928
2023-01-31T10:00:00.000Z,1.23254,1.2326,1.23156,1.23227,718
2023-01-31T10:05:00.000Z,1.23227,1.23252,1.23209,1.23237,677
2023-01-31T10:10:00.000Z,1.23237,1.23253,1.23166,1.23169,594
2023-01-31T10:15:00.000Z,1.23169,1.23178,1.23133,1.2316,545
2023-01-31T10:20:00.000Z,1.23162,1.23162,1.23118,1.23147,565
2023-01-31T10:25:00.000Z,1.23146,1.23179,1.23131,1.23168,464
2023-01-31T10:30:00.000Z,1.23169,1.23188,1.23083,1.23085,644
2023-01-31T10:35:00.000Z,1.23086,1.23186,1.23086,1.23186,562
2023-01-31T10:40:00.000Z,1.23185,1.23218,1.23163,1.23187,627
2023-01-31T10:45:00.000Z,1.23187,1.23215,1.23177,1.23181,561
2023-01-31T10:50:00.000Z,1.2318,1.23218,1.23174,1.23189,643
2023-01-31T10:55:00.000Z,1.2319,1.2319,1.23127,1.23133,512
2023-01-31T11:00:00.000Z,1.23132,1.23186,1.23109,1.23185,620
2023-01-31T11:05:00.000Z,1.23186,1.2319,1.23157,1.23169,436
2023-01-31T11:10:00.000Z,1.23169,1.23194,1.2316,1.23163,515
2023-01-31T11:15:00.000Z,1.23163,1.23192,1.23147,1.23154,625
2023-01-31T11:20:00.000Z,1.23154,1.23166,1.23126,1.23127,473
2023-01-31T11:25:00.000Z,1.23126,1.23149,1.2308,1.23097,673
2023-01-31T11:30:00.000Z,1.23096,1.23149,1.23083,1.23117,532
2023-01-31T11:35:00.000Z,1.23118,1.23217,1.23117,1.23205,477
2023-01-31T11:40:00.000Z,1.23204,1.23208,1.23183,1.23186,653
2023-01-31T11:45:00.000Z,1.23187,1.23195,1.23144,1.23172,359
2023-01-31T11:50:00.000Z,1.23172,1.23194,1.23139,1.23189,414
2023-01-31T11:55:00.000Z,1.2319,1.23254,1.23168,1.23254,533
2023-01-31T12:00:00.000Z,1.23255,1.23294,1.23218,1.23235,984
2023-01-31T12:05:00.000Z,1.23234,1.23241,1.23212,1.23219,595
2023-01-31T12:10:00.000Z,1.23219,1.23256,1.23205,1.23225,444
2023-01-31T12:15:00.000Z,1.23225,1.23266,1.23217,1.23265,454
2023-01-31T12:20:00.000Z,1.23264,1.23264,1.23214,1.23215,585
2023-01-31T12:25:00.000Z,1.23214,1.23254,1.23202,1.23253,520
2023-01-31T12:30:00.000Z,1.23252,1.23273,1.23184,1.23206,591
2023-01-31T12:35:00.000Z,1.23206,1.23207,1.23155,1.23163,375
2023-01-31T12:40:00.000Z,1.23163,1.23193,1.23153,1.23169,462
2023-01-31T12:45:00.000Z,1.2317,1.23173,1.23118,1.2313,547
2023-01-31T12:50:00.000Z,1.23129,1.23151,1.23074,1.23079,501
2023-01-31T12:55:00.000Z,1.23079,1.23079,1.23005,1.23014,487
2023-01-31T13:00:00.000Z,1.23015,1.2305,1.23015,1.23046,730
2023-01-31T13:05:00.000Z,1.23046,1.23109,1.23045,1.23104,934
2023-01-31T13:10:00.000Z,1.23103,1.23103,1.22956,1.22994,814
2023-01-31T13:15:00.000Z,1.22995,1.23057,1.2298,1.23006,750
2023-01-31T13:20:00.000Z,1.23007,1.2305,1.22992,1.23034,874
2023-01-31T13:25:00.000Z,1.23034,1.23039,1.22964,1.22972,657
2023-01-31T13:30:00.000Z,1.22974,1.23302,1.22973,1.23143,1991
2023-01-31T13:35:00.000Z,1.23141,1.23275,1.23102,1.23221,1737
2023-01-31T13:40:00.000Z,1.23224,1.23259,1.23085,1.2315,1452
2023-01-31T13:45:00.000Z,1.2315,1.23249,1.23143,1.23231,1370
2023-01-31T13:50:00.000Z,1.23233,1.23241,1.23163,1.23184,1478
2023-01-31T13:55:00.000Z,1.23185,1.23274,1.23178,1.23216,1231
2023-01-31T14:00:00.000Z,1.23216,1.23271,1.23166,1.23224,1299
2023-01-31T14:05:00.000Z,1.23223,1.23223,1.23119,1.23165,1020
2023-01-31T14:10:00.000Z,1.23164,1.23187,1.23099,1.23165,939
2023-01-31T14:15:00.000Z,1.23165,1.23188,1.2312,1.2315,1070
2023-01-31T14:20:00.000Z,1.23148,1.23285,1.23142,1.2328,895
2023-01-31T14:25:00.000Z,1.2328,1.2328,1.23179,1.23194,1062
2023-01-31T14:30:00.000Z,1.23195,1.23235,1.23169,1.2321,1609
2023-01-31T14:35:00.000Z,1.23211,1.23213,1.23098,1.23108,1215
2023-01-31T14:40:00.000Z,1.23109,1.23194,1.23094,1.23158,1163
2023-01-31T14:45:00.000Z,1.23158,1.23221,1.23138,1.23215,1263
2023-01-31T14:50:00.000Z,1.23217,1.23233,1.23173,1.2319,1241
2023-01-31T14:55:00.000Z,1.23194,1.23201,1.23165,1.23176,873
2023-01-31T15:00:00.000Z,1.23175,1.23197,1.23104,1.23108,1349
2023-01-31T15:05:00.000Z,1.2311,1.23116,1.22918,1.22939,1277
2023-01-31T15:10:00.000Z,1.22939,1.22998,1.22874,1.22977,1379
2023-01-31T15:15:00.000Z,1.22978,1.23043,1.2297,1.22988,1202
2023-01-31T15:20:00.000Z,1.22991,1.23005,1.22934,1.22951,1153
2023-01-31T15:25:00.000Z,1.22952,1.22976,1.22841,1.22959,1223
2023-01-31T15:30:00.000Z,1.22959,1.23074,1.22959,1.23064,1371
2023-01-31T15:35:00.000Z,1.23065,1.23124,1.23042,1.23123,1068
2023-01-31T15:40:00.000Z,1.23122,1.23244,1.23113,1.23145,1210
2023-01-31T15:45:00.000Z,1.23146,1.23173,1.23018,1.23046,1216
2023-01-31T15:50:00.000Z,1.23045,1.23127,1.22927,1.23048,1491
2023-01-31T15:55:00.000Z,1.23047,1.23137,1.22999,1.23047,1644
2023-01-31T16:00:00.000Z,1.23046,1.2315,1.23043,1.23116,1436
2023-01-31T16:05:00.000Z,1.23117,1.2317,1.23101,1.23145,948
2023-01-31T16:10:00.000Z,1.23146,1.23212,1.23106,1.23212,1085
2023-01-31T16:15:00.000Z,1.23212,1.23233,1.23165,1.23183,1149
2023-01-31T16:20:00.000Z,1.23184,1.23215,1.23132,1.23161,944
2023-01-31T16:25:00.000Z,1.23162,1.23195,1.23122,1.23166,881
2023-01-31T16:30:00.000Z,1.23168,1.23208,1.23164,1.23182,953
2023-01-31T16:35:00.000Z,1.23182,1.23205,1.23165,1.23165,767
2023-01-31T16:40:00.000Z,1.23165,1.23213,1.23164,1.23202,696
2023-01-31T16:45:00.000Z,1.23203,1.23225,1.23167,1.23173,802
2023-01-31T16:50:00.000Z,1.23174,1.2319,1.23152,1.23164,606
2023-01-31T16:55:00.000Z,1.23164,1.23271,1.23162,1.2322,668
2023-01-31T17:00:00.000Z,1.2322,1.23233,1.23179,1.23215,770
2023-01-31T17:05:00.000Z,1.23214,1.23237,1.23191,1.23192,594
2023-01-31T17:10:00.000Z,1.23193,1.23228,1.23118,1.2317,582
2023-01-31T17:15:00.000Z,1.23171,1.23215,1.2317,1.23213,615
2023-01-31T17:20:00.000Z,1.23212,1.23243,1.23203,1.23225,755
2023-01-31T17:25:00.000Z,1.23225,1.23225,1.2317,1.23216,570
2023-01-31T17:30:00.000Z,1.23216,1.23223,1.23181,1.23208,656
2023-01-31T17:35:00.000Z,1.23209,1.23256,1.23201,1.23243,415
2023-01-31T17:40:00.000Z,1.23244,1.23274,1.23244,1.23266,390
2023-01-31T17:45:00.000Z,1.23265,1.23279,1.23251,1.23255,396
2023-01-31T17:50:00.000Z,1.23255,1.23261,1.23225,1.23225,349
2023-01-31T17:55:00.000Z,1.23224,1.23259,1.23215,1.23259,401
2023-01-31T18:00:00.000Z,1.23258,1.23272,1.23225,1.23244,543
2023-01-31T18:05:00.000Z,1.23243,1.2327,1.23243,1.23261,495
2023-01-31T18:10:00.000Z,1.2326,1.23276,1.23252,1.23273,416
2023-01-31T18:15:00.000Z,1.23273,1.23278,1.23261,1.23278,246
2023-01-31T18:20:00.000Z,1.23277,1.23298,1.23267,1.23284,493
2023-01-31T18:25:00.000Z,1.23284,1.23294,1.23274,1.23292,305
2023-01-31T18:30:00.000Z,1.23292,1.23326,1.23284,1.23286,378
2023-01-31T18:35:00.000Z,1.23286,1.23296,1.23282,1.23293,308
2023-01-31T18:40:00.000Z,1.23294,1.23304,1.2329,1.23295,342
2023-01-31T18:45:00.000Z,1.23295,1.23343,1.23294,1.23326,284
2023-01-31T18:50:00.000Z,1.23326,1.23327,1.23301,1.23302,270
2023-01-31T18:55:00.000Z,1.23304,1.23317,1.23298,1.23314,316
2023-01-31T19:00:00.000Z,1.23314,1.23341,1.23313,1.23325,324
2023-01-31T19:05:00.000Z,1.23326,1.23337,1.23322,1.23329,391
2023-01-31T19:10:00.000Z,1.23328,1.23364,1.23328,1.23345,164
2023-01-31T19:15:00.000Z,1.23345,1.23357,1.23335,1.23343,493
2023-01-31T19:20:00.000Z,1.23342,1.23363,1.23341,1.23345,406
2023-01-31T19:25:00.000Z,1.23348,1.23364,1.23346,1.23363,319
2023-01-31T19:30:00.000Z,1.23363,1.23375,1.23362,1.23372,176
2023-01-31T19:35:00.000Z,1.23372,1.23375,1.23361,1.23362,166
2023-01-31T19:40:00.000Z,1.23362,1.23362,1.2332,1.23321,340
2023-01-31T19:45:00.000Z,1.23321,1.23332,1.23286,1.23286,280
2023-01-31T19:50:00.000Z,1.23291,1.2334,1.23288,1.23293,433
2023-01-31T19:55:00.000Z,1.23296,1.23296,1.23216,1.23236,648
2023-01-31T20:00:00.000Z,1.23236,1.23246,1.23178,1.23191,641
2023-01-31T20:05:00.000Z,1.23192,1.23232,1.23191,1.23213,419
2023-01-31T20:10:00.000Z,1.23213,1.23219,1.23187,1.23196,502
2023-01-31T20:15:00.000Z,1.23197,1.23203,1.23164,1.23185,615
2023-01-31T20:20:00.000Z,1.23185,1.23208,1.23174,1.23194,439
2023-01-31T20:25:00.000Z,1.23194,1.23205,1.23173,1.23191,434
2023-01-31T20:30:00.000Z,1.2319,1.23202,1.23172,1.23183,540
2023-01-31T20:35:00.000Z,1.23182,1.23184,1.23156,1.2316,449
2023-01-31T20:40:00.000Z,1.23159,1.23184,1.2314,1.23184,504
2023-01-31T20:45:00.000Z,1.23185,1.2322,1.23179,1.23196,458
2023-01-31T20:50:00.000Z,1.23198,1.2323,1.2319,1.23215,725
2023-01-31T20:55:00.000Z,1.23215,1.23293,1.23208,1.23281,826
2023-01-31T21:00:00.000Z,1.2328,1.23287,1.23227,1.23229,726
2023-01-31T21:05:00.000Z,1.23229,1.23259,1.23229,1.2325,406
2023-01-31T21:10:00.000Z,1.23251,1.23253,1.23236,1.23239,444
2023-01-31T21:15:00.000Z,1.23239,1.23264,1.23235,1.2324,289
2023-01-31T21:20:00.000Z,1.23239,1.23239,1.23209,1.23213,181
2023-01-31T21:25:00.000Z,1.23211,1.23221,1.23208,1.23221,144
2023-01-31T21:30:00.000Z,1.2322,1.23224,1.2322,1.23223,77
2023-01-31T21:35:00.000Z,1.23222,1.23222,1.23195,1.23199,82
2023-01-31T21:40:00.000Z,1.23199,1.23202,1.2319,1.23192,241
2023-01-31T21:45:00.000Z,1.23191,1.23191,1.23152,1.23173,520
2023-01-31T21:50:00.000Z,1.23173,1.23196,1.2317,1.23196,389
2023-01-31T21:55:00.000Z,1.23194,1.23199,1.23175,1.23182,363
2023-01-31T22:00:00.000Z,1.23171,1.23201,1.23142,1.23152,13
2023-01-31T22:05:00.000Z,1.23142,1.23153,1.23142,1.23152,9
2023-01-31T22:15:00.000Z,1.23159,1.23231,1.23159,1.23184,166
2023-01-31T22:20:00.000Z,1.23183,1.2319,1.23157,1.23164,279
2023-01-31T22:25:00.000Z,1.23165,1.23186,1.23162,1.23175,446
2023-01-31T22:30:00.000Z,1.23179,1.23234,1.23158,1.23197,120
2023-01-31T22:35:00.000Z,1.23197,1.232,1.23197,1.23197,26
2023-01-31T22:40:00.000Z,1.23197,1.23197,1.23197,1.23197,9
2023-01-31T22:45:00.000Z,1.23193,1.23197,1.23181,1.23185,58
2023-01-31T22:50:00.000Z,1.23185,1.23187,1.23144,1.23154,121
2023-01-31T22:55:00.000Z,1.23156,1.23158,1.23138,1.23153,314
2023-01-31T23:00:00.000Z,1.23136,1.23178,1.23133,1.23137,394
2023-01-31T23:05:00.000Z,1.23139,1.2315,1.23135,1.23141,77
2023-01-31T23:10:00.000Z,1.23141,1.23158,1.23141,1.23148,204
2023-01-31T23:15:00.000Z,1.23146,1.23157,1.2314,1.23143,493
2023-01-31T23:20:00.000Z,1.23142,1.23157,1.23125,1.23133,874
2023-01-31T23:25:00.000Z,1.23133,1.23134,1.23109,1.23111,445
2023-01-31T23:30:00.000Z,1.23112,1.23122,1.23103,1.23121,726
2023-01-31T23:35:00.000Z,1.23121,1.23134,1.23111,1.23111,278
2023-01-31T23:40:00.000Z,1.23112,1.23117,1.2311,1.23113,220
2023-01-31T23:45:00.000Z,1.23112,1.23117,1.23101,1.23115,176
2023-01-31T23:50:00.000Z,1.23114,1.23121,1.23093,1.23102,364
2023-01-31T23:55:00.000Z,1.23103,1.23103,1.23082,1.23082,223
2023-02-01T00:00:00.000Z,1.23082,1.23136,1.23062,1.2311,324
2023-02-01T00:05:00.000Z,1.23111,1.23128,1.23094,1.23094,229
2023-02-01T00:10:00.000Z,1.23093,1.23098,1.23073,1.23085,151
2023-02-01T00:15:00.000Z,1.23084,1.23087,1.23072,1.23073,151
2023-02-01T00:20:00.000Z,1.23074,1.23095,1.23064,1.23085,239
2023-02-01T00:25:00.000Z,1.23084,1.23085,1.23052,1.23052,230
2023-02-01T00:30:00.000Z,1.23053,1.23063,1.23032,1.23059,229
2023-02-01T00:35:00.000Z,1.23061,1.23063,1.23035,1.23063,255
2023-02-01T00:40:00.000Z,1.23062,1.23086,1.23061,1.23077,229
2023-02-01T00:45:00.000Z,1.23075,1.23077,1.23034,1.23055,243
2023-02-01T00:50:00.000Z,1.23055,1.23108,1.2305,1.23108,539
2023-02-01T00:55:00.000Z,1.23109,1.23129,1.23104,1.23106,372
2023-02-01T01:00:00.000Z,1.23108,1.23126,1.23095,1.23111,400
2023-02-01T01:05:00.000Z,1.2311,1.23118,1.23099,1.23116,377
2023-02-01T01:10:00.000Z,1.23117,1.23118,1.23085,1.23113,311
2023-02-01T01:15:00.000Z,1.23113,1.23126,1.23102,1.23107,245
2023-02-01T01:20:00.000Z,1.23106,1.23119,1.23098,1.23118,247
2023-02-01T01:25:00.000Z,1.23119,1.23126,1.23089,1.23113,209
2023-02-01T01:30:00.000Z,1.23114,1.23132,1.23104,1.23127,382
2023-02-01T01:35:00.000Z,1.23126,1.2313,1.23101,1.23128,373
2023-02-01T01:40:00.000Z,1.23127,1.23136,1.23115,1.23124,413
2023-02-01T01:45:00.000Z,1.23121,1.2313,1.23114,1.23114,351
2023-02-01T01:50:00.000Z,1.23115,1.23118,1.23085,1.23096,435
2023-02-01T01:55:00.000Z,1.23095,1.23108,1.23088,1.23104,300
2023-02-01T02:00:00.000Z,1.23105,1.2311,1.23082,1.23097,320
2023-02-01T02:05:00.000Z,1.23097,1.23108,1.23094,1.23097,177
2023-02-01T02:10:00.000Z,1.23101,1.23106,1.23083,1.23083,229
2023-02-01T02:15:00.000Z,1.23084,1.2309,1.23066,1.23087,211
2023-02-01T02:20:00.000Z,1.23088,1.23089,1.23062,1.23069,217
2023-02-01T02:25:00.000Z,1.23069,1.23076,1.23055,1.2307,224
2023-02-01T02:30:00.000Z,1.23069,1.23083,1.23049,1.23076,384
2023-02-01T02:35:00.000Z,1.23077,1.23079,1.23047,1.2307,359
2023-02-01T02:40:00.000Z,1.2307,1.23078,1.23063,1.23069,356
2023-02-01T02:45:00.000Z,1.23067,1.2307,1.23036,1.2305,256
2023-02-01T02:50:00.000Z,1.23047,1.23069,1.23046,1.23054,208
2023-02-01T02:55:00.000Z,1.23053,1.23097,1.23052,1.23086,245
2023-02-01T03:00:00.000Z,1.23084,1.23096,1.23075,1.23083,271
2023-02-01T03:05:00.000Z,1.23084,1.2309,1.23072,1.2308,233
2023-02-01T03:10:00.000Z,1.23081,1.23111,1.23075,1.23107,227
2023-02-01T03:15:00.000Z,1.23105,1.23117,1.23103,1.23109,179
2023-02-01T03:20:00.000Z,1.23108,1.23132,1.23106,1.23127,348
2023-02-01T03:25:00.000Z,1.23127,1.23157,1.23125,1.23151,216
2023-02-01T03:30:00.000Z,1.23152,1.23157,1.23135,1.23137,175
2023-02-01T03:35:00.000Z,1.23138,1.23147,1.23133,1.23136,88
2023-02-01T03:40:00.000Z,1.23135,1.23154,1.23133,1.23148,171
2023-02-01T03:45:00.000Z,1.23149,1.2316,1.23142,1.23157,141
2023-02-01T03:50:00.000Z,1.23156,1.23156,1.23134,1.23151,222
2023-02-01T03:55:00.000Z,1.2315,1.2315,1.23129,1.23134,124
2023-02-01T04:00:00.000Z,1.23134,1.23153,1.23123,1.2315,313
2023-02-01T04:05:00.000Z,1.23149,1.23164,1.23143,1.23145,130
2023-02-01T04:10:00.000Z,1.23144,1.23165,1.23144,1.2316,197
2023-02-01T04:15:00.000Z,1.2316,1.23192,1.23154,1.23185,256
2023-02-01T04:20:00.000Z,1.23186,1.23187,1.23169,1.23169,260
2023-02-01T04:25:00.000Z,1.23173,1.2318,1.23163,1.23175,211
2023-02-01T04:30:00.000Z,1.23174,1.23194,1.23165,1.23165,232
2023-02-01T04:35:00.000Z,1.23169,1.23195,1.23169,1.23193,242
2023-02-01T04:40:00.000Z,1.23192,1.23194,1.23169,1.2317,271
2023-02-01T04:45:00.000Z,1.23171,1.23171,1.23149,1.23154,219
2023-02-01T04:50:00.000Z,1.23155,1.23159,1.23145,1.23153,240
2023-02-01T04:55:00.000Z,1.23152,1.23158,1.23141,1.23153,220
2023-02-01T05:00:00.000Z,1.23152,1.23152,1.23135,1.23137,253
2023-02-01T05:05:00.000Z,1.23138,1.2316,1.23136,1.23155,260
2023-02-01T05:10:00.000Z,1.23156,1.23186,1.23155,1.23178,189
2023-02-01T05:15:00.000Z,1.23177,1.23186,1.23165,1.23165,213
2023-02-01T05:20:00.000Z,1.23166,1.23168,1.23146,1.23154,211
2023-02-01T05:25:00.000Z,1.23153,1.23155,1.23131,1.23133,149
2023-02-01T05:30:00.000Z,1.23133,1.23155,1.23131,1.23154,258
2023-02-01T05:35:00.000Z,1.23153,1.23155,1.23136,1.23154,115
2023-02-01T05:40:00.000Z,1.23155,1.23158,1.23141,1.23145,254
2023-02-01T05:45:00.000Z,1.23146,1.23184,1.23135,1.23184,256
2023-02-01T05:50:00.000Z,1.23185,1.23195,1.23173,1.23176,298
2023-02-01T05:55:00.000Z,1.23175,1.2318,1.23146,1.23146,206
2023-02-01T06:00:00.000Z,1.23146,1.23196,1.23135,1.23184,362
2023-02-01T06:05:00.000Z,1.23185,1.23207,1.23184,1.23187,252
2023-02-01T06:10:00.000Z,1.23188,1.23195,1.23168,1.23195,262
2023-02-01T06:15:00.000Z,1.23194,1.23197,1.23176,1.23197,383
2023-02-01T06:20:00.000Z,1.23197,1.23215,1.23196,1.23215,378
2023-02-01T06:25:00.000Z,1.23214,1.23217,1.23203,1.23211,227
2023-02-01T06:30:00.000Z,1.23212,1.23255,1.23211,1.23254,198
2023-02-01T06:35:00.000Z,1.23253,1.23282,1.23235,1.23282,224
2023-02-01T06:40:00.000Z,1.23281,1.23281,1.23218,1.23219,261
2023-02-01T06:45:00.000Z,1.23219,1.23248,1.23204,1.23224,313
2023-02-01T06:50:00.000Z,1.23225,1.23234,1.23203,1.23208,368
2023-02-01T06:55:00.000Z,1.23208,1.23237,1.23204,1.23226,357
2023-02-01T07:00:00.000Z,1.23225,1.23225,1.23147,1.23183,630
2023-02-01T07:05:00.000Z,1.23183,1.23224,1.23179,1.23197,722
2023-02-01T07:10:00.000Z,1.23198,1.23227,1.23175,1.23178,625
2023-02-01T07:15:00.000Z,1.23178,1.23256,1.23178,1.23235,503
2023-02-01T07:20:00.000Z,1.23236,1.23246,1.23195,1.23201,524
2023-02-01T07:25:00.000Z,1.23201,1.23233,1.23184,1.23233,471
2023-02-01T07:30:00.000Z,1.23232,1.23241,1.23164,1.23172,494
2023-02-01T07:35:00.000Z,1.23174,1.23175,1.23121,1.23155,567
2023-02-01T07:40:00.000Z,1.23154,1.23155,1.23121,1.23135,457
2023-02-01T07:45:00.000Z,1.23134,1.23147,1.23114,1.23114,402
2023-02-01T07:50:00.000Z,1.23115,1.23142,1.2309,1.23141,703
2023-02-01T07:55:00.000Z,1.23141,1.23217,1.23141,1.23195,847
2023-02-01T08:00:00.000Z,1.23196,1.23224,1.23147,1.23173,980
2023-02-01T08:05:00.000Z,1.23174,1.23175,1.2311,1.23164,824
2023-02-01T08:10:00.000Z,1.23163,1.23205,1.23136,1.23178,831
2023-02-01T08:15:00.000Z,1.23181,1.23237,1.23158,1.23216,691
2023-02-01T08:20:00.000Z,1.23216,1.23248,1.23169,1.23217,765
2023-02-01T08:25:00.000Z,1.23215,1.23218,1.23182,1.23198,430
2023-02-01T08:30:00.000Z,1.23198,1.23215,1.23155,1.23181,567
2023-02-01T08:35:00.000Z,1.23181,1.23224,1.23175,1.23194,552
2023-02-01T08:40:00.000Z,1.23195,1.23248,1.23193,1.23206,604
2023-02-01T08:45:00.000Z,1.23207,1.23223,1.23173,1.23198,748
2023-02-01T08:50:00.000Z,1.23197,1.23248,1.23192,1.23232,760
2023-02-01T08:55:00.000Z,1.23229,1.2324,1.23204,1.23204,586
2023-02-01T09:00:00.000Z,1.23205,1.23254,1.23172,1.23189,839
2023-02-01T09:05:00.000Z,1.23189,1.23223,1.23167,1.23177,755
2023-02-01T09:10:00.000Z,1.23177,1.23203,1.23163,1.23184,577
2023-02-01T09:15:00.000Z,1.23184,1.23208,1.23151,1.23208,498
2023-02-01T09:20:00.000Z,1.23208,1.23216,1.23177,1.23198,486
2023-02-01T09:25:00.000Z,1.23198,1.23212,1.23178,1.23194,484
2023-02-01T09:30:00.000Z,1.23195,1.23205,1.23135,1.23148,829
2023-02-01T09:35:00.000Z,1.23151,1.23181,1.23135,1.23172,677
2023-02-01T09:40:00.000Z,1.23172,1.23175,1.23151,1.23154,462
2023-02-01T09:45:00.000Z,1.23154,1.2321,1.23154,1.23199,430
2023-02-01T09:50:00.000Z,1.232,1.23206,1.23155,1.23165,461
2023-02-01T09:55:00.000Z,1.23165,1.23184,1.23129,1.23168,482
2023-02-01T10:00:00.000Z,1.23166,1.23202,1.23133,1.23144,838
2023-02-01T10:05:00.000Z,1.23145,1.23159,1.23125,1.23141,680
2023-02-01T10:10:00.000Z,1.23142,1.23201,1.23141,1.23155,840
2023-02-01T10:15:00.000Z,1.23156,1.23177,1.23128,1.23169,654
2023-02-01T10:20:00.000Z,1.23169,1.23175,1.23146,1.23165,494
2023-02-01T10:25:00.000Z,1.23166,1.23177,1.23138,1.23146,496
2023-02-01T10:30:00.000Z,1.23145,1.2318,1.23144,1.23157,607
2023-02-01T10:35:00.000Z,1.23156,1.23187,1.23145,1.23177,485
2023-02-01T10:40:00.000Z,1.23177,1.2325,1.2317,1.23218,535
2023-02-01T10:45:00.000Z,1.23216,1.2324,1.23207,1.23226,553
2023-02-01T10:50:00.000Z,1.23227,1.23253,1.23218,1.23235,482
2023-02-01T10:55:00.000Z,1.23235,1.23245,1.23185,1.23243,468
2023-02-01T11:00:00.000Z,1.23242,1.23246,1.23206,1.23238,508
2023-02-01T11:05:00.000Z,1.23239,1.23267,1.23228,1.23232,398
2023-02-01T11:10:00.000Z,1.23232,1.23281,1.23232,1.23273,449
2023-02-01T11:15:00.000Z,1.23274,1.2333,1.2327,1.2333,433
2023-02-01T11:20:00.000Z,1.2333,1.23344,1.23292,1.23295,707
2023-02-01T11:25:00.000Z,1.23295,1.23303,1.23254,1.23262,631
2023-02-01T11:30:00.000Z,1.23263,1.23272,1.23252,1.23263,411
2023-02-01T11:35:00.000Z,1.23264,1.23267,1.23233,1.23243,347
2023-02-01T11:40:00.000Z,1.23244,1.23282,1.23236,1.23271,521
2023-02-01T11:45:00.000Z,1.2327,1.23292,1.23267,1.23276,374
2023-02-01T11:50:00.000Z,1.23276,1.23279,1.23253,1.23255,410
2023-02-01T11:55:00.000Z,1.23256,1.23287,1.23256,1.23269,431
2023-02-01T12:00:00.000Z,1.23269,1.23269,1.23212,1.23256,586
2023-02-01T12:05:00.000Z,1.23256,1.23263,1.23243,1.23258,400
2023-02-01T12:10:00.000Z,1.23259,1.23266,1.23198,1.23201,447
2023-02-01T12:15:00.000Z,1.23204,1.23243,1.232,1.23225,422
2023-02-01T12:20:00.000Z,1.23226,1.23258,1.23226,1.23245,463
2023-02-01T12:25:00.000Z,1.23246,1.23247,1.23191,1.23204,350
2023-02-01T12:30:00.000Z,1.23202,1.23216,1.23193,1.232,420
2023-02-01T12:35:00.000Z,1.23201,1.23224,1.23172,1.23191,406
2023-02-01T12:40:00.000Z,1.23191,1.23217,1.23189,1.23216,355
2023-02-01T12:45:00.000Z,1.23214,1.23223,1.23161,1.23177,509
2023-02-01T12:50:00.000Z,1.23177,1.23228,1.23165,1.23214,582
2023-02-01T12:55:00.000Z,1.23218,1.23259,1.23195,1.23248,470
2023-02-01T13:00:00.000Z,1.23253,1.23303,1.23237,1.23266,773
2023-02-01T13:05:00.000Z,1.23267,1.2327,1.23233,1.23255,586
2023-02-01T13:10:00.000Z,1.23256,1.23274,1.23224,1.23256,745
2023-02-01T13:15:00.000Z,1.23256,1.23399,1.23256,1.23306,1331
2023-02-01T13:20:00.000Z,1.23315,1.23421,1.23314,1.23348,1279
2023-02-01T13:25:00.000Z,1.23348,1.23397,1.23326,1.23344,1056
2023-02-01T13:30:00.000Z,1.23344,1.23437,1.23335,1.23384,937
2023-02-01T13:35:00.000Z,1.23384,1.23417,1.23357,1.2337,807
2023-02-01T13:40:00.000Z,1.23369,1.23395,1.23327,1.23372,829
2023-02-01T13:45:00.000Z,1.23371,1.23437,1.23369,1.23413,795
2023-02-01T13:50:00.000Z,1.23415,1.23443,1.23414,1.23438,794
2023-02-01T13:55:00.000Z,1.23437,1.23442,1.23387,1.23394,797
2023-02-01T14:00:00.000Z,1.23396,1.2343,1.23373,1.23382,818
2023-02-01T14:05:00.000Z,1.23379,1.23438,1.23359,1.23413,773
2023-02-01T14:10:00.000Z,1.23413,1.2344,1.23399,1.23435,734
2023-02-01T14:15:00.000Z,1.23435,1.23439,1.23378,1.23414,786
2023-02-01T14:20:00.000Z,1.23414,1.23425,1.23381,1.23385,789
2023-02-01T14:25:00.000Z,1.23384,1.23413,1.23346,1.23383,616
2023-02-01T14:30:00.000Z,1.23383,1.23395,1.23343,1.23355,1247
2023-02-01T14:35:00.000Z,1.23351,1.23375,1.23334,1.23375,812
2023-02-01T14:40:00.000Z,1.23375,1.23399,1.2333,1.23332,688
2023-02-01T14:45:00.000Z,1.23334,1.23424,1.23329,1.23408,958
2023-02-01T14:50:00.000Z,1.23408,1.23469,1.23406,1.23426,796
2023-02-01T14:55:00.000Z,1.23425,1.2344,1.234,1.23412,747
2023-02-01T15:00:00.000Z,1.23436,1.23442,1.23188,1.23295,1735
2023-02-01T15:05:00.000Z,1.23297,1.23326,1.23204,1.23255,1423
2023-02-01T15:10:00.000Z,1.23254,1.23366,1.2325,1.23307,1385
2023-02-01T15:15:00.000Z,1.23309,1.23309,1.2318,1.23231,1114
2023-02-01T15:20:00.000Z,1.23231,1.23247,1.23177,1.2324,1090
2023-02-01T15:25:00.000Z,1.2324,1.233,1.23201,1.23297,1252
2023-02-01T15:30:00.000Z,1.23299,1.23348,1.23257,1.23337,1232
2023-02-01T15:35:00.000Z,1.23338,1.23349,1.23267,1.23293,1175
2023-02-01T15:40:00.000Z,1.23295,1.2333,1.23224,1.23227,1142
2023-02-01T15:45:00.000Z,1.23224,1.23291,1.23186,1.23248,1252
2023-02-01T15:50:00.000Z,1.23248,1.23276,1.23169,1.2327,1446
2023-02-01T15:55:00.000Z,1.2327,1.23301,1.23217,1.23254,1137
2023-02-01T16:00:00.000Z,1.23253,1.23276,1.232,1.23233,1024
2023-02-01T16:05:00.000Z,1.23234,1.23261,1.23164,1.23185,1010
2023-02-01T16:10:00.000Z,1.23186,1.23218,1.23184,1.23202,882
2023-02-01T16:15:00.000Z,1.23204,1.23205,1.23094,1.23109,733
2023-02-01T16:20:00.000Z,1.23108,1.23189,1.23094,1.23126,770
2023-02-01T16:25:00.000Z,1.23126,1.23137,1.23074,1.23097,762
2023-02-01T16:30:00.000Z,1.23097,1.2312,1.23055,1.23105,738
2023-02-01T16:35:00.000Z,1.23106,1.23123,1.23075,1.23096,557
2023-02-01T16:40:00.000Z,1.23096,1.23102,1.23071,1.23098,581
2023-02-01T16:45:00.000Z,1.23097,1.23098,1.23039,1.23047,705
2023-02-01T16:50:00.000Z,1.23046,1.23053,1.23014,1.23036,700
2023-02-01T16:55:00.000Z,1.23038,1.23104,1.23014,1.23071,716
2023-02-01T17:00:00.000Z,1.23072,1.23119,1.23063,1.2311,822
2023-02-01T17:05:00.000Z,1.23109,1.23119,1.23057,1.23065,679
2023-02-01T17:10:00.000Z,1.23063,1.23094,1.23031,1.23062,500
2023-02-01T17:15:00.000Z,1.23061,1.23104,1.23048,1.23068,410
2023-02-01T17:20:00.000Z,1.23066,1.23104,1.23049,1.23062,769
2023-02-01T17:25:00.000Z,1.2306,1.2307,1.23032,1.23049,595
2023-02-01T17:30:00.000Z,1.23049,1.23058,1.22997,1.2301,463
2023-02-01T17:35:00.000Z,1.23009,1.23012,1.2296,1.22966,477
2023-02-01T17:40:00.000Z,1.22966,1.22974,1.22958,1.22965,523
2023-02-01T17:45:00.000Z,1.22964,1.22982,1.22958,1.22967,421
2023-02-01T17:50:00.000Z,1.22967,1.23003,1.22942,1.22981,538
2023-02-01T17:55:00.000Z,1.22981,1.23023,1.22948,1.23023,562
2023-02-01T18:00:00.000Z,1.23022,1.23045,1.2299,1.23044,614
2023-02-01T18:05:00.000Z,1.23042,1.23087,1.23042,1.23083,536
2023-02-01T18:10:00.000Z,1.23083,1.231,1.23059,1.231,402
2023-02-01T18:15:00.000Z,1.231,1.23112,1.23089,1.23092,485
2023-02-01T18:20:00.000Z,1.23091,1.23109,1.23074,1.23077,604
2023-02-01T18:25:00.000Z,1.23077,1.23097,1.23064,1.23087,619
2023-02-01T18:30:00.000Z,1.23088,1.231,1.23063,1.23076,523
2023-02-01T18:35:00.000Z,1.23077,1.23094,1.23046,1.23093,372
2023-02-01T18:40:00.000Z,1.23094,1.23101,1.2303,1.2305,548
2023-02-01T18:45:00.000Z,1.2305,1.2305,1.22947,1.2296,627
2023-02-01T18:50:00.000Z,1.22959,1.22996,1.22959,1.22994,613
2023-02-01T18:55:00.000Z,1.22994,1.23056,1.22994,1.23011,428
2023-02-01T19:00:00.000Z,1.2301,1.23103,1.22819,1.22848,1676
2023-02-01T19:05:00.000Z,1.22849,1.23047,1.22817,1.23032,1511
2023-02-01T19:10:00.000Z,1.23029,1.23105,1.22991,1.23031,1740
2023-02-01T19:15:00.000Z,1.23031,1.23036,1.22904,1.22951,1459
2023-02-01T19:20:00.000Z,1.22949,1.2301,1.22938,1.22966,1231
2023-02-01T19:25:00.000Z,1.22966,1.22985,1.22911,1.2295,1176
2023-02-01T19:30:00.000Z,1.22952,1.23003,1.22731,1.22899,2084
2023-02-01T19:35:00.000Z,1.22896,1.23312,1.2282,1.23226,2145
2023-02-01T19:40:00.000Z,1.23227,1.23684,1.23219,1.23674,2230
2023-02-01T19:45:00.000Z,1.23676,1.23852,1.2364,1.23706,2237
2023-02-01T19:50:00.000Z,1.23709,1.23844,1.23683,1.23796,2205
2023-02-01T19:55:00.000Z,1.23798,1.23834,1.23624,1.23689,2083
2023-02-01T20:00:00.000Z,1.2369,1.23846,1.23689,1.23813,1864
2023-02-01T20:05:00.000Z,1.23814,1.23938,1.23761,1.23818,1826
2023-02-01T20:10:00.000Z,1.23817,1.23817,1.23638,1.23675,1983
2023-02-01T20:15:00.000Z,1.23674,1.23782,1.23517,1.2375,1858
2023-02-01T20:20:00.000Z,1.2375,1.23752,1.23663,1.23727,1512
2023-02-01T20:25:00.000Z,1.23727,1.23855,1.23725,1.23825,1360
2023-02-01T20:30:00.000Z,1.23826,1.23875,1.238,1.23826,1171
2023-02-01T20:35:00.000Z,1.23825,1.23878,1.23821,1.23847,1291
2023-02-01T20:40:00.000Z,1.23847,1.23894,1.2383,1.23855,1415
2023-02-01T20:45:00.000Z,1.23853,1.23906,1.23762,1.2377,1281
2023-02-01T20:50:00.000Z,1.23768,1.23768,1.23663,1.23682,1225
2023-02-01T20:55:00.000Z,1.23686,1.23756,1.23683,1.23743,1019
2023-02-01T21:00:00.000Z,1.23743,1.23743,1.2369,1.23717,848
2023-02-01T21:05:00.000Z,1.23716,1.23776,1.23713,1.23765,790
2023-02-01T21:10:00.000Z,1.23765,1.23783,1.23753,1.23754,493
2023-02-01T21:15:00.000Z,1.23755,1.2377,1.23745,1.23767,356
2023-02-01T21:20:00.000Z,1.23766,1.23766,1.23733,1.23735,235
2023-02-01T21:25:00.000Z,1.23734,1.23735,1.23691,1.23691,333
2023-02-01T21:30:00.000Z,1.23691,1.2371,1.23684,1.23705,344
2023-02-01T21:35:00.000Z,1.23704,1.23716,1.23693,1.23705,295
2023-02-01T21:40:00.000Z,1.23705,1.23744,1.23703,1.2373,360
2023-02-01T21:45:00.000Z,1.23727,1.23758,1.23714,1.23742,373
2023-02-01T21:50:00.000Z,1.23742,1.23743,1.23709,1.23715,451
2023-02-01T21:55:00.000Z,1.23715,1.23733,1.23709,1.23727,343
2023-02-01T22:00:00.000Z,1.23735,1.23747,1.23722,1.23732,11
2023-02-01T22:05:00.000Z,1.23732,1.23739,1.23732,1.23739,3
2023-02-01T22:15:00.000Z,1.23739,1.23739,1.23734,1.23734,419
2023-02-01T22:20:00.000Z,1.23734,1.23734,1.23715,1.2373,17
2023-02-01T22:25:00.000Z,1.23713,1.2373,1.23713,1.2373,13
2023-02-01T22:30:00.000Z,1.2373,1.2373,1.23703,1.23703,39
2023-02-01T22:35:00.000Z,1.23712,1.23732,1.23703,1.23732,54
2023-02-01T22:40:00.000Z,1.23732,1.23732,1.2372,1.2372,39
2023-02-01T22:45:00.000Z,1.23719,1.23735,1.23719,1.23727,36
2023-02-01T22:50:00.000Z,1.23727,1.23729,1.23727,1.23728,8
2023-02-01T22:55:00.000Z,1.23728,1.23742,1.23728,1.23742,44
2023-02-01T23:00:00.000Z,1.23744,1.23851,1.2373,1.2383,249
2023-02-01T23:05:00.000Z,1.2383,1.23855,1.2383,1.23855,83
2023-02-01T23:10:00.000Z,1.23858,1.24014,1.23858,1.23963,746
2023-02-01T23:15:00.000Z,1.23962,1.24002,1.2395,1.23965,673
2023-02-01T23:20:00.000Z,1.23966,1.23966,1.23898,1.23923,562
2023-02-01T23:25:00.000Z,1.23923,1.23939,1.2389,1.23933,481
2023-02-01T23:30:00.000Z,1.23934,1.23947,1.2388,1.23885,674
2023-02-01T23:35:00.000Z,1.23884,1.23905,1.2383,1.23875,347
2023-02-01T23:40:00.000Z,1.23876,1.23924,1.23874,1.2389,354
2023-02-01T23:45:00.000Z,1.23891,1.23898,1.23842,1.23876,321
2023-02-01T23:50:00.000Z,1.23877,1.23877,1.23854,1.23855,358
2023-02-01T23:55:00.000Z,1.23856,1.23879,1.23844,1.23876,462
2023-02-02T00:00:00.000Z,1.23875,1.23955,1.23873,1.23949,764
2023-02-02T00:05:00.000Z,1.23948,1.23975,1.23922,1.23937,440
2023-02-02T00:10:00.000Z,1.23938,1.23941,1.23896,1.23935,420
2023-02-02T00:15:00.000Z,1.23934,1.23974,1.23913,1.2396,375
2023-02-02T00:20:00.000Z,1.23959,1.23963,1.23931,1.2395,378
2023-02-02T00:25:00.000Z,1.23949,1.23987,1.23946,1.23954,377
2023-02-02T00:30:00.000Z,1.23954,1.24005,1.23954,1.23986,416
2023-02-02T00:35:00.000Z,1.23985,1.23992,1.23931,1.23937,450
2023-02-02T00:40:00.000Z,1.23937,1.23996,1.23928,1.23995,543
2023-02-02T00:45:00.000Z,1.23996,1.24001,1.2398,1.23988,396
2023-02-02T00:50:00.000Z,1.23989,1.24005,1.2396,1.23993,475
2023-02-02T00:55:00.000Z,1.23993,1.23993,1.23939,1.23939,326
2023-02-02T01:00:00.000Z,1.23942,1.23965,1.23933,1.23942,635
2023-02-02T01:05:00.000Z,1.23943,1.23947,1.2391,1.2391,277
2023-02-02T01:10:00.000Z,1.23912,1.23916,1.2382,1.23834,501
2023-02-02T01:15:00.000Z,1.23835,1.23837,1.23812,1.23834,496
2023-02-02T01:20:00.000Z,1.23834,1.2384,1.23795,1.23809,654
2023-02-02T01:25:00.000Z,1.23811,1.23814,1.23776,1.23779,562
2023-02-02T01:30:00.000Z,1.23777,1.23789,1.23718,1.23729,571
2023-02-02T01:35:00.000Z,1.2373,1.23755,1.23713,1.2375,732
2023-02-02T01:40:00.000Z,1.2375,1.23786,1.2374,1.23758,657
2023-02-02T01:45:00.000Z,1.23758,1.23759,1.23706,1.23728,453
2023-02-02T01:50:00.000Z,1.2373,1.23751,1.23711,1.23749,315
2023-02-02T01:55:00.000Z,1.23748,1.23783,1.23747,1.23782,285
2023-02-02T02:00:00.000Z,1.23783,1.23861,1.23766,1.23847,596
2023-02-02T02:05:00.000Z,1.23846,1.2385,1.23811,1.23824,590
2023-02-02T02:10:00.000Z,1.23825,1.2386,1.23819,1.23838,548
2023-02-02T02:15:00.000Z,1.23834,1.23839,1.23799,1.23826,450
2023-02-02T02:20:00.000Z,1.23827,1.23834,1.23803,1.23817,370
2023-02-02T02:25:00.000Z,1.23816,1.23847,1.23812,1.23845,323
2023-02-02T02:30:00.000Z,1.23846,1.23896,1.23842,1.23882,539
2023-02-02T02:35:00.000Z,1.23883,1.23883,1.23849,1.23865,422
2023-02-02T02:40:00.000Z,1.23866,1.23886,1.23855,1.23884,279
2023-02-02T02:45:00.000Z,1.23883,1.23887,1.23866,1.23873,244
2023-02-02T02:50:00.000Z,1.23874,1.23885,1.2386,1.23877,262
2023-02-02T02:55:00.000Z,1.23877,1.23877,1.2385,1.23877,302
2023-02-02T03:00:00.000Z,1.23874,1.2389,1.23867,1.23888,225
2023-02-02T03:05:00.000Z,1.23889,1.23903,1.23889,1.23902,236
2023-02-02T03:10:00.000Z,1.23901,1.23914,1.23885,1.23909,241
2023-02-02T03:15:00.000Z,1.23907,1.23926,1.23901,1.23903,273
2023-02-02T03:20:00.000Z,1.23904,1.23905,1.23881,1.23884,270
2023-02-02T03:25:00.000Z,1.23885,1.23893,1.23873,1.23881,305
2023-02-02T03:30:00.000Z,1.2388,1.23882,1.23842,1.23848,356
2023-02-02T03:35:00.000Z,1.23847,1.23864,1.23844,1.23858,405
2023-02-02T03:40:00.000Z,1.23862,1.23871,1.23853,1.23863,406
2023-02-02T03:45:00.000Z,1.23864,1.23877,1.23859,1.23876,280
2023-02-02T03:50:00.000Z,1.23873,1.23876,1.23832,1.23853,364
2023-02-02T03:55:00.000Z,1.23854,1.23865,1.2385,1.23852,314
2023-02-02T04:00:00.000Z,1.23852,1.23873,1.23837,1.23864,344
2023-02-02T04:05:00.000Z,1.23865,1.23873,1.2385,1.23868,371
2023-02-02T04:10:00.000Z,1.2387,1.23882,1.23859,1.23861,243
2023-02-02T04:15:00.000Z,1.2386,1.23882,1.23854,1.23881,178
2023-02-02T04:20:00.000Z,1.23882,1.23895,1.23876,1.23893,215
2023-02-02T04:25:00.000Z,1.23885,1.23894,1.23876,1.2389,232
2023-02-02T04:30:00.000Z,1.23888,1.23924,1.23869,1.23924,336
2023-02-02T04:35:00.000Z,1.23925,1.23954,1.23922,1.23952,222
2023-02-02T04:40:00.000Z,1.23951,1.23959,1.23942,1.23949,244
2023-02-02T04:45:00.000Z,1.2395,1.23952,1.23942,1.23945,122
2023-02-02T04:50:00.000Z,1.23944,1.23945,1.23911,1.2392,193
2023-02-02T04:55:00.000Z,1.23921,1.23921,1.23897,1.23902,232
2023-02-02T05:00:00.000Z,1.23901,1.23912,1.23882,1.23886,321
2023-02-02T05:05:00.000Z,1.23887,1.23904,1.23872,1.23894,299
2023-02-02T05:10:00.000Z,1.23893,1.23894,1.23874,1.23892,348
2023-02-02T05:15:00.000Z,1.23894,1.23899,1.23871,1.23875,231
2023-02-02T05:20:00.000Z,1.23877,1.23892,1.23869,1.2389,282
2023-02-02T05:25:00.000Z,1.23888,1.23936,1.23886,1.23923,362
2023-02-02T05:30:00.000Z,1.23924,1.23941,1.23901,1.2393,335
2023-02-02T05:35:00.000Z,1.23931,1.23936,1.2392,1.23926,95
2023-02-02T05:40:00.000Z,1.23927,1.23935,1.23922,1.23934,127
2023-02-02T05:45:00.000Z,1.23933,1.23952,1.23922,1.23943,178
2023-02-02T05:50:00.000Z,1.23942,1.23952,1.23914,1.23916,248
2023-02-02T05:55:00.000Z,1.23917,1.23927,1.239,1.23905,388
2023-02-02T06:00:00.000Z,1.23906,1.23972,1.23906,1.23953,377
2023-02-02T06:05:00.000Z,1.23952,1.23968,1.23912,1.23931,342
2023-02-02T06:10:00.000Z,1.2393,1.23946,1.23917,1.23933,486
2023-02-02T06:15:00.000Z,1.23931,1.23962,1.23906,1.23915,384
2023-02-02T06:20:00.000Z,1.23916,1.23936,1.23892,1.23913,481
2023-02-02T06:25:00.000Z,1.23912,1.23935,1.23894,1.23913,484
2023-02-02T06:30:00.000Z,1.23912,1.23916,1.23846,1.23856,664
2023-02-02T06:35:00.000Z,1.23855,1.23884,1.23841,1.23877,318
2023-02-02T06:40:00.000Z,1.23876,1.23886,1.23822,1.23831,412
2023-02-02T06:45:00.000Z,1.23833,1.23896,1.23831,1.23867,293
2023-02-02T06:50:00.000Z,1.23868,1.23869,1.23823,1.23852,351
2023-02-02T06:55:00.000Z,1.23851,1.23863,1.2384,1.23842,401
2023-02-02T07:00:00.000Z,1.23822,1.23892,1.238,1.23891,967
2023-02-02T07:05:00.000Z,1.23891,1.23963,1.23882,1.23933,758
2023-02-02T07:10:00.000Z,1.23932,1.23932,1.23909,1.23925,483
2023-02-02T07:15:00.000Z,1.23923,1.23925,1.23879,1.23892,436
2023-02-02T07:20:00.000Z,1.23891,1.239,1.23852,1.23852,504
2023-02-02T07:25:00.000Z,1.23853,1.23887,1.23837,1.23877,528
2023-02-02T07:30:00.000Z,1.23878,1.23903,1.23869,1.23893,725
2023-02-02T07:35:00.000Z,1.23895,1.23925,1.23847,1.23855,686
2023-02-02T07:40:00.000Z,1.23854,1.23865,1.23771,1.2379,585
2023-02-02T07:45:00.000Z,1.23791,1.23803,1.23744,1.23761,658
2023-02-02T07:50:00.000Z,1.23763,1.23791,1.23739,1.23741,637
2023-02-02T07:55:00.000Z,1.23739,1.23757,1.2372,1.23732,459
2023-02-02T08:00:00.000Z,1.23732,1.23819,1.23732,1.23752,898
2023-02-02T08:05:00.000Z,1.23753,1.23853,1.23749,1.23852,761
2023-02-02T08:10:00.000Z,1.23853,1.23914,1.23804,1.23902,761
2023-02-02T08:15:00.000Z,1.23904,1.23932,1.23872,1.23912,666
2023-02-02T08:20:00.000Z,1.23912,1.23912,1.23866,1.23893,545
2023-02-02T08:25:00.000Z,1.23894,1.23934,1.23857,1.23889,673
2023-02-02T08:30:00.000Z,1.2389,1.2393,1.23798,1.23821,884
2023-02-02T08:35:00.000Z,1.23819,1.2384,1.23739,1.2376,1008
2023-02-02T08:40:00.000Z,1.2376,1.23784,1.23717,1.23726,721
2023-02-02T08:45:00.000Z,1.23725,1.23737,1.23665,1.23668,751
2023-02-02T08:50:00.000Z,1.23669,1.23701,1.23602,1.23661,920
2023-02-02T08:55:00.000Z,1.23658,1.23718,1.23636,1.23705,862
2023-02-02T09:00:00.000Z,1.23706,1.23742,1.23704,1.23714,708
2023-02-02T09:05:00.000Z,1.23713,1.23722,1.23636,1.23642,797
2023-02-02T09:10:00.000Z,1.23641,1.23683,1.23579,1.23582,951
2023-02-02T09:15:00.000Z,1.23582,1.23619,1.2352,1.23533,809
2023-02-02T09:20:00.000Z,1.23535,1.23562,1.23514,1.23535,720
2023-02-02T09:25:00.000Z,1.23535,1.23538,1.23383,1.23392,996
2023-02-02T09:30:00.000Z,1.23394,1.23407,1.23352,1.23386,921
2023-02-02T09:35:00.000Z,1.23385,1.23407,1.23312,1.23359,882
2023-02-02T09:40:00.000Z,1.23358,1.23388,1.23323,1.23384,577
2023-02-02T09:45:00.000Z,1.23383,1.23417,1.23339,1.23415,669
2023-02-02T09:50:00.000Z,1.23416,1.23418,1.23352,1.23368,667
2023-02-02T09:55:00.000Z,1.23367,1.23458,1.23353,1.23445,704
2023-02-02T10:00:00.000Z,1.23447,1.23463,1.23355,1.23374,883
2023-02-02T10:05:00.000Z,1.23375,1.23388,1.23325,1.23363,791
2023-02-02T10:10:00.000Z,1.23363,1.23396,1.23327,1.23342,954
2023-02-02T10:15:00.000Z,1.23342,1.23373,1.23315,1.23347,706
2023-02-02T10:20:00.000Z,1.23349,1.23388,1.23314,1.23335,753
2023-02-02T10:25:00.000Z,1.23333,1.23345,1.23266,1.23273,724
2023-02-02T10:30:00.000Z,1.23273,1.23273,1.23184,1.23194,696
2023-02-02T10:35:00.000Z,1.23193,1.23228,1.23154,1.23206,661
2023-02-02T10:40:00.000Z,1.23207,1.23301,1.23202,1.2328,609
2023-02-02T10:45:00.000Z,1.23279,1.23279,1.23145,1.23159,650
2023-02-02T10:50:00.000Z,1.23158,1.23175,1.23105,1.23126,612
2023-02-02T10:55:00.000Z,1.23126,1.23159,1.23116,1.23158,517
2023-02-02T11:00:00.000Z,1.2316,1.23179,1.23113,1.23147,656
2023-02-02T11:05:00.000Z,1.23147,1.23156,1.23114,1.23125,533
2023-02-02T11:10:00.000Z,1.23126,1.23247,1.23124,1.23245,610
2023-02-02T11:15:00.000Z,1.23245,1.23281,1.23228,1.23237,546
2023-02-02T11:20:00.000Z,1.23241,1.23257,1.23188,1.23218,540
2023-02-02T11:25:00.000Z,1.2322,1.23247,1.23188,1.23246,609
2023-02-02T11:30:00.000Z,1.23248,1.23278,1.23191,1.23206,552
2023-02-02T11:35:00.000Z,1.23206,1.23255,1.23205,1.23231,607
2023-02-02T11:40:00.000Z,1.23232,1.23248,1.23208,1.23214,565
2023-02-02T11:45:00.000Z,1.23217,1.23293,1.23196,1.23287,658
2023-02-02T11:50:00.000Z,1.23288,1.23318,1.23234,1.23288,733
2023-02-02T11:55:00.000Z,1.23289,1.23398,1.2328,1.23318,784
2023-02-02T12:00:00.000Z,1.23323,1.23913,1.23201,1.23502,1856
2023-02-02T12:05:00.000Z,1.23503,1.23503,1.23077,1.23091,1371
2023-02-02T12:10:00.000Z,1.23092,1.23194,1.2304,1.23108,1472
2023-02-02T12:15:00.000Z,1.2311,1.23115,1.22797,1.22889,1402
2023-02-02T12:20:00.000Z,1.22888,1.22981,1.22812,1.22916,1128
2023-02-02T12:25:00.000Z,1.22915,1.23007,1.22869,1.22943,934
2023-02-02T12:30:00.000Z,1.22943,1.23209,1.22923,1.23164,1405
2023-02-02T12:35:00.000Z,1.23165,1.23204,1.23097,1.23131,1215
2023-02-02T12:40:00.000Z,1.23132,1.23183,1.22875,1.22882,1296
2023-02-02T12:45:00.000Z,1.22883,1.22893,1.22647,1.22784,1622
2023-02-02T12:50:00.000Z,1.22783,1.22916,1.22729,1.22845,953
2023-02-02T12:55:00.000Z,1.22845,1.22936,1.2278,1.22921,1011
2023-02-02T13:00:00.000Z,1.22922,1.23042,1.22892,1.22974,1214
2023-02-02T13:05:00.000Z,1.22974,1.23054,1.2296,1.23003,1057
2023-02-02T13:10:00.000Z,1.23002,1.23104,1.23001,1.23078,811
2023-02-02T13:15:00.000Z,1.23074,1.23186,1.22971,1.23032,1679
2023-02-02T13:20:00.000Z,1.23037,1.23259,1.2301,1.23238,1507
2023-02-02T13:25:00.000Z,1.23232,1.23272,1.23117,1.23122,1471
2023-02-02T13:30:00.000Z,1.23125,1.23223,1.231,1.2322,1499
2023-02-02T13:35:00.000Z,1.2322,1.23266,1.23181,1.23181,1307
2023-02-02T13:40:00.000Z,1.23179,1.23225,1.23083,1.23117,1385
2023-02-02T13:45:00.000Z,1.23117,1.23142,1.23061,1.23116,1640
2023-02-02T13:50:00.000Z,1.23117,1.23117,1.23,1.23041,1557
2023-02-02T13:55:00.000Z,1.2304,1.23143,1.23008,1.23011,1519
2023-02-02T14:00:00.000Z,1.23013,1.23066,1.22906,1.23056,1691
2023-02-02T14:05:00.000Z,1.23053,1.23215,1.23013,1.23162,1704
2023-02-02T14:10:00.000Z,1.23167,1.23174,1.23064,1.23118,1524
2023-02-02T14:15:00.000Z,1.2312,1.23261,1.23104,1.23236,1305
2023-02-02T14:20:00.000Z,1.23238,1.23238,1.23112,1.2316,1207
2023-02-02T14:25:00.000Z,1.2316,1.23255,1.2316,1.23168,1321
2023-02-02T14:30:00.000Z,1.2317,1.23234,1.23087,1.23112,1691
2023-02-02T14:35:00.000Z,1.23111,1.23128,1.22901,1.22933,1748
2023-02-02T14:40:00.000Z,1.22931,1.22931,1.22852,1.22861,1653
2023-02-02T14:45:00.000Z,1.22861,1.22968,1.22805,1.22947,1413
2023-02-02T14:50:00.000Z,1.22945,1.2296,1.22798,1.22908,1619
2023-02-02T14:55:00.000Z,1.22908,1.22908,1.22687,1.22732,1312
2023-02-02T15:00:00.000Z,1.22729,1.22846,1.22656,1.22656,1525
2023-02-02T15:05:00.000Z,1.22657,1.22698,1.22447,1.22458,1515
2023-02-02T15:10:00.000Z,1.22456,1.22489,1.22392,1.2246,1530
2023-02-02T15:15:00.000Z,1.2246,1.22742,1.2243,1.22738,1439
2023-02-02T15:20:00.000Z,1.22737,1.22795,1.22667,1.22775,1378
2023-02-02T15:25:00.000Z,1.22774,1.22887,1.22735,1.22756,1111
2023-02-02T15:30:00.000Z,1.22756,1.22951,1.22738,1.22949,1387
2023-02-02T15:35:00.000Z,1.22949,1.22971,1.22914,1.22953,1128
2023-02-02T15:40:00.000Z,1.22953,1.23003,1.22879,1.22906,1174
2023-02-02T15:45:00.000Z,1.22906,1.22916,1.22854,1.22894,1133
2023-02-02T15:50:00.000Z,1.22895,1.22981,1.22879,1.22974,1411
2023-02-02T15:55:00.000Z,1.22974,1.22984,1.22886,1.22926,1154
2023-02-02T16:00:00.000Z,1.22925,1.23,1.22904,1.22989,1352
2023-02-02T16:05:00.000Z,1.2299,1.23005,1.22896,1.22968,1006
2023-02-02T16:10:00.000Z,1.22969,1.22977,1.22883,1.22926,983
2023-02-02T16:15:00.000Z,1.22927,1.22953,1.2276,1.22761,968
2023-02-02T16:20:00.000Z,1.22761,1.22856,1.22728,1.22847,959
2023-02-02T16:25:00.000Z,1.22845,1.22861,1.22686,1.22726,966
2023-02-02T16:30:00.000Z,1.22725,1.22744,1.22601,1.22615,975
2023-02-02T16:35:00.000Z,1.22615,1.22626,1.22544,1.22559,1046
2023-02-02T16:40:00.000Z,1.22559,1.22568,1.22475,1.22476,1087
2023-02-02T16:45:00.000Z,1.22476,1.22544,1.22447,1.22523,827
2023-02-02T16:50:00.000Z,1.22524,1.22547,1.22494,1.22524,981
2023-02-02T16:55:00.000Z,1.22524,1.22622,1.22524,1.22586,919
2023-02-02T17:00:00.000Z,1.22585,1.22658,1.22535,1.22606,1104
2023-02-02T17:05:00.000Z,1.22606,1.22645,1.22588,1.226,690
2023-02-02T17:10:00.000Z,1.22599,1.22635,1.22594,1.22635,816
2023-02-02T17:15:00.000Z,1.22635,1.22638,1.2251,1.22513,686
2023-02-02T17:20:00.000Z,1.22514,1.22609,1.2248,1.22605,776
2023-02-02T17:25:00.000Z,1.22604,1.22607,1.22575,1.226,602
2023-02-02T17:30:00.000Z,1.22603,1.2264,1.22573,1.22586,679
2023-02-02T17:35:00.000Z,1.22585,1.22615,1.22534,1.2256,711
2023-02-02T17:40:00.000Z,1.2256,1.2256,1.22443,1.22456,919
2023-02-02T17:45:00.000Z,1.22459,1.22462,1.22402,1.22406,809
2023-02-02T17:50:00.000Z,1.22406,1.22423,1.22315,1.22323,857
2023-02-02T17:55:00.000Z,1.22324,1.22445,1.22322,1.22438,757
2023-02-02T18:00:00.000Z,1.22441,1.22505,1.22419,1.22467,806
2023-02-02T18:05:00.000Z,1.22467,1.2248,1.22415,1.22415,734
2023-02-02T18:10:00.000Z,1.22416,1.22437,1.22386,1.22419,680
2023-02-02T18:15:00.000Z,1.22418,1.22443,1.22375,1.22441,569
2023-02-02T18:20:00.000Z,1.2244,1.22466,1.22425,1.22435,822
2023-02-02T18:25:00.000Z,1.22436,1.22472,1.22427,1.22457,670
2023-02-02T18:30:00.000Z,1.22457,1.22547,1.22453,1.22542,828
2023-02-02T18:35:00.000Z,1.22542,1.22548,1.22464,1.22477,706
2023-02-02T18:40:00.000Z,1.22477,1.22522,1.22475,1.22503,719
2023-02-02T18:45:00.000Z,1.22502,1.22511,1.22431,1.22437,542
2023-02-02T18:50:00.000Z,1.22438,1.22462,1.22432,1.22449,681
2023-02-02T18:55:00.000Z,1.22449,1.22515,1.22421,1.22511,739
2023-02-02T19:00:00.000Z,1.22511,1.22539,1.22469,1.22484,855
2023-02-02T19:05:00.000Z,1.22485,1.22506,1.22477,1.2249,581
2023-02-02T19:10:00.000Z,1.22489,1.22494,1.22406,1.22428,1024
2023-02-02T19:15:00.000Z,1.22428,1.22452,1.22405,1.22431,838
2023-02-02T19:20:00.000Z,1.22434,1.22441,1.22388,1.22397,950
2023-02-02T19:25:00.000Z,1.22398,1.22443,1.22397,1.22421,1059
2023-02-02T19:30:00.000Z,1.22422,1.22444,1.22382,1.2241,922
2023-02-02T19:35:00.000Z,1.2241,1.2245,1.22388,1.22418,842
2023-02-02T19:40:00.000Z,1.22418,1.22428,1.22378,1.22391,1133
2023-02-02T19:45:00.000Z,1.2239,1.22393,1.22305,1.22327,870
2023-02-02T19:50:00.000Z,1.22328,1.22341,1.22306,1.22321,1009
2023-02-02T19:55:00.000Z,1.22322,1.22327,1.22292,1.22318,858
2023-02-02T20:00:00.000Z,1.22319,1.22343,1.22299,1.22321,950
2023-02-02T20:05:00.000Z,1.22321,1.22362,1.22293,1.22324,1205
2023-02-02T20:10:00.000Z,1.22323,1.22352,1.22306,1.22317,938
2023-02-02T20:15:00.000Z,1.22316,1.22329,1.2229,1.22328,863
2023-02-02T20:20:00.000Z,1.22326,1.2236,1.22315,1.2236,858
2023-02-02T20:25:00.000Z,1.22359,1.22379,1.22305,1.22306,856
2023-02-02T20:30:00.000Z,1.22306,1.22378,1.22304,1.22373,709
2023-02-02T20:35:00.000Z,1.22375,1.22416,1.22367,1.22382,626
2023-02-02T20:40:00.000Z,1.22383,1.22396,1.22363,1.22368,804
2023-02-02T20:45:00.000Z,1.22368,1.22393,1.22337,1.22378,743
2023-02-02T20:50:00.000Z,1.2239,1.22422,1.22359,1.2239,882
2023-02-02T20:55:00.000Z,1.2239,1.22401,1.22359,1.22382,788
2023-02-02T21:00:00.000Z,1.22382,1.22423,1.22348,1.22367,1227
2023-02-02T21:05:00.000Z,1.2237,1.22372,1.22319,1.22325,921
2023-02-02T21:10:00.000Z,1.22325,1.22335,1.22299,1.22306,749
2023-02-02T21:15:00.000Z,1.22306,1.22333,1.223,1.22318,590
2023-02-02T21:20:00.000Z,1.22318,1.22337,1.22276,1.22332,536
2023-02-02T21:25:00.000Z,1.22333,1.22349,1.22312,1.22318,605
2023-02-02T21:30:00.000Z,1.22316,1.22328,1.22262,1.22293,1074
2023-02-02T21:35:00.000Z,1.22296,1.22316,1.22285,1.22298,571
2023-02-02T21:40:00.000Z,1.22298,1.22321,1.22296,1.22303,431
2023-02-02T21:45:00.000Z,1.22306,1.22312,1.22281,1.22284,327
2023-02-02T21:50:00.000Z,1.22285,1.22297,1.22231,1.22237,366
2023-02-02T21:55:00.000Z,1.22238,1.22246,1.22222,1.22236,331
2023-02-02T22:00:00.000Z,1.22237,1.2227,1.22235,1.2225,43
2023-02-02T22:05:00.000Z,1.22257,1.22257,1.22236,1.22243,17
2023-02-02T22:10:00.000Z,1.22264,1.22266,1.22243,1.22243,11
2023-02-02T22:15:00.000Z,1.22247,1.22277,1.22247,1.22259,38
2023-02-02T22:25:00.000Z,1.22234,1.22259,1.22233,1.22259,5
2023-02-02T22:30:00.000Z,1.22267,1.22269,1.2226,1.2226,14
2023-02-02T22:35:00.000Z,1.22261,1.22261,1.22261,1.22261,15
2023-02-02T22:40:00.000Z,1.22261,1.22261,1.22261,1.22261,25
2023-02-02T22:45:00.000Z,1.2226,1.22269,1.2226,1.22261,32
2023-02-02T22:55:00.000Z,1.22262,1.22269,1.22262,1.22269,14
2023-02-02T23:00:00.000Z,1.22267,1.22292,1.22259,1.2229,171
2023-02-02T23:05:00.000Z,1.22294,1.22296,1.2226,1.22272,94
2023-02-02T23:10:00.000Z,1.22271,1.22274,1.22249,1.22262,141
2023-02-02T23:15:00.000Z,1.22262,1.22262,1.22233,1.22249,359
2023-02-02T23:20:00.000Z,1.2225,1.22257,1.22242,1.22252,469
2023-02-02T23:25:00.000Z,1.22252,1.22259,1.22228,1.22247,411
2023-02-02T23:30:00.000Z,1.22246,1.22265,1.22214,1.22235,358
2023-02-02T23:35:00.000Z,1.22235,1.22256,1.22228,1.22231,298
2023-02-02T23:40:00.000Z,1.22232,1.22238,1.22196,1.22222,411
2023-02-02T23:45:00.000Z,1.2222,1.2223,1.22212,1.22225,204
2023-02-02T23:50:00.000Z,1.22224,1.2223,1.22222,1.22226,91
2023-02-02T23:55:00.000Z,1.22225,1.22225,1.22209,1.22209,192
2023-02-03T00:00:00.000Z,1.22208,1.22211,1.22115,1.22152,519
2023-02-03T00:05:00.000Z,1.22151,1.22161,1.22081,1.22109,520
2023-02-03T00:10:00.000Z,1.2211,1.22114,1.22057,1.22068,510
2023-02-03T00:15:00.000Z,1.22077,1.22106,1.22058,1.22105,384
2023-02-03T00:20:00.000Z,1.22103,1.2214,1.221,1.22135,287
2023-02-03T00:25:00.000Z,1.22134,1.2217,1.22119,1.22149,256
2023-02-03T00:30:00.000Z,1.22149,1.22149,1.22115,1.22131,495
2023-02-03T00:35:00.000Z,1.2213,1.2215,1.2212,1.22136,387
2023-02-03T00:40:00.000Z,1.22137,1.22151,1.22104,1.22108,289
2023-02-03T00:45:00.000Z,1.22109,1.22111,1.22087,1.22092,251
2023-02-03T00:50:00.000Z,1.22092,1.221,1.22049,1.22094,520
2023-02-03T00:55:00.000Z,1.22093,1.22118,1.2208,1.22114,643
2023-02-03T01:00:00.000Z,1.22112,1.22139,1.22099,1.22115,657
2023-02-03T01:05:00.000Z,1.22116,1.22162,1.22114,1.22161,580
2023-02-03T01:10:00.000Z,1.22162,1.22162,1.2213,1.22141,418
2023-02-03T01:15:00.000Z,1.2214,1.22176,1.2214,1.22163,581
2023-02-03T01:20:00.000Z,1.22162,1.22164,1.22137,1.22148,635
2023-02-03T01:25:00.000Z,1.22149,1.22168,1.22147,1.22148,371
2023-02-03T01:30:00.000Z,1.22149,1.22165,1.22098,1.22119,402
2023-02-03T01:35:00.000Z,1.2212,1.22157,1.22119,1.22146,383
2023-02-03T01:40:00.000Z,1.22145,1.22177,1.22137,1.22162,418
2023-02-03T01:45:00.000Z,1.2216,1.22181,1.22159,1.22171,347
2023-02-03T01:50:00.000Z,1.2217,1.22184,1.22158,1.22178,312
2023-02-03T01:55:00.000Z,1.22179,1.2219,1.22172,1.2218,264
2023-02-03T02:00:00.000Z,1.22181,1.22196,1.22169,1.22171,355
2023-02-03T02:05:00.000Z,1.2217,1.22176,1.22119,1.2212,273
2023-02-03T02:10:00.000Z,1.22119,1.22134,1.2207,1.22077,486
2023-02-03T02:15:00.000Z,1.22078,1.2209,1.22059,1.22071,352
2023-02-03T02:20:00.000Z,1.22078,1.22102,1.22071,1.22093,423
2023-02-03T02:25:00.000Z,1.22091,1.22094,1.22023,1.22029,317
2023-02-03T02:30:00.000Z,1.22032,1.22084,1.2203,1.22074,649
2023-02-03T02:35:00.000Z,1.22073,1.22086,1.22041,1.2206,393
2023-02-03T02:40:00.000Z,1.22059,1.22078,1.22048,1.22062,533
2023-02-03T02:45:00.000Z,1.22064,1.2207,1.22025,1.22027,470
2023-02-03T02:50:00.000Z,1.22028,1.22055,1.22026,1.22053,417
2023-02-03T02:55:00.000Z,1.22052,1.2207,1.22046,1.22066,414
2023-02-03T03:00:00.000Z,1.22063,1.2209,1.22052,1.22083,331
2023-02-03T03:05:00.000Z,1.22082,1.22132,1.22079,1.22114,303
2023-02-03T03:10:00.000Z,1.22115,1.22125,1.22099,1.22109,229
2023-02-03T03:15:00.000Z,1.22107,1.22118,1.22106,1.22116,345
2023-02-03T03:20:00.000Z,1.22115,1.22121,1.22089,1.2209,334
2023-02-03T03:25:00.000Z,1.22089,1.22092,1.22056,1.22068,399
2023-02-03T03:30:00.000Z,1.22067,1.22117,1.22066,1.22109,298
2023-02-03T03:35:00.000Z,1.2211,1.22115,1.22096,1.22099,245
2023-02-03T03:40:00.000Z,1.221,1.221,1.2208,1.22097,315
2023-02-03T03:45:00.000Z,1.22096,1.22122,1.22092,1.2212,357
2023-02-03T03:50:00.000Z,1.22121,1.2213,1.22111,1.22118,266
2023-02-03T03:55:00.000Z,1.22118,1.22128,1.22113,1.22128,297
2023-02-03T04:00:00.000Z,1.22127,1.22138,1.22093,1.22093,367
2023-02-03T04:05:00.000Z,1.22092,1.221,1.22068,1.2209,279
2023-02-03T04:10:00.000Z,1.22089,1.2212,1.22088,1.2211,274
2023-02-03T04:15:00.000Z,1.22111,1.22139,1.22111,1.2213,368
2023-02-03T04:20:00.000Z,1.22131,1.22132,1.22111,1.22118,215
2023-02-03T04:25:00.000Z,1.22118,1.22118,1.22089,1.22102,322
2023-02-03T04:30:00.000Z,1.22101,1.2212,1.22098,1.22104,224
2023-02-03T04:35:00.000Z,1.22105,1.22114,1.22099,1.22111,162
2023-02-03T04:40:00.000Z,1.2211,1.22126,1.22108,1.22125,163
2023-02-03T04:45:00.000Z,1.22126,1.22133,1.22115,1.22123,129
2023-02-03T04:50:00.000Z,1.22122,1.22123,1.22107,1.22118,244
2023-02-03T04:55:00.000Z,1.22117,1.22124,1.22095,1.22108,255
2023-02-03T05:00:00.000Z,1.22107,1.22108,1.22081,1.22089,268
2023-02-03T05:05:00.000Z,1.2209,1.2212,1.22085,1.22117,315
2023-02-03T05:10:00.000Z,1.22118,1.22141,1.22112,1.22134,237
2023-02-03T05:15:00.000Z,1.22135,1.22144,1.2213,1.22136,220
2023-02-03T05:20:00.000Z,1.22137,1.22152,1.22129,1.2215,320
2023-02-03T05:25:00.000Z,1.22151,1.22163,1.2214,1.22142,304
2023-02-03T05:30:00.000Z,1.22141,1.22173,1.22141,1.22172,190
2023-02-03T05:35:00.000Z,1.22173,1.22197,1.22168,1.22178,290
2023-02-03T05:40:00.000Z,1.22179,1.22182,1.22149,1.22159,274
2023-02-03T05:45:00.000Z,1.22157,1.22186,1.22153,1.22186,338
2023-02-03T05:50:00.000Z,1.22185,1.22188,1.22142,1.22145,260
2023-02-03T05:55:00.000Z,1.22144,1.22145,1.22108,1.22136,367
2023-02-03T06:00:00.000Z,1.22135,1.22162,1.22128,1.22136,303
2023-02-03T06:05:00.000Z,1.22156,1.22191,1.22156,1.2217,236
2023-02-03T06:10:00.000Z,1.22169,1.22179,1.22159,1.22161,221
2023-02-03T06:15:00.000Z,1.22161,1.22161,1.22139,1.2215,195
2023-02-03T06:20:00.000Z,1.22151,1.22173,1.2215,1.22172,321
2023-02-03T06:25:00.000Z,1.22173,1.22175,1.22158,1.22164,283
2023-02-03T06:30:00.000Z,1.22165,1.22181,1.22164,1.22173,316
2023-02-03T06:35:00.000Z,1.22172,1.22202,1.22171,1.22198,426
2023-02-03T06:40:00.000Z,1.22197,1.22234,1.22179,1.22231,612
2023-02-03T06:45:00.000Z,1.2223,1.22232,1.22202,1.22219,359
2023-02-03T06:50:00.000Z,1.22219,1.2224,1.22201,1.22229,361
2023-02-03T06:55:00.000Z,1.2223,1.22233,1.2221,1.22214,367
2023-02-03T07:00:00.000Z,1.22205,1.22209,1.22126,1.22148,540
2023-02-03T07:05:00.000Z,1.22146,1.22155,1.22096,1.22122,486
2023-02-03T07:10:00.000Z,1.22126,1.22198,1.22126,1.22186,443
2023-02-03T07:15:00.000Z,1.22185,1.22222,1.22167,1.2219,710
2023-02-03T07:20:00.000Z,1.22191,1.22197,1.22114,1.22131,640
2023-02-03T07:25:00.000Z,1.22133,1.22141,1.21967,1.21967,738
2023-02-03T07:30:00.000Z,1.21964,1.21964,1.21859,1.21883,1044
2023-02-03T07:35:00.000Z,1.21883,1.21915,1.21859,1.21913,978
2023-02-03T07:40:00.000Z,1.2191,1.22003,1.21909,1.21969,761
2023-02-03T07:45:00.000Z,1.21969,1.22007,1.21948,1.21965,659
2023-02-03T07:50:00.000Z,1.21964,1.22027,1.21926,1.21946,767
2023-02-03T07:55:00.000Z,1.21946,1.21985,1.21848,1.21984,758
2023-02-03T08:00:00.000Z,1.21987,1.21993,1.21894,1.21924,1108
2023-02-03T08:05:00.000Z,1.21923,1.21965,1.21907,1.21939,940
2023-02-03T08:10:00.000Z,1.21939,1.21967,1.21858,1.21889,934
2023-02-03T08:15:00.000Z,1.21892,1.21921,1.21875,1.21893,712
2023-02-03T08:20:00.000Z,1.21892,1.2193,1.21833,1.21834,927
2023-02-03T08:25:00.000Z,1.21834,1.21923,1.21831,1.21919,692
2023-02-03T08:30:00.000Z,1.2192,1.21941,1.2187,1.2191,743
2023-02-03T08:35:00.000Z,1.21911,1.21984,1.21911,1.21983,637
2023-02-03T08:40:00.000Z,1.21982,1.22018,1.21949,1.21952,552
2023-02-03T08:45:00.000Z,1.21951,1.21981,1.21917,1.2193,521
2023-02-03T08:50:00.000Z,1.21936,1.21942,1.21887,1.21902,556
2023-02-03T08:55:00.000Z,1.21901,1.21983,1.21899,1.21961,708
2023-02-03T09:00:00.000Z,1.21963,1.21975,1.21882,1.21883,873
2023-02-03T09:05:00.000Z,1.21883,1.21974,1.21881,1.2196,570
2023-02-03T09:10:00.000Z,1.2196,1.22091,1.21952,1.22042,912
2023-02-03T09:15:00.000Z,1.22041,1.2214,1.2202,1.22124,621
2023-02-03T09:20:00.000Z,1.22124,1.22176,1.2212,1.22172,663
2023-02-03T09:25:00.000Z,1.22171,1.22171,1.221,1.2216,622
2023-02-03T09:30:00.000Z,1.22165,1.22214,1.22158,1.22203,834
2023-02-03T09:35:00.000Z,1.22204,1.22344,1.22201,1.22334,799
2023-02-03T09:40:00.000Z,1.22334,1.22336,1.22264,1.22321,705
2023-02-03T09:45:00.000Z,1.22322,1.22382,1.22322,1.2234,667
2023-02-03T09:50:00.000Z,1.2234,1.22423,1.22328,1.22379,557
2023-02-03T09:55:00.000Z,1.2238,1.22521,1.22378,1.22462,645
2023-02-03T10:00:00.000Z,1.22459,1.2253,1.22429,1.2245,880
2023-02-03T10:05:00.000Z,1.22449,1.22455,1.22344,1.22351,660
2023-02-03T10:10:00.000Z,1.2235,1.22387,1.22306,1.2232,509
2023-02-03T10:15:00.000Z,1.22321,1.22414,1.22288,1.2238,506
2023-02-03T10:20:00.000Z,1.22384,1.22419,1.22352,1.22418,568
2023-02-03T10:25:00.000Z,1.2242,1.22432,1.22387,1.22404,562
2023-02-03T10:30:00.000Z,1.22403,1.22482,1.22403,1.2248,672
2023-02-03T10:35:00.000Z,1.2248,1.22512,1.2246,1.22512,532
2023-02-03T10:40:00.000Z,1.22511,1.22538,1.2247,1.22536,544
2023-02-03T10:45:00.000Z,1.22538,1.22612,1.22531,1.22604,471
2023-02-03T10:50:00.000Z,1.22608,1.22645,1.22563,1.22642,786
2023-02-03T10:55:00.000Z,1.22641,1.22655,1.22557,1.22565,530
2023-02-03T11:00:00.000Z,1.22564,1.22608,1.22501,1.22504,789
2023-02-03T11:05:00.000Z,1.22506,1.22524,1.2246,1.2251,591
2023-02-03T11:10:00.000Z,1.22511,1.22585,1.22502,1.22559,898
2023-02-03T11:15:00.000Z,1.2256,1.22589,1.22548,1.22564,621
2023-02-03T11:20:00.000Z,1.22564,1.22573,1.22509,1.2251,589
2023-02-03T11:25:00.000Z,1.22511,1.22584,1.2251,1.22567,602
2023-02-03T11:30:00.000Z,1.22569,1.22645,1.22569,1.22624,653
2023-02-03T11:35:00.000Z,1.22623,1.22629,1.22569,1.2258,524
2023-02-03T11:40:00.000Z,1.22579,1.22623,1.22579,1.22602,370
2023-02-03T11:45:00.000Z,1.22601,1.22624,1.22539,1.22541,581
2023-02-03T11:50:00.000Z,1.22541,1.22594,1.22541,1.2258,631
2023-02-03T11:55:00.000Z,1.22581,1.22599,1.2254,1.22593,540
2023-02-03T12:00:00.000Z,1.22592,1.22637,1.22551,1.22604,864
2023-02-03T12:05:00.000Z,1.22603,1.22628,1.22561,1.22612,455
2023-02-03T12:10:00.000Z,1.22613,1.22621,1.22553,1.22578,591
2023-02-03T12:15:00.000Z,1.22579,1.22614,1.22549,1.22561,487
2023-02-03T12:20:00.000Z,1.22561,1.22623,1.22539,1.2262,500
2023-02-03T12:25:00.000Z,1.22621,1.22623,1.22551,1.22592,495
2023-02-03T12:30:00.000Z,1.22591,1.22614,1.2257,1.22571,459
2023-02-03T12:35:00.000Z,1.22572,1.22603,1.22566,1.22583,571
2023-02-03T12:40:00.000Z,1.22584,1.22595,1.22509,1.22524,629
2023-02-03T12:45:00.000Z,1.22524,1.22536,1.22458,1.22469,640
2023-02-03T12:50:00.000Z,1.22468,1.22518,1.22468,1.22499,661
2023-02-03T12:55:00.000Z,1.22498,1.22513,1.22451,1.22453,567
2023-02-03T13:00:00.000Z,1.22453,1.22517,1.22446,1.22517,740
2023-02-03T13:05:00.000Z,1.22517,1.22601,1.22517,1.22549,618
2023-02-03T13:10:00.000Z,1.22548,1.2257,1.22512,1.2254,885
2023-02-03T13:15:00.000Z,1.22542,1.22542,1.2246,1.22466,778
2023-02-03T13:20:00.000Z,1.22467,1.22483,1.22366,1.22398,901
2023-02-03T13:25:00.000Z,1.22398,1.22414,1.22363,1.22401,1003
2023-02-03T13:30:00.000Z,1.22401,1.22403,1.21484,1.21672,2297
2023-02-03T13:35:00.000Z,1.21671,1.21671,1.21454,1.2146,2253
2023-02-03T13:40:00.000Z,1.21464,1.21505,1.212,1.21221,2093
2023-02-03T13:45:00.000Z,1.2122,1.21269,1.21011,1.21064,2002
2023-02-03T13:50:00.000Z,1.21064,1.21309,1.2103,1.21309,1874
2023-02-03T13:55:00.000Z,1.21309,1.21356,1.21217,1.21276,1603
2023-02-03T14:00:00.000Z,1.21276,1.21319,1.2119,1.21303,1545
2023-02-03T14:05:00.000Z,1.21303,1.21306,1.21167,1.21242,1573
2023-02-03T14:10:00.000Z,1.21244,1.21292,1.21195,1.21219,1602
2023-02-03T14:15:00.000Z,1.21218,1.21264,1.21136,1.21187,1511
2023-02-03T14:20:00.000Z,1.21185,1.21276,1.21162,1.21266,1348
2023-02-03T14:25:00.000Z,1.21265,1.21268,1.21124,1.21155,1309
2023-02-03T14:30:00.000Z,1.21156,1.21285,1.21124,1.21247,1774
2023-02-03T14:35:00.000Z,1.21248,1.21402,1.21221,1.21384,1563
2023-02-03T14:40:00.000Z,1.21387,1.21452,1.21353,1.2137,1359
2023-02-03T14:45:00.000Z,1.21372,1.21476,1.21294,1.21349,1616
2023-02-03T14:50:00.000Z,1.21349,1.21385,1.21297,1.21315,1568
2023-02-03T14:55:00.000Z,1.21313,1.21387,1.21293,1.21331,1136
2023-02-03T15:00:00.000Z,1.21325,1.21325,1.20743,1.20791,2102
2023-02-03T15:05:00.000Z,1.20792,1.20823,1.20646,1.20705,2016
2023-02-03T15:10:00.000Z,1.20705,1.21041,1.20624,1.2104,1795
2023-02-03T15:15:00.000Z,1.21039,1.21247,1.21003,1.21096,1839
2023-02-03T15:20:00.000Z,1.21101,1.21229,1.21098,1.21229,1605
2023-02-03T15:25:00.000Z,1.2123,1.21291,1.21128,1.21128,1675
2023-02-03T15:30:00.000Z,1.21129,1.21174,1.21018,1.21149,1714
2023-02-03T15:35:00.000Z,1.21149,1.21271,1.21107,1.21225,1417
2023-02-03T15:40:00.000Z,1.21223,1.21253,1.21099,1.21133,1527
2023-02-03T15:45:00.000Z,1.21141,1.21242,1.21083,1.21131,1631
2023-02-03T15:50:00.000Z,1.21129,1.21129,1.20942,1.20973,1563
2023-02-03T15:55:00.000Z,1.20975,1.21104,1.20936,1.21046,1318
2023-02-03T16:00:00.000Z,1.21047,1.2116,1.21024,1.21057,1191
2023-02-03T16:05:00.000Z,1.21056,1.2107,1.21012,1.21054,1216
2023-02-03T16:10:00.000Z,1.21057,1.21102,1.21035,1.21064,1136
2023-02-03T16:15:00.000Z,1.21063,1.2109,1.20988,1.21016,898
2023-02-03T16:20:00.000Z,1.21017,1.21056,1.20973,1.20975,1034
2023-02-03T16:25:00.000Z,1.20976,1.20976,1.2086,1.20944,1100
2023-02-03T16:30:00.000Z,1.2095,1.20968,1.20783,1.20817,1065
2023-02-03T16:35:00.000Z,1.20819,1.20823,1.20673,1.20701,1115
2023-02-03T16:40:00.000Z,1.20695,1.20752,1.20676,1.20693,1057
2023-02-03T16:45:00.000Z,1.20693,1.20714,1.20657,1.20676,1010
2023-02-03T16:50:00.000Z,1.20677,1.20815,1.20668,1.20773,1049
2023-02-03T16:55:00.000Z,1.20774,1.20798,1.20695,1.20717,1143
2023-02-03T17:00:00.000Z,1.20716,1.20796,1.20694,1.20776,1312
2023-02-03T17:05:00.000Z,1.20775,1.20799,1.2072,1.20785,1059
2023-02-03T17:10:00.000Z,1.20781,1.2081,1.20765,1.20808,822
2023-02-03T17:15:00.000Z,1.20808,1.20818,1.20783,1.20803,609
2023-02-03T17:20:00.000Z,1.20802,1.20835,1.20774,1.20825,779
2023-02-03T17:25:00.000Z,1.20826,1.20856,1.20822,1.20837,457
2023-02-03T17:30:00.000Z,1.20837,1.20872,1.20821,1.20852,655
2023-02-03T17:35:00.000Z,1.20852,1.20894,1.20848,1.20876,524
2023-02-03T17:40:00.000Z,1.20877,1.20929,1.20864,1.20923,649
2023-02-03T17:45:00.000Z,1.20924,1.20927,1.20834,1.20836,561
2023-02-03T17:50:00.000Z,1.20835,1.20847,1.20772,1.20783,681
2023-02-03T17:55:00.000Z,1.20783,1.20791,1.20728,1.20745,864
2023-02-03T18:00:00.000Z,1.20745,1.20757,1.20682,1.20694,903
2023-02-03T18:05:00.000Z,1.20703,1.2072,1.20653,1.20664,805
2023-02-03T18:10:00.000Z,1.20663,1.20678,1.20623,1.20639,725
2023-02-03T18:15:00.000Z,1.2064,1.20664,1.20623,1.20657,624
2023-02-03T18:20:00.000Z,1.20657,1.20698,1.20643,1.20677,674
2023-02-03T18:25:00.000Z,1.20677,1.20686,1.20648,1.20655,896
2023-02-03T18:30:00.000Z,1.20655,1.20656,1.2061,1.20614,775
2023-02-03T18:35:00.000Z,1.20614,1.20658,1.20609,1.20645,686
2023-02-03T18:40:00.000Z,1.20644,1.20645,1.20604,1.20612,711
2023-02-03T18:45:00.000Z,1.2061,1.20676,1.20595,1.20666,696
2023-02-03T18:50:00.000Z,1.20666,1.20676,1.20645,1.2067,564
2023-02-03T18:55:00.000Z,1.20671,1.20671,1.20611,1.20612,522
2023-02-03T19:00:00.000Z,1.20611,1.20635,1.20592,1.20624,668
2023-02-03T19:05:00.000Z,1.20625,1.20635,1.20592,1.20596,669
2023-02-03T19:10:00.000Z,1.20595,1.20607,1.2057,1.20599,669
2023-02-03T19:15:00.000Z,1.20598,1.20607,1.20575,1.20594,534
2023-02-03T19:20:00.000Z,1.20595,1.20603,1.20554,1.20554,556
2023-02-03T19:25:00.000Z,1.20555,1.20564,1.20547,1.20562,400
2023-02-03T19:30:00.000Z,1.20561,1.20592,1.20543,1.20563,769
2023-02-03T19:35:00.000Z,1.20563,1.20615,1.2056,1.20573,572
2023-02-03T19:40:00.000Z,1.20573,1.20581,1.20545,1.20558,529
2023-02-03T19:45:00.000Z,1.20558,1.20587,1.20555,1.20585,505
2023-02-03T19:50:00.000Z,1.20586,1.20586,1.2053,1.20563,583
2023-02-03T19:55:00.000Z,1.20563,1.20567,1.20531,1.20555,695
2023-02-03T20:00:00.000Z,1.20554,1.20562,1.20525,1.20541,543
2023-02-03T20:05:00.000Z,1.2054,1.20558,1.20512,1.20558,352
2023-02-03T20:10:00.000Z,1.20557,1.20562,1.20539,1.2055,581
2023-02-03T20:15:00.000Z,1.2055,1.2057,1.20538,1.20547,426
2023-02-03T20:20:00.000Z,1.2055,1.20557,1.20522,1.20524,446
2023-02-03T20:25:00.000Z,1.20523,1.20534,1.20515,1.20531,394
2023-02-03T20:30:00.000Z,1.20532,1.20558,1.2052,1.20522,606
2023-02-03T20:35:00.000Z,1.20523,1.20543,1.2052,1.20527,393
2023-02-03T20:40:00.000Z,1.20528,1.20553,1.20513,1.20521,462
2023-02-03T20:45:00.000Z,1.20521,1.20526,1.20505,1.20514,369
2023-02-03T20:50:00.000Z,1.20515,1.20538,1.20508,1.20528,449
2023-02-03T20:55:00.000Z,1.20527,1.20532,1.20502,1.20505,349
2023-02-03T21:00:00.000Z,1.20505,1.20552,1.20498,1.20551,331
2023-02-03T21:05:00.000Z,1.20551,1.20571,1.20548,1.20564,270
2023-02-03T21:10:00.000Z,1.20565,1.20565,1.20526,1.20552,367
2023-02-03T21:15:00.000Z,1.20552,1.20553,1.2054,1.20544,424
2023-02-03T21:20:00.000Z,1.20544,1.20555,1.20538,1.20543,270
2023-02-03T21:25:00.000Z,1.20541,1.20544,1.20514,1.20527,278
2023-02-03T21:30:00.000Z,1.20526,1.20529,1.20508,1.20518,214
2023-02-03T21:35:00.000Z,1.20524,1.20528,1.20511,1.20512,222
2023-02-03T21:40:00.000Z,1.20512,1.20522,1.20509,1.2051,268
2023-02-03T21:45:00.000Z,1.2051,1.20518,1.20498,1.20508,425
2023-02-03T21:50:00.000Z,1.20508,1.20511,1.20474,1.20511,287
