time,open,high,low,close,volume
2022-06-23T18:00:00.000Z,104.80078125,104.828125,104.73046875,104.74609375,125004
2022-06-23T22:00:00.000Z,104.7578125,104.79296875,104.6953125,104.73046875,13571
2022-06-24T02:00:00.000Z,104.73046875,104.765625,104.72265625,104.75390625,11547
2022-06-24T06:00:00.000Z,104.75,104.91796875,104.73046875,104.77734375,52528
2022-06-24T10:00:00.000Z,104.78125,104.78515625,104.65234375,104.6953125,148135
2022-06-24T14:00:00.000Z,104.6953125,104.89453125,104.6953125,104.71875,175567
2022-06-24T18:00:00.000Z,104.71875,104.76171875,104.69921875,104.69921875,57240
2022-06-26T22:00:00.000Z,104.72265625,104.75,104.68359375,104.7265625,12124
2022-06-27T02:00:00.000Z,104.7265625,104.73046875,104.671875,104.6796875,11409
2022-06-27T06:00:00.000Z,104.6796875,104.73046875,104.64453125,104.69140625,39519
2022-06-27T10:00:00.000Z,104.69140625,104.73046875,104.59765625,104.69921875,109726
2022-06-27T14:00:00.000Z,104.703125,104.73828125,104.55859375,104.59765625,157409
2022-06-27T18:00:00.000Z,104.59765625,104.66015625,104.58984375,104.62109375,79404
2022-06-27T22:00:00.000Z,104.6171875,104.65234375,104.5859375,104.65234375,10224
2022-06-28T02:00:00.000Z,104.6484375,104.6640625,104.6328125,104.64453125,7546
2022-06-28T06:00:00.000Z,104.64453125,104.65625,104.54296875,104.55078125,39794
2022-06-28T10:00:00.000Z,104.5546875,104.61328125,104.51953125,104.60546875,101824
2022-06-28T14:00:00.000Z,104.60546875,104.62890625,104.5703125,104.58984375,103266
2022-06-28T18:00:00.000Z,104.58984375,104.62890625,104.58984375,104.62109375,41725
2022-06-28T22:00:00.000Z,104.6171875,104.6796875,104.6015625,104.6484375,10839
2022-06-29T02:00:00.000Z,104.64453125,104.74609375,104.625,104.73828125,17227
2022-06-29T06:00:00.000Z,104.73828125,104.7421875,104.60546875,104.6171875,43103
2022-06-29T10:00:00.000Z,104.6171875,104.68359375,104.5625,104.61328125,98706
2022-06-29T14:00:00.000Z,104.61328125,104.7421875,104.59375,104.69921875,113623
2022-06-29T18:00:00.000Z,104.703125,104.7578125,104.6953125,104.74609375,41592
2022-06-29T22:00:00.000Z,104.75,104.78515625,104.7421875,104.75390625,9803
2022-06-30T02:00:00.000Z,104.7578125,104.7734375,104.7265625,104.74609375,8965
2022-06-30T06:00:00.000Z,104.7421875,104.88671875,104.73828125,104.84375,51365
2022-06-30T10:00:00.000Z,104.83984375,104.9609375,104.83203125,104.88671875,138278
2022-06-30T14:00:00.000Z,104.890625,104.99609375,104.86328125,104.96484375,117968
2022-06-30T18:00:00.000Z,104.96484375,105.01953125,104.90234375,104.94140625,162526
2022-06-30T22:00:00.000Z,104.9375,104.95703125,104.890625,104.94140625,15070
2022-07-01T02:00:00.000Z,104.94140625,105.0859375,104.94140625,105.05859375,26058
2022-07-01T06:00:00.000Z,105.05859375,105.11328125,105.00390625,105.0546875,50770
2022-07-01T10:00:00.000Z,105.0546875,105.29296875,105.05078125,105.20703125,196712
2022-07-01T14:00:00.000Z,105.21484375,105.44140625,105.1796875,105.2109375,276776
2022-07-01T18:00:00.000Z,105.2109375,105.265625,105.19921875,105.22265625,17437
2022-07-03T22:00:00.000Z,105.23046875,105.26953125,105.1953125,105.2421875,7906
2022-07-04T02:00:00.000Z,105.23828125,105.24609375,105.171875,105.17578125,6191
2022-07-04T06:00:00.000Z,105.17578125,105.18359375,105.0625,105.08984375,32257
2022-07-04T10:00:00.000Z,105.0859375,105.12109375,105.0625,105.08203125,17874
2022-07-04T14:00:00.000Z,105.08203125,105.109375,105.0703125,105.1015625,9054
2022-07-04T22:00:00.000Z,105.09375,105.11328125,104.9765625,104.9921875,29000
2022-07-05T02:00:00.000Z,104.9921875,105.02734375,104.96484375,105.0234375,18149
2022-07-05T06:00:00.000Z,105.0234375,105.18359375,105.0078125,105.078125,78426
2022-07-05T10:00:00.000Z,105.078125,105.30859375,105.05859375,105.26953125,133437
2022-07-05T14:00:00.000Z,105.265625,105.35546875,105.21484375,105.2734375,115759
2022-07-05T18:00:00.000Z,105.26953125,105.28515625,105.234375,105.25390625,40482
2022-07-05T22:00:00.000Z,105.26171875,105.265625,105.203125,105.2265625,7380
2022-07-06T02:00:00.000Z,105.22265625,105.2578125,105.203125,105.25390625,7925
2022-07-06T06:00:00.000Z,105.25390625,105.3046875,105.21484375,105.23828125,38735
2022-07-06T10:00:00.000Z,105.23828125,105.3984375,105.1953125,105.2109375,142279
2022-07-06T14:00:00.000Z,105.20703125,105.20703125,105.0546875,105.0625,179623
2022-07-06T18:00:00.000Z,105.06640625,105.0859375,104.90625,104.91015625,111385
2022-07-06T22:00:00.000Z,104.90625,105,104.90625,104.95703125,21561
2022-07-07T02:00:00.000Z,104.953125,105.00390625,104.94921875,104.98828125,12287
2022-07-07T06:00:00.000Z,104.98828125,104.9921875,104.83203125,104.84765625,79600
2022-07-07T10:00:00.000Z,104.84375,104.96875,104.8359375,104.8828125,123909
2022-07-07T14:00:00.000Z,104.87890625,104.88671875,104.8046875,104.85546875,111952
2022-07-07T18:00:00.000Z,104.8515625,104.87890625,104.83203125,104.87890625,48854
2022-07-07T22:00:00.000Z,104.8828125,104.9140625,104.8515625,104.90234375,8875
2022-07-08T02:00:00.000Z,104.8984375,104.94921875,104.8828125,104.9140625,11172
2022-07-08T06:00:00.000Z,104.9140625,104.9453125,104.8828125,104.93359375,30788
2022-07-08T10:00:00.000Z,104.9296875,104.9375,104.63671875,104.69921875,200520
2022-07-08T14:00:00.000Z,104.69921875,104.765625,104.66796875,104.69140625,91816
2022-07-08T18:00:00.000Z,104.6953125,104.71484375,104.66796875,104.69140625,32636
2022-07-10T22:00:00.000Z,104.66015625,104.68359375,104.6484375,104.671875,7455
2022-07-11T02:00:00.000Z,104.671875,104.7109375,104.66796875,104.7109375,5977
2022-07-11T06:00:00.000Z,104.7109375,104.7890625,104.70703125,104.7421875,22696
2022-07-11T10:00:00.000Z,104.7421875,104.87890625,104.73828125,104.8515625,87210
2022-07-11T14:00:00.000Z,104.8515625,104.90625,104.78125,104.8046875,90787
2022-07-11T18:00:00.000Z,104.8046875,104.81640625,104.77734375,104.79296875,43266
2022-07-11T22:00:00.000Z,104.7890625,104.8828125,104.7890625,104.86328125,10577
2022-07-12T02:00:00.000Z,104.86328125,104.90234375,104.84375,104.8515625,12135
2022-07-12T06:00:00.000Z,104.84765625,104.9921875,104.84765625,104.9453125,49170
2022-07-12T10:00:00.000Z,104.94921875,104.95703125,104.8359375,104.93359375,114659
2022-07-12T14:00:00.000Z,104.9375,104.98046875,104.84375,104.859375,167058
2022-07-12T18:00:00.000Z,104.859375,104.875,104.84375,104.8515625,45553
2022-07-12T22:00:00.000Z,104.84375,104.8828125,104.8046875,104.83984375,12815
2022-07-13T02:00:00.000Z,104.83984375,104.86328125,104.83203125,104.8515625,9091
2022-07-13T06:00:00.000Z,104.85546875,104.890625,104.8203125,104.85546875,32947
2022-07-13T10:00:00.000Z,104.85546875,104.8984375,104.5234375,104.65625,325751
2022-07-13T14:00:00.000Z,104.65234375,104.8671875,104.578125,104.73046875,276405
2022-07-13T18:00:00.000Z,104.73046875,104.73828125,104.6484375,104.66796875,98208
2022-07-13T22:00:00.000Z,104.6796875,104.7109375,104.59765625,104.62109375,27720
2022-07-14T02:00:00.000Z,104.6171875,104.62109375,104.56640625,104.59765625,25104
2022-07-14T06:00:00.000Z,104.59765625,104.61328125,104.55078125,104.59765625,58861
2022-07-14T10:00:00.000Z,104.6015625,104.6875,104.45703125,104.53125,188038
2022-07-14T14:00:00.000Z,104.53125,104.75,104.484375,104.70703125,237658
2022-07-14T18:00:00.000Z,104.703125,104.72265625,104.65625,104.6953125,68977
2022-07-14T22:00:00.000Z,104.69140625,104.7578125,104.6796875,104.7421875,8713
2022-07-15T02:00:00.000Z,104.7421875,104.75,104.73046875,104.7421875,5779
2022-07-15T06:00:00.000Z,104.74609375,104.8125,104.71484375,104.72265625,34754
2022-07-15T10:00:00.000Z,104.7265625,104.796875,104.625,104.6953125,164981
2022-07-15T14:00:00.000Z,104.69921875,104.8828125,104.69921875,104.71484375,137910
2022-07-15T18:00:00.000Z,104.71484375,104.75390625,104.69921875,104.73828125,45807
2022-07-17T22:00:00.000Z,104.72265625,104.78125,104.6796875,104.76953125,3599
2022-07-18T02:00:00.000Z,104.7734375,104.78515625,104.73828125,104.7421875,1815
2022-07-18T06:00:00.000Z,104.74609375,104.75,104.66796875,104.6796875,20137
2022-07-18T10:00:00.000Z,104.68359375,104.703125,104.62890625,104.66796875,96445
2022-07-18T14:00:00.000Z,104.66796875,104.6875,104.6171875,104.67578125,87050
2022-07-18T18:00:00.000Z,104.671875,104.69140625,104.64453125,104.64453125,48368
2022-07-18T22:00:00.000Z,104.6484375,104.67578125,104.640625,104.66796875,3124
2022-07-19T02:00:00.000Z,104.66796875,104.69921875,104.6640625,104.6875,7156
2022-07-19T06:00:00.000Z,104.69140625,104.73046875,104.66015625,104.66796875,45866
2022-07-19T10:00:00.000Z,104.6640625,104.703125,104.6328125,104.6875,88772
2022-07-19T14:00:00.000Z,104.69140625,104.703125,104.55859375,104.56640625,144062
2022-07-19T18:00:00.000Z,104.56640625,104.56640625,104.5078125,104.515625,59421
2022-07-19T22:00:00.000Z,104.5078125,104.546875,104.5078125,104.53515625,6747
2022-07-20T02:00:00.000Z,104.53515625,104.5390625,104.51953125,104.53125,6553
2022-07-20T06:00:00.000Z,104.53125,104.63671875,104.52734375,104.6171875,37363
2022-07-20T10:00:00.000Z,104.6171875,104.6796875,104.59765625,104.609375,81927
2022-07-20T14:00:00.000Z,104.60546875,104.62109375,104.5234375,104.5390625,100067
2022-07-20T18:00:00.000Z,104.5390625,104.5625,104.5,104.5546875,73583
2022-07-20T22:00:00.000Z,104.54296875,104.5703125,104.54296875,104.55859375,5469
2022-07-21T02:00:00.000Z,104.5625,104.5859375,104.5546875,104.5625,9522
2022-07-21T06:00:00.000Z,104.55859375,104.55859375,104.4921875,104.55078125,37321
2022-07-21T10:00:00.000Z,104.55078125,104.6875,104.484375,104.63671875,158898
2022-07-21T14:00:00.000Z,104.6328125,104.7734375,104.6328125,104.76171875,134859
2022-07-21T18:00:00.000Z,104.76171875,104.859375,104.76171875,104.84375,91391
2022-07-21T22:00:00.000Z,104.84375,104.8671875,104.7578125,104.7734375,16945
2022-07-22T02:00:00.000Z,104.76953125,104.77734375,104.74609375,104.765625,11883
2022-07-22T06:00:00.000Z,104.765625,104.98046875,104.7578125,104.95703125,59478
2022-07-22T10:00:00.000Z,104.95703125,105.23828125,104.94921875,105.140625,188839
2022-07-22T14:00:00.000Z,105.140625,105.15234375,105.0078125,105.07421875,177587
2022-07-22T18:00:00.000Z,105.07421875,105.09765625,105.0234375,105.0859375,57059
2022-07-24T22:00:00.000Z,105.09375,105.09375,104.99609375,105.046875,14094
2022-07-25T02:00:00.000Z,105.046875,105.0546875,105.0390625,105.046875,20203
2022-07-25T06:00:00.000Z,105.046875,105.08984375,105.015625,105.0546875,45446
2022-07-25T10:00:00.000Z,105.0546875,105.0703125,104.9765625,105.015625,118037
2022-07-25T14:00:00.000Z,105.015625,105.046875,104.97265625,104.984375,112667
2022-07-25T18:00:00.000Z,104.984375,105.01953125,104.96484375,105.00390625,60362
2022-07-25T22:00:00.000Z,105.01953125,105.046875,104.9921875,105.01953125,11111
2022-07-26T02:00:00.000Z,105.0234375,105.0234375,104.98046875,104.98828125,3915
2022-07-26T06:00:00.000Z,104.9921875,105.03515625,104.98046875,105.01953125,25559
2022-07-26T10:00:00.000Z,105.015625,105.1015625,105.01171875,105.0625,78771
2022-07-26T14:00:00.000Z,105.06640625,105.0859375,104.953125,104.95703125,111044
2022-07-26T18:00:00.000Z,104.95703125,104.98046875,104.9296875,104.9453125,62014
2022-07-26T22:00:00.000Z,104.9453125,104.96484375,104.91796875,104.95703125,11243
2022-07-27T02:00:00.000Z,104.95703125,104.96484375,104.9375,104.953125,8576
2022-07-27T06:00:00.000Z,104.953125,104.99609375,104.92578125,104.96484375,47245
2022-07-27T10:00:00.000Z,104.96484375,104.98046875,104.91015625,104.94921875,75427
2022-07-27T14:00:00.000Z,104.94921875,104.984375,104.87890625,104.9609375,118010
2022-07-27T18:00:00.000Z,104.96875,105.12890625,104.8671875,105.0390625,241151
2022-07-27T22:00:00.000Z,105.04296875,105.1015625,105.04296875,105.0859375,11814
2022-07-28T02:00:00.000Z,105.0859375,105.08984375,105.03515625,105.05078125,18230
2022-07-28T06:00:00.000Z,105.0546875,105.10546875,104.99609375,105.1015625,56269
2022-07-28T10:00:00.000Z,105.10546875,105.41015625,105.07421875,105.32421875,238310
2022-07-28T14:00:00.000Z,105.32421875,105.33203125,105.21484375,105.24609375,154942
2022-07-28T18:00:00.000Z,105.2421875,105.3046875,105.23828125,105.30078125,68780
2022-07-28T22:00:00.000Z,105.296875,105.3125,105.25,105.26171875,12067
2022-07-29T02:00:00.000Z,105.26171875,105.375,105.2578125,105.36328125,19066
2022-07-29T06:00:00.000Z,105.3671875,105.375,105.234375,105.234375,69491
2022-07-29T10:00:00.000Z,105.23828125,105.30078125,105.11328125,105.2109375,138555
2022-07-29T14:00:00.000Z,105.21484375,105.30859375,105.19140625,105.25,134332
2022-07-29T18:00:00.000Z,105.25,105.26953125,105.18359375,105.25390625,158283
2022-07-31T22:00:00.000Z,105.2421875,105.24609375,105.1875,105.2265625,11650
2022-08-01T02:00:00.000Z,105.2265625,105.234375,105.20703125,105.22265625,10154
2022-08-01T06:00:00.000Z,105.22265625,105.26171875,105.16015625,105.21875,38871
2022-08-01T10:00:00.000Z,105.21875,105.265625,105.171875,105.2265625,90540
2022-08-01T14:00:00.000Z,105.22265625,105.2578125,105.17578125,105.2109375,163549
2022-08-01T18:00:00.000Z,105.21484375,105.27734375,105.1875,105.26953125,85676
2022-08-01T22:00:00.000Z,105.27734375,105.38671875,105.26171875,105.36328125,16587
2022-08-02T02:00:00.000Z,105.36328125,105.36328125,105.28515625,105.3359375,17890
2022-08-02T06:00:00.000Z,105.3359375,105.35546875,105.28125,105.3046875,34367
2022-08-02T10:00:00.000Z,105.3046875,105.34765625,105.09375,105.1171875,138125
2022-08-02T14:00:00.000Z,105.11328125,105.14453125,104.89453125,104.94140625,286984
2022-08-02T18:00:00.000Z,104.9453125,104.96484375,104.8828125,104.9453125,115760
2022-08-02T22:00:00.000Z,104.94140625,104.98046875,104.921875,104.9765625,22091
2022-08-03T02:00:00.000Z,104.98046875,105.0234375,104.96484375,104.96875,16304
2022-08-03T06:00:00.000Z,104.96875,105,104.87890625,104.8828125,59014
2022-08-03T10:00:00.000Z,104.8828125,104.8984375,104.8046875,104.8671875,148914
2022-08-03T14:00:00.000Z,104.86328125,104.8671875,104.6484375,104.8203125,217748
2022-08-03T18:00:00.000Z,104.81640625,104.91796875,104.8046875,104.91015625,75843
2022-08-03T22:00:00.000Z,104.91796875,104.91796875,104.8671875,104.8828125,9993
2022-08-04T02:00:00.000Z,104.8828125,104.91015625,104.875,104.8828125,7939
2022-08-04T06:00:00.000Z,104.8828125,104.88671875,104.81640625,104.83984375,32930
2022-08-04T10:00:00.000Z,104.83984375,104.96484375,104.8125,104.9140625,104301
2022-08-04T14:00:00.000Z,104.91796875,105.00390625,104.91015625,104.9296875,139266
2022-08-04T18:00:00.000Z,104.92578125,105.02734375,104.92578125,104.9609375,78697
2022-08-04T22:00:00.000Z,104.96484375,104.9921875,104.9296875,104.95703125,8743
2022-08-05T02:00:00.000Z,104.95703125,104.984375,104.94140625,104.953125,9240
2022-08-05T06:00:00.000Z,104.953125,104.9765625,104.921875,104.9296875,26168
2022-08-05T10:00:00.000Z,104.9296875,104.9375,104.56640625,104.64453125,259602
2022-08-05T14:00:00.000Z,104.6484375,104.6640625,104.546875,104.59765625,148155
2022-08-05T18:00:00.000Z,104.59765625,104.6328125,104.56640625,104.61328125,57661
2022-08-07T22:00:00.000Z,104.546875,104.61328125,104.54296875,104.59765625,29457
2022-08-08T02:00:00.000Z,104.59765625,104.65625,104.59375,104.65625,14605
2022-08-08T06:00:00.000Z,104.65625,104.68359375,104.609375,104.64453125,37142
2022-08-08T10:00:00.000Z,104.640625,104.6640625,104.58203125,104.6640625,87972
2022-08-08T14:00:00.000Z,104.66015625,104.68359375,104.625,104.6484375,74961
2022-08-08T18:00:00.000Z,104.6484375,104.69140625,104.640625,104.671875,62615
2022-08-08T22:00:00.000Z,104.66796875,104.69921875,104.66015625,104.66796875,7752
2022-08-09T02:00:00.000Z,104.66796875,104.703125,104.6640625,104.6796875,6235
2022-08-09T06:00:00.000Z,104.6796875,104.7109375,104.62890625,104.640625,30307
2022-08-09T10:00:00.000Z,104.640625,104.64453125,104.5546875,104.5625,110053
2022-08-09T14:00:00.000Z,104.5625,104.58984375,104.53125,104.55859375,135186
2022-08-09T18:00:00.000Z,104.5625,104.59375,104.5390625,104.5703125,67911
2022-08-09T22:00:00.000Z,104.56640625,104.58203125,104.55078125,104.57421875,11879
2022-08-10T02:00:00.000Z,104.578125,104.609375,104.56640625,104.56640625,22931
2022-08-10T06:00:00.000Z,104.56640625,104.6484375,104.5625,104.61328125,51945
2022-08-10T10:00:00.000Z,104.61328125,104.95703125,104.52734375,104.890625,345171
2022-08-10T14:00:00.000Z,104.88671875,104.90625,104.734375,104.734375,165535
2022-08-10T18:00:00.000Z,104.734375,104.7421875,104.65625,104.69140625,95244
2022-08-10T22:00:00.000Z,104.6953125,104.71484375,104.67578125,104.69140625,6921
2022-08-11T02:00:00.000Z,104.69140625,104.703125,104.65625,104.6875,10630
2022-08-11T06:00:00.000Z,104.6875,104.7890625,104.6875,104.765625,42162
2022-08-11T10:00:00.000Z,104.76953125,104.87109375,104.73828125,104.828125,163427
2022-08-11T14:00:00.000Z,104.828125,104.83203125,104.66796875,104.671875,176002
2022-08-11T18:00:00.000Z,104.671875,104.67578125,104.6328125,104.671875,87161
2022-08-11T22:00:00.000Z,104.6640625,104.69140625,104.640625,104.6796875,14965
2022-08-12T02:00:00.000Z,104.6796875,104.7265625,104.6796875,104.69140625,13206
2022-08-12T06:00:00.000Z,104.69140625,104.71484375,104.6640625,104.69140625,26981
2022-08-12T10:00:00.000Z,104.6875,104.77734375,104.68359375,104.75,86236
2022-08-12T14:00:00.000Z,104.75,104.75,104.60546875,104.63671875,163048
2022-08-12T18:00:00.000Z,104.63671875,104.63671875,104.61328125,104.63671875,47055
2022-08-14T22:00:00.000Z,104.62890625,104.63671875,104.609375,104.6171875,6722
2022-08-15T02:00:00.000Z,104.6171875,104.6484375,104.6171875,104.640625,6012
2022-08-15T06:00:00.000Z,104.64453125,104.6484375,104.578125,104.609375,44156
2022-08-15T10:00:00.000Z,104.609375,104.765625,104.6015625,104.73046875,116812
2022-08-15T14:00:00.000Z,104.7265625,104.73828125,104.69140625,104.7109375,71771
2022-08-15T18:00:00.000Z,104.71484375,104.76171875,104.7109375,104.7578125,56248
2022-08-15T22:00:00.000Z,104.76171875,104.78515625,104.74609375,104.75390625,6843
2022-08-16T02:00:00.000Z,104.75390625,104.7890625,104.75390625,104.77734375,12415
2022-08-16T06:00:00.000Z,104.77734375,104.77734375,104.68359375,104.6953125,33981
2022-08-16T10:00:00.000Z,104.6953125,104.71484375,104.62890625,104.65234375,108688
2022-08-16T14:00:00.000Z,104.65234375,104.67578125,104.609375,104.61328125,96665
2022-08-16T18:00:00.000Z,104.61328125,104.63671875,104.58984375,104.60546875,67072
2022-08-16T22:00:00.000Z,104.59765625,104.6171875,104.57421875,104.61328125,13351
2022-08-17T02:00:00.000Z,104.61328125,104.6171875,104.59375,104.6015625,12126
2022-08-17T06:00:00.000Z,104.60546875,104.60546875,104.484375,104.53515625,107692
2022-08-17T10:00:00.000Z,104.5390625,104.546875,104.38671875,104.43359375,149917
2022-08-17T14:00:00.000Z,104.43359375,104.49609375,104.42578125,104.4453125,153956
2022-08-17T18:00:00.000Z,104.4453125,104.5625,104.44140625,104.53515625,135872
2022-08-17T22:00:00.000Z,104.53515625,104.60546875,104.515625,104.58203125,16776
2022-08-18T02:00:00.000Z,104.578125,104.5859375,104.5390625,104.54296875,9804
2022-08-18T06:00:00.000Z,104.5390625,104.55078125,104.4609375,104.55078125,52927
2022-08-18T10:00:00.000Z,104.55078125,104.671875,104.53125,104.65625,165386
2022-08-18T14:00:00.000Z,104.66015625,104.6796875,104.59375,104.59375,157049
2022-08-18T18:00:00.000Z,104.59375,104.68359375,104.58984375,104.68359375,89306
2022-08-18T22:00:00.000Z,104.6875,104.69921875,104.63671875,104.65625,14638
2022-08-19T02:00:00.000Z,104.65625,104.66015625,104.61328125,104.6171875,15643
2022-08-19T06:00:00.000Z,104.6171875,104.6328125,104.55859375,104.62109375,55297
2022-08-19T10:00:00.000Z,104.6171875,104.63671875,104.55078125,104.60546875,151190
2022-08-19T14:00:00.000Z,104.60546875,104.62890625,104.5546875,104.6171875,102155
2022-08-19T18:00:00.000Z,104.6171875,104.65234375,104.59375,104.6484375,66208
2022-08-21T22:00:00.000Z,104.65234375,104.65234375,104.56640625,104.59375,13481
2022-08-22T02:00:00.000Z,104.59375,104.60546875,104.578125,104.59375,9267
2022-08-22T06:00:00.000Z,104.59375,104.63671875,104.54296875,104.5703125,51439
2022-08-22T10:00:00.000Z,104.57421875,104.58984375,104.484375,104.51953125,115591
2022-08-22T14:00:00.000Z,104.51953125,104.5703125,104.45703125,104.46875,193240
2022-08-22T18:00:00.000Z,104.46875,104.5234375,104.45703125,104.5234375,68209
2022-08-22T22:00:00.000Z,104.52734375,104.55078125,104.50390625,104.5234375,8462
2022-08-23T02:00:00.000Z,104.5234375,104.55859375,104.5234375,104.55078125,11248
2022-08-23T06:00:00.000Z,104.55078125,104.58984375,104.484375,104.49609375,54626
2022-08-23T10:00:00.000Z,104.5,104.6171875,104.4609375,104.59765625,209666
2022-08-23T14:00:00.000Z,104.6015625,104.6953125,104.55078125,104.5546875,215484
2022-08-23T18:00:00.000Z,104.55859375,104.5859375,104.54296875,104.5625,82924
2022-08-23T22:00:00.000Z,104.5625,104.6015625,104.5546875,104.59765625,13413
2022-08-24T02:00:00.000Z,104.6015625,104.6328125,104.59765625,104.625,11729
2022-08-24T06:00:00.000Z,104.625,104.6640625,104.56640625,104.625,35868
2022-08-24T10:00:00.000Z,104.62109375,104.63671875,104.5,104.5234375,157989
2022-08-24T14:00:00.000Z,104.5234375,104.54296875,104.453125,104.4765625,201231
2022-08-24T18:00:00.000Z,104.47265625,104.4765625,104.421875,104.4609375,94371
2022-08-24T22:00:00.000Z,104.4609375,104.48828125,104.44921875,104.47265625,8933
2022-08-25T02:00:00.000Z,104.47265625,104.48046875,104.44921875,104.46875,17514
2022-08-25T06:00:00.000Z,104.47265625,104.5390625,104.4453125,104.49609375,69426
2022-08-25T10:00:00.000Z,104.5,104.52734375,104.4453125,104.484375,126657
2022-08-25T14:00:00.000Z,104.48046875,104.51171875,104.45703125,104.47265625,199786
2022-08-25T18:00:00.000Z,104.47265625,104.47265625,104.421875,104.4453125,120036
2022-08-25T22:00:00.000Z,104.453125,104.45703125,104.4140625,104.42578125,8330
2022-08-26T02:00:00.000Z,104.42578125,104.44921875,104.41796875,104.43359375,9125
2022-08-26T06:00:00.000Z,104.4296875,104.44140625,104.390625,104.421875,40236
2022-08-26T10:00:00.000Z,104.41796875,104.48828125,104.34765625,104.42578125,177881
2022-08-26T14:00:00.000Z,104.42578125,104.42578125,104.2890625,104.3671875,199652
2022-08-26T18:00:00.000Z,104.3671875,104.42578125,104.3671875,104.37890625,61192
2022-08-28T22:00:00.000Z,104.35546875,104.37109375,104.26171875,104.265625,18223
2022-08-29T02:00:00.000Z,104.265625,104.28515625,104.21484375,104.2578125,11927
2022-08-29T06:00:00.000Z,104.26171875,104.27734375,104.2265625,104.2578125,20685
2022-08-29T10:00:00.000Z,104.2578125,104.359375,104.25,104.30078125,77076
2022-08-29T14:00:00.000Z,104.30078125,104.38671875,104.30078125,104.34375,91292
2022-08-29T18:00:00.000Z,104.34375,104.34765625,104.3125,104.328125,31358
2022-08-29T22:00:00.000Z,104.35546875,104.37109375,104.328125,104.34375,3766
2022-08-30T02:00:00.000Z,104.34375,104.38671875,104.328125,104.359375,5858
2022-08-30T06:00:00.000Z,104.359375,104.37109375,104.29296875,104.33984375,13227
2022-08-30T10:00:00.000Z,104.34375,104.37109375,104.25390625,104.29296875,29399
2022-08-30T14:00:00.000Z,104.2890625,104.2890625,104.171875,104.24609375,65494
2022-08-30T18:00:00.000Z,104.24609375,104.28515625,104.23046875,104.28125,11952
2022-08-30T22:00:00.000Z,104.2734375,104.29296875,104.2578125,104.26171875,228
2022-08-31T02:00:00.000Z,104.265625,104.2734375,104.2421875,104.2734375,598
2022-08-31T06:00:00.000Z,104.27734375,104.2890625,104.19140625,104.19140625,2121
2022-08-31T10:00:00.000Z,104.203125,104.296875,104.19140625,104.29296875,4958
2022-08-31T14:00:00.000Z,104.28125,104.31640625,104.27734375,104.29296875,3901
2022-08-31T18:00:00.000Z,104.28515625,104.30078125,104.1875,104.19921875,5443
2022-08-31T22:00:00.000Z,104.08203125,104.08984375,104.03515625,104.06640625,16829
2022-09-01T02:00:00.000Z,104.0625,104.08984375,104.05859375,104.08984375,6924
2022-09-01T06:00:00.000Z,104.08984375,104.12890625,104.05078125,104.125,47442
2022-09-01T10:00:00.000Z,104.125,104.12890625,104.03125,104.0859375,140394
2022-09-01T14:00:00.000Z,104.08203125,104.08203125,103.953125,104.03125,184845
2022-09-01T18:00:00.000Z,104.03125,104.05859375,104.01171875,104.05078125,69286
2022-09-01T22:00:00.000Z,104.046875,104.06640625,104.03125,104.03125,10551
2022-09-02T02:00:00.000Z,104.03125,104.06640625,104.03125,104.0625,12414
2022-09-02T06:00:00.000Z,104.05859375,104.08984375,104.0546875,104.06640625,27953
2022-09-02T10:00:00.000Z,104.0625,104.2890625,104.0625,104.28515625,230639
2022-09-02T14:00:00.000Z,104.28125,104.30859375,104.19140625,104.26953125,123474
2022-09-02T18:00:00.000Z,104.265625,104.296875,104.25390625,104.2890625,42334
2022-09-04T22:00:00.000Z,104.28515625,104.35546875,104.28515625,104.30859375,11545
2022-09-05T02:00:00.000Z,104.3125,104.3125,104.2734375,104.28125,4923
2022-09-05T06:00:00.000Z,104.27734375,104.27734375,104.19140625,104.20703125,25447
2022-09-05T10:00:00.000Z,104.20703125,104.21484375,104.15234375,104.17578125,20355
2022-09-05T14:00:00.000Z,104.1796875,104.203125,104.1640625,104.1640625,9406
2022-09-05T22:00:00.000Z,104.15625,104.22265625,104.15625,104.20703125,7769
2022-09-06T02:00:00.000Z,104.20703125,104.2109375,104.14453125,104.14453125,13023
2022-09-06T06:00:00.000Z,104.14453125,104.15625,104.1171875,104.140625,44885
2022-09-06T10:00:00.000Z,104.140625,104.1875,104.08203125,104.09375,115205
2022-09-06T14:00:00.000Z,104.08984375,104.09765625,104.0234375,104.0390625,153936
2022-09-06T18:00:00.000Z,104.03515625,104.07421875,104.01953125,104.0234375,73723
2022-09-06T22:00:00.000Z,104.0234375,104.0546875,104.0078125,104.046875,17440
2022-09-07T02:00:00.000Z,104.046875,104.05078125,104.01171875,104.04296875,13493
2022-09-07T06:00:00.000Z,104.04296875,104.1328125,104.03125,104.125,38679
2022-09-07T10:00:00.000Z,104.125,104.125,104.02734375,104.08984375,104920
2022-09-07T14:00:00.000Z,104.0859375,104.15234375,104.0703125,104.15234375,121573
2022-09-07T18:00:00.000Z,104.1484375,104.1796875,104.140625,104.171875,55640
2022-09-07T22:00:00.000Z,104.16796875,104.17578125,104.15234375,104.16796875,10599
2022-09-08T02:00:00.000Z,104.171875,104.2109375,104.16015625,104.20703125,14596
2022-09-08T06:00:00.000Z,104.203125,104.22265625,104.1484375,104.17578125,27991
2022-09-08T10:00:00.000Z,104.171875,104.2421875,104.0390625,104.06640625,178805
2022-09-08T14:00:00.000Z,104.0625,104.08203125,104.03125,104.06640625,116461
2022-09-08T18:00:00.000Z,104.06640625,104.078125,104.015625,104.02734375,54487
2022-09-08T22:00:00.000Z,104.02734375,104.03125,104,104.02734375,7947
2022-09-09T02:00:00.000Z,104.02734375,104.08203125,104.0234375,104.05859375,13362
2022-09-09T06:00:00.000Z,104.0546875,104.1171875,104.01171875,104.1015625,35293
2022-09-09T10:00:00.000Z,104.1015625,104.140625,104.0078125,104.03125,102495
2022-09-09T14:00:00.000Z,104.03125,104.0859375,103.9296875,103.93359375,111330
2022-09-09T18:00:00.000Z,103.9296875,103.9375,103.91015625,103.92578125,53325
2022-09-11T22:00:00.000Z,103.9140625,103.96875,103.90234375,103.94921875,6951
2022-09-12T02:00:00.000Z,103.94921875,103.953125,103.91015625,103.9140625,8639
2022-09-12T06:00:00.000Z,103.9140625,103.9921875,103.89453125,103.98046875,21369
2022-09-12T10:00:00.000Z,103.98046875,104.03515625,103.9609375,104.015625,86398
2022-09-12T14:00:00.000Z,104.01171875,104.03515625,103.953125,103.97265625,113234
2022-09-12T18:00:00.000Z,103.97265625,103.9765625,103.91015625,103.92578125,68581
2022-09-12T22:00:00.000Z,103.9296875,103.99609375,103.9296875,103.984375,9542
2022-09-13T02:00:00.000Z,103.984375,104.00390625,103.9765625,103.99609375,5127
2022-09-13T06:00:00.000Z,103.9921875,104.0390625,103.984375,104.03125,34814
2022-09-13T10:00:00.000Z,104.03515625,104.07421875,103.56640625,103.60546875,346481
2022-09-13T14:00:00.000Z,103.60546875,103.6328125,103.5078125,103.51953125,191009
2022-09-13T18:00:00.000Z,103.5234375,103.61328125,103.50390625,103.58203125,112939
2022-09-13T22:00:00.000Z,103.58984375,103.59375,103.4921875,103.51953125,22879
2022-09-14T02:00:00.000Z,103.51953125,103.58203125,103.51953125,103.57421875,17131
2022-09-14T06:00:00.000Z,103.578125,103.62890625,103.50390625,103.51953125,56775
2022-09-14T10:00:00.000Z,103.51953125,103.5390625,103.40234375,103.4921875,189723
2022-09-14T14:00:00.000Z,103.48828125,103.5859375,103.48046875,103.5078125,123153
2022-09-14T18:00:00.000Z,103.51171875,103.5390625,103.484375,103.4921875,81188
2022-09-14T22:00:00.000Z,103.49609375,103.52734375,103.4765625,103.51171875,11913
2022-09-15T02:00:00.000Z,103.51171875,103.515625,103.4453125,103.45703125,13876
2022-09-15T06:00:00.000Z,103.45703125,103.45703125,103.40625,103.4453125,34978
2022-09-15T10:00:00.000Z,103.44921875,103.44921875,103.29296875,103.3984375,178496
2022-09-15T14:00:00.000Z,103.39453125,103.40625,103.33203125,103.36328125,101882
2022-09-15T18:00:00.000Z,103.36328125,103.3671875,103.32421875,103.328125,62028
2022-09-15T22:00:00.000Z,103.328125,103.36328125,103.328125,103.33203125,9511
2022-09-16T02:00:00.000Z,103.33203125,103.3359375,103.296875,103.30859375,12436
2022-09-16T06:00:00.000Z,103.3046875,103.3125,103.25,103.29296875,56746
2022-09-16T10:00:00.000Z,103.29296875,103.33984375,103.25390625,103.28515625,136557
2022-09-16T14:00:00.000Z,103.28125,103.375,103.2734375,103.375,158977
2022-09-16T18:00:00.000Z,103.37890625,103.41015625,103.35546875,103.36328125,54376
2022-09-18T22:00:00.000Z,103.359375,103.3671875,103.328125,103.328125,7227
2022-09-19T02:00:00.000Z,103.328125,103.33203125,103.3046875,103.30859375,7043
2022-09-19T06:00:00.000Z,103.30859375,103.3203125,103.22265625,103.2421875,44973
2022-09-19T10:00:00.000Z,103.24609375,103.26171875,103.17578125,103.19140625,114651
2022-09-19T14:00:00.000Z,103.1875,103.26171875,103.171875,103.21484375,122605
2022-09-19T18:00:00.000Z,103.21875,103.24609375,103.2109375,103.2421875,54605
2022-09-19T22:00:00.000Z,103.2421875,103.25,103.2109375,103.234375,9393
2022-09-20T02:00:00.000Z,103.234375,103.2578125,103.2265625,103.23046875,7418
2022-09-20T06:00:00.000Z,103.2265625,103.23828125,103.14453125,103.1796875,80810
2022-09-20T10:00:00.000Z,103.18359375,103.21875,103.16015625,103.171875,161644
2022-09-20T14:00:00.000Z,103.171875,103.2265625,103.15234375,103.203125,148950
2022-09-20T18:00:00.000Z,103.203125,103.2109375,103.15234375,103.16015625,76573
2022-09-20T22:00:00.000Z,103.171875,103.203125,103.16796875,103.19921875,8543
2022-09-21T02:00:00.000Z,103.19921875,103.21484375,103.16796875,103.2109375,13383
2022-09-21T06:00:00.000Z,103.20703125,103.27734375,103.1875,103.20703125,75161
2022-09-21T10:00:00.000Z,103.20703125,103.2109375,103.12890625,103.140625,101525
2022-09-21T14:00:00.000Z,103.140625,103.15625,103.04296875,103.109375,184762
2022-09-21T18:00:00.000Z,103.109375,103.1640625,102.8515625,102.9765625,374924
2022-09-21T22:00:00.000Z,102.96484375,102.984375,102.8125,102.85546875,36407
2022-09-22T02:00:00.000Z,102.8515625,102.87109375,102.83203125,102.83984375,25680
2022-09-22T06:00:00.000Z,102.83984375,102.9375,102.8203125,102.87890625,112279
2022-09-22T10:00:00.000Z,102.87890625,102.98828125,102.8359375,102.84375,221199
2022-09-22T14:00:00.000Z,102.84375,102.85546875,102.75390625,102.83984375,169370
2022-09-22T18:00:00.000Z,102.83984375,102.84375,102.77734375,102.78125,83226
2022-09-22T22:00:00.000Z,102.78515625,102.80859375,102.75,102.75390625,13286
2022-09-23T02:00:00.000Z,102.7578125,102.76171875,102.734375,102.75,11400
2022-09-23T06:00:00.000Z,102.74609375,102.83203125,102.61328125,102.6640625,69041
2022-09-23T10:00:00.000Z,102.6640625,102.84375,102.53125,102.7265625,250621
2022-09-23T14:00:00.000Z,102.7265625,102.73046875,102.64453125,102.65234375,148270
2022-09-23T18:00:00.000Z,102.65234375,102.6640625,102.6171875,102.62890625,68732
2022-09-25T22:00:00.000Z,102.63671875,102.63671875,102.51953125,102.5703125,25083
2022-09-26T02:00:00.000Z,102.5703125,102.57421875,102.44140625,102.48046875,33878
2022-09-26T06:00:00.000Z,102.48046875,102.54296875,102.3515625,102.46875,131067
2022-09-26T10:00:00.000Z,102.46875,102.64453125,102.4296875,102.6328125,200541
2022-09-26T14:00:00.000Z,102.6328125,102.65234375,102.3984375,102.41015625,220933
2022-09-26T18:00:00.000Z,102.41015625,102.47265625,102.3828125,102.38671875,134802
2022-09-26T22:00:00.000Z,102.38671875,102.49609375,102.37890625,102.45703125,23453
2022-09-27T02:00:00.000Z,102.45703125,102.484375,102.4453125,102.47265625,13963
2022-09-27T06:00:00.000Z,102.4765625,102.55859375,102.46875,102.5546875,76755
2022-09-27T10:00:00.000Z,102.5546875,102.6796875,102.4921875,102.5,207463
2022-09-27T14:00:00.000Z,102.50390625,102.5390625,102.421875,102.44140625,231700
2022-09-27T18:00:00.000Z,102.44140625,102.52734375,102.4375,102.515625,151569
2022-09-27T22:00:00.000Z,102.515625,102.55859375,102.484375,102.4921875,18003
2022-09-28T02:00:00.000Z,102.4921875,102.54296875,102.45703125,102.51953125,21175
2022-09-28T06:00:00.000Z,102.51953125,102.640625,102.51171875,102.58203125,97683
2022-09-28T10:00:00.000Z,102.58203125,102.89453125,102.578125,102.7421875,385232
2022-09-28T14:00:00.000Z,102.74609375,102.87890625,102.70703125,102.8671875,220858
2022-09-28T18:00:00.000Z,102.86328125,102.9375,102.8046875,102.81640625,123762
2022-09-28T22:00:00.000Z,102.83203125,102.83203125,102.76953125,102.8046875,14837
2022-09-29T02:00:00.000Z,102.8046875,102.81640625,102.66015625,102.671875,26057
2022-09-29T06:00:00.000Z,102.671875,102.74609375,102.63671875,102.671875,67484
2022-09-29T10:00:00.000Z,102.671875,102.7734375,102.640625,102.69140625,194633
2022-09-29T14:00:00.000Z,102.69140625,102.73046875,102.62109375,102.71875,146785
2022-09-29T18:00:00.000Z,102.71484375,102.78515625,102.6953125,102.7109375,71648
2022-09-29T22:00:00.000Z,102.703125,102.71875,102.67578125,102.6875,8154
2022-09-30T02:00:00.000Z,102.6875,102.71875,102.6640625,102.70703125,10730
2022-09-30T06:00:00.000Z,102.70703125,102.83984375,102.70703125,102.78125,39591
2022-09-30T10:00:00.000Z,102.78125,102.828125,102.66796875,102.78515625,119033
2022-09-30T14:00:00.000Z,102.7890625,102.83203125,102.73828125,102.7734375,137098
2022-09-30T18:00:00.000Z,102.7734375,102.77734375,102.546875,102.55859375,185212
2022-10-02T22:00:00.000Z,102.55859375,102.71875,102.5546875,102.71484375,30514
2022-10-03T02:00:00.000Z,102.71484375,102.73828125,102.6875,102.73046875,11446
2022-10-03T06:00:00.000Z,102.7265625,102.7421875,102.671875,102.72265625,32025
2022-10-03T10:00:00.000Z,102.72265625,102.93359375,102.71875,102.83203125,131578
2022-10-03T14:00:00.000Z,102.84375,103.046875,102.84375,102.9296875,203703
2022-10-03T18:00:00.000Z,102.92578125,102.93359375,102.86328125,102.88671875,65768
2022-10-03T22:00:00.000Z,102.88671875,102.96875,102.875,102.93359375,16012
2022-10-04T02:00:00.000Z,102.93359375,103.05078125,102.92578125,103.0234375,28710
2022-10-04T06:00:00.000Z,103.0234375,103.140625,103.00390625,103.1015625,90368
2022-10-04T10:00:00.000Z,103.1015625,103.12890625,102.90625,102.9375,123560
2022-10-04T14:00:00.000Z,102.9375,103.05078125,102.90234375,102.91015625,189394
2022-10-04T18:00:00.000Z,102.9140625,102.93359375,102.89453125,102.92578125,51155
2022-10-04T22:00:00.000Z,102.91015625,102.97265625,102.8984375,102.96875,12257
2022-10-05T02:00:00.000Z,102.96484375,102.98046875,102.921875,102.9453125,14170
2022-10-05T06:00:00.000Z,102.9453125,102.953125,102.828125,102.8515625,50347
2022-10-05T10:00:00.000Z,102.8515625,102.88671875,102.78515625,102.80078125,95577
2022-10-05T14:00:00.000Z,102.7890625,102.796875,102.71875,102.78515625,125147
2022-10-05T18:00:00.000Z,102.78515625,102.83984375,102.78125,102.81640625,66368
2022-10-05T22:00:00.000Z,102.82421875,102.85546875,102.80859375,102.81640625,7692
2022-10-06T02:00:00.000Z,102.81640625,102.84375,102.80078125,102.83984375,7467
2022-10-06T06:00:00.000Z,102.83984375,102.8515625,102.78125,102.796875,38764
2022-10-06T10:00:00.000Z,102.796875,102.85546875,102.7265625,102.74609375,106631
2022-10-06T14:00:00.000Z,102.74609375,102.75,102.6640625,102.6640625,121006
2022-10-06T18:00:00.000Z,102.6640625,102.66796875,102.6015625,102.60546875,98620
2022-10-06T22:00:00.000Z,102.60546875,102.609375,102.58203125,102.6015625,8880
2022-10-07T02:00:00.000Z,102.6015625,102.625,102.59375,102.60546875,13526
2022-10-07T06:00:00.000Z,102.60546875,102.625,102.5234375,102.6015625,62926
2022-10-07T10:00:00.000Z,102.6015625,102.6015625,102.4375,102.52734375,171325
2022-10-07T14:00:00.000Z,102.51953125,102.5546875,102.5,102.54296875,94037
2022-10-07T18:00:00.000Z,102.5390625,102.546875,102.49609375,102.50390625,63524
2022-10-09T22:00:00.000Z,102.5,102.55859375,102.5,102.5546875,8262
2022-10-10T02:00:00.000Z,102.5546875,102.56640625,102.53515625,102.5625,3695
2022-10-10T06:00:00.000Z,102.55859375,102.578125,102.53125,102.5546875,11982
2022-10-10T10:00:00.000Z,102.5546875,102.5546875,102.50390625,102.515625,35286
2022-10-10T14:00:00.000Z,102.515625,102.5234375,102.42578125,102.4609375,53306
2022-10-10T18:00:00.000Z,102.46484375,102.50390625,102.46484375,102.4921875,12125
2022-10-10T22:00:00.000Z,102.49609375,102.5234375,102.4609375,102.46484375,16385
2022-10-11T02:00:00.000Z,102.46875,102.4765625,102.4296875,102.44921875,16976
2022-10-11T06:00:00.000Z,102.44921875,102.53125,102.4375,102.48046875,40101
2022-10-11T10:00:00.000Z,102.48046875,102.578125,102.47265625,102.546875,132458
2022-10-11T14:00:00.000Z,102.54296875,102.6015625,102.5234375,102.55078125,139627
2022-10-11T18:00:00.000Z,102.5546875,102.5546875,102.5,102.52734375,81055
2022-10-11T22:00:00.000Z,102.51953125,102.55078125,102.5078125,102.5390625,9477
2022-10-12T02:00:00.000Z,102.5390625,102.6171875,102.5234375,102.5625,14948
2022-10-12T06:00:00.000Z,102.5625,102.59765625,102.5390625,102.5625,30599
2022-10-12T10:00:00.000Z,102.55859375,102.5625,102.48828125,102.5390625,123631
2022-10-12T14:00:00.000Z,102.53515625,102.5625,102.515625,102.5234375,112607
2022-10-12T18:00:00.000Z,102.5234375,102.59375,102.5234375,102.55078125,59125
2022-10-12T22:00:00.000Z,102.5546875,102.578125,102.515625,102.51953125,7530
2022-10-13T02:00:00.000Z,102.5234375,102.52734375,102.50390625,102.515625,6855
2022-10-13T06:00:00.000Z,102.515625,102.55078125,102.4921875,102.53515625,29885
2022-10-13T10:00:00.000Z,102.5390625,102.62890625,102.078125,102.171875,369325
2022-10-13T14:00:00.000Z,102.171875,102.34375,102.1640625,102.31640625,213552
2022-10-13T18:00:00.000Z,102.31640625,102.31640625,102.17578125,102.20703125,82575
2022-10-13T22:00:00.000Z,102.20703125,102.27734375,102.15234375,102.26171875,19893
2022-10-14T02:00:00.000Z,102.26171875,102.2734375,102.22265625,102.2578125,23062
2022-10-14T06:00:00.000Z,102.2578125,102.3359375,102.25390625,102.29296875,45463
2022-10-14T10:00:00.000Z,102.296875,102.36328125,102.27734375,102.32421875,160073
2022-10-14T14:00:00.000Z,102.32421875,102.32421875,102.13671875,102.15625,190655
2022-10-14T18:00:00.000Z,102.15625,102.18359375,102.12890625,102.171875,69879
2022-10-16T22:00:00.000Z,102.15234375,102.2265625,102.12890625,102.20703125,8732
2022-10-17T02:00:00.000Z,102.20703125,102.24609375,102.20703125,102.24609375,10007
2022-10-17T06:00:00.000Z,102.24609375,102.296875,102.2265625,102.26953125,36810
2022-10-17T10:00:00.000Z,102.26953125,102.37109375,102.24609375,102.3203125,117729
2022-10-17T14:00:00.000Z,102.32421875,102.33203125,102.25390625,102.2734375,70028
2022-10-17T18:00:00.000Z,102.2734375,102.2890625,102.2578125,102.28515625,56337
2022-10-17T22:00:00.000Z,102.28125,102.31640625,102.27734375,102.29296875,6991
2022-10-18T02:00:00.000Z,102.296875,102.36328125,102.28515625,102.34765625,16349
2022-10-18T06:00:00.000Z,102.3515625,102.3515625,102.2421875,102.2734375,33308
2022-10-18T10:00:00.000Z,102.2734375,102.37890625,102.26953125,102.3671875,104443
2022-10-18T14:00:00.000Z,102.3671875,102.375,102.23828125,102.296875,145284
2022-10-18T18:00:00.000Z,102.30078125,102.3203125,102.27734375,102.3046875,49240
2022-10-18T22:00:00.000Z,102.3046875,102.3203125,102.28125,102.3046875,6111
2022-10-19T02:00:00.000Z,102.3046875,102.3046875,102.265625,102.26953125,6172
2022-10-19T06:00:00.000Z,102.265625,102.265625,102.17578125,102.22265625,39333
2022-10-19T10:00:00.000Z,102.22265625,102.2265625,102.09765625,102.125,115783
2022-10-19T14:00:00.000Z,102.125,102.15625,102.0546875,102.0703125,107196
2022-10-19T18:00:00.000Z,102.07421875,102.0859375,102.0390625,102.04296875,60356
2022-10-19T22:00:00.000Z,102.046875,102.06640625,102.01171875,102.0234375,12336
2022-10-20T02:00:00.000Z,102.0234375,102.046875,102.01171875,102.03515625,8466
2022-10-20T06:00:00.000Z,102.03515625,102.05859375,101.94140625,101.99609375,70783
2022-10-20T10:00:00.000Z,101.99609375,102.05859375,101.9453125,101.98046875,131920
2022-10-20T14:00:00.000Z,101.98046875,102.046875,101.93359375,101.94921875,109672
2022-10-20T18:00:00.000Z,101.9453125,101.9609375,101.90234375,101.91796875,86094
2022-10-20T22:00:00.000Z,101.921875,101.96484375,101.921875,101.9453125,12392
2022-10-21T02:00:00.000Z,101.9453125,101.94921875,101.88671875,101.91796875,12778
2022-10-21T06:00:00.000Z,101.9140625,101.96484375,101.90625,101.95703125,52904
2022-10-21T10:00:00.000Z,101.95703125,102.14453125,101.90625,102.12109375,287991
2022-10-21T14:00:00.000Z,102.12109375,102.2734375,102.08984375,102.18359375,247567
2022-10-21T18:00:00.000Z,102.18359375,102.23828125,102.171875,102.22265625,83243
2022-10-23T22:00:00.000Z,102.2265625,102.29296875,102.21875,102.265625,19322
2022-10-24T02:00:00.000Z,102.26953125,102.34375,102.265625,102.33203125,21925
2022-10-24T06:00:00.000Z,102.33203125,102.37890625,102.1875,102.23828125,56256
2022-10-24T10:00:00.000Z,102.23828125,102.296875,102.15625,102.23046875,157683
2022-10-24T14:00:00.000Z,102.23046875,102.26953125,102.14453125,102.203125,132494
2022-10-24T18:00:00.000Z,102.203125,102.21484375,102.1640625,102.1875,56163
2022-10-24T22:00:00.000Z,102.1875,102.234375,102.16796875,102.21484375,9640
2022-10-25T02:00:00.000Z,102.21484375,102.234375,102.20703125,102.234375,11208
2022-10-25T06:00:00.000Z,102.234375,102.26953125,102.22265625,102.26171875,39549
2022-10-25T10:00:00.000Z,102.26171875,102.421875,102.25390625,102.38671875,162400
2022-10-25T14:00:00.000Z,102.38671875,102.421875,102.27734375,102.31640625,195457
2022-10-25T18:00:00.000Z,102.3125,102.328125,102.26171875,102.28515625,113632
2022-10-25T22:00:00.000Z,102.28125,102.30859375,102.2578125,102.2734375,15586
2022-10-26T02:00:00.000Z,102.26953125,102.31640625,102.26953125,102.30859375,9458
2022-10-26T06:00:00.000Z,102.30859375,102.3828125,102.30078125,102.3203125,59727
2022-10-26T10:00:00.000Z,102.32421875,102.37890625,102.2890625,102.359375,140583
2022-10-26T14:00:00.000Z,102.359375,102.46875,102.34765625,102.375,221873
2022-10-26T18:00:00.000Z,102.375,102.40625,102.359375,102.40234375,105279
2022-10-26T22:00:00.000Z,102.39453125,102.4140625,102.37109375,102.40234375,10041
2022-10-27T02:00:00.000Z,102.3984375,102.3984375,102.3671875,102.390625,9673
2022-10-27T06:00:00.000Z,102.390625,102.3984375,102.31640625,102.328125,30544
2022-10-27T10:00:00.000Z,102.33203125,102.515625,102.296875,102.43359375,179181
2022-10-27T14:00:00.000Z,102.43359375,102.5859375,102.43359375,102.52734375,164118
2022-10-27T18:00:00.000Z,102.52734375,102.64453125,102.51953125,102.62109375,98733
2022-10-27T22:00:00.000Z,102.640625,102.6640625,102.58984375,102.6484375,17232
2022-10-28T02:00:00.000Z,102.6484375,102.65234375,102.53515625,102.5390625,36278
2022-10-28T06:00:00.000Z,102.5390625,102.55859375,102.41015625,102.4375,73640
2022-10-28T10:00:00.000Z,102.43359375,102.546875,102.390625,102.4296875,182633
2022-10-28T14:00:00.000Z,102.4296875,102.46875,102.35546875,102.37109375,128535
2022-10-28T18:00:00.000Z,102.375,102.37890625,102.31640625,102.34375,77317
2022-10-30T22:00:00.000Z,102.3125,102.328125,102.234375,102.2734375,22977
2022-10-31T02:00:00.000Z,102.2734375,102.3046875,102.26171875,102.265625,8659
2022-10-31T06:00:00.000Z,102.265625,102.30078125,102.203125,102.203125,25991
2022-10-31T10:00:00.000Z,102.20703125,102.265625,102.1953125,102.19921875,84944
2022-10-31T14:00:00.000Z,102.203125,102.234375,102.1953125,102.2265625,85672
2022-10-31T18:00:00.000Z,102.22265625,102.2265625,102.15234375,102.21875,180727
2022-10-31T22:00:00.000Z,102.21875,102.26953125,102.20703125,102.2578125,12507
2022-11-01T02:00:00.000Z,102.2578125,102.2890625,102.25,102.26953125,18786
2022-11-01T06:00:00.000Z,102.26953125,102.3515625,102.26171875,102.34375,40467
2022-11-01T10:00:00.000Z,102.34375,102.37109375,102.296875,102.32421875,126569
2022-11-01T14:00:00.000Z,102.3203125,102.3203125,102.0859375,102.1171875,271513
2022-11-01T18:00:00.000Z,102.1171875,102.1171875,102.05859375,102.07421875,61287
2022-11-01T22:00:00.000Z,102.07421875,102.1328125,102.06640625,102.12890625,15699
2022-11-02T02:00:00.000Z,102.12890625,102.14453125,102.11328125,102.1171875,18608
2022-11-02T06:00:00.000Z,102.1171875,102.16796875,102.11328125,102.14453125,34262
2022-11-02T10:00:00.000Z,102.140625,102.140625,102.0703125,102.078125,110056
2022-11-02T14:00:00.000Z,102.078125,102.11328125,102.05078125,102.08984375,99559
2022-11-02T18:00:00.000Z,102.10546875,102.2890625,101.90234375,101.92578125,337627
2022-11-02T22:00:00.000Z,101.92578125,101.93359375,101.8828125,101.9140625,11962
2022-11-03T02:00:00.000Z,101.9140625,101.92578125,101.89453125,101.89453125,4731
2022-11-03T06:00:00.000Z,101.8984375,101.8984375,101.71484375,101.74609375,90164
2022-11-03T10:00:00.000Z,101.74609375,101.77734375,101.69140625,101.74609375,208567
2022-11-03T14:00:00.000Z,101.75,101.81640625,101.73828125,101.78515625,140158
2022-11-03T18:00:00.000Z,101.78515625,101.79296875,101.7421875,101.74609375,69311
2022-11-03T22:00:00.000Z,101.75390625,101.77734375,101.70703125,101.76953125,15016
2022-11-04T02:00:00.000Z,101.7734375,101.79296875,101.76171875,101.76953125,13442
2022-11-04T06:00:00.000Z,101.7734375,101.7890625,101.66796875,101.68359375,83621
2022-11-04T10:00:00.000Z,101.68359375,101.79296875,101.57421875,101.7421875,254316
2022-11-04T14:00:00.000Z,101.74609375,101.88671875,101.73046875,101.8359375,162877
2022-11-04T18:00:00.000Z,101.8359375,101.875,101.8125,101.8359375,60691
2022-11-06T23:00:00.000Z,101.8515625,101.875,101.8046875,101.80859375,15913
2022-11-07T03:00:00.000Z,101.80859375,101.81640625,101.796875,101.81640625,6561
2022-11-07T07:00:00.000Z,101.8125,101.8125,101.73828125,101.80078125,49719
2022-11-07T11:00:00.000Z,101.80078125,101.80859375,101.70703125,101.71484375,108769
2022-11-07T15:00:00.000Z,101.7109375,101.7421875,101.703125,101.734375,93509
2022-11-07T19:00:00.000Z,101.734375,101.73828125,101.703125,101.71484375,57764
2022-11-07T23:00:00.000Z,101.7109375,101.734375,101.6796875,101.72265625,14171
2022-11-08T03:00:00.000Z,101.71875,101.7265625,101.68359375,101.7109375,14431
2022-11-08T07:00:00.000Z,101.70703125,101.75,101.69921875,101.73046875,33523
2022-11-08T11:00:00.000Z,101.7265625,101.8125,101.703125,101.796875,87811
2022-11-08T15:00:00.000Z,101.79296875,101.86328125,101.7734375,101.8125,154871
2022-11-08T19:00:00.000Z,101.81640625,101.86328125,101.8125,101.86328125,51782
2022-11-08T23:00:00.000Z,101.86328125,101.87109375,101.828125,101.859375,10273
2022-11-09T03:00:00.000Z,101.86328125,101.875,101.84765625,101.85546875,16721
2022-11-09T07:00:00.000Z,101.8515625,101.90234375,101.82421875,101.83984375,44014
2022-11-09T11:00:00.000Z,101.8359375,101.8515625,101.796875,101.8203125,73157
2022-11-09T15:00:00.000Z,101.81640625,101.90234375,101.81640625,101.8828125,141758
2022-11-09T19:00:00.000Z,101.8828125,102.01171875,101.875,101.98046875,118317
2022-11-09T23:00:00.000Z,101.9921875,102.02734375,101.953125,101.95703125,15776
2022-11-10T03:00:00.000Z,101.95703125,101.99609375,101.953125,101.96875,11359
2022-11-10T07:00:00.000Z,101.96875,101.96875,101.90625,101.92578125,34736
2022-11-10T11:00:00.000Z,101.92578125,102.48046875,101.921875,102.46484375,379089
2022-11-10T15:00:00.000Z,102.46875,102.5390625,102.44140625,102.46484375,235786
2022-11-10T19:00:00.000Z,102.46484375,102.48828125,102.45703125,102.4609375,88501
2022-11-10T23:00:00.000Z,102.4609375,102.48046875,102.40625,102.41796875,16919
2022-11-11T03:00:00.000Z,102.41796875,102.44921875,102.40625,102.421875,13769
2022-11-11T07:00:00.000Z,102.41796875,102.49609375,102.3828125,102.45703125,53746
2022-11-11T11:00:00.000Z,102.453125,102.45703125,102.3671875,102.3828125,48220
2022-11-11T15:00:00.000Z,102.37890625,102.4296875,102.34765625,102.421875,47065
2022-11-11T19:00:00.000Z,102.421875,102.4609375,102.41796875,102.44921875,20612
2022-11-13T23:00:00.000Z,102.39453125,102.3984375,102.31640625,102.3359375,21889
2022-11-14T03:00:00.000Z,102.33984375,102.34765625,102.30078125,102.31640625,13002
2022-11-14T07:00:00.000Z,102.31640625,102.3828125,102.31640625,102.37109375,48582
2022-11-14T11:00:00.000Z,102.3671875,102.37890625,102.3046875,102.3046875,117564
2022-11-14T15:00:00.000Z,102.30859375,102.359375,102.28125,102.33984375,119368
2022-11-14T19:00:00.000Z,102.33984375,102.37109375,102.328125,102.3671875,56369
2022-11-14T23:00:00.000Z,102.36328125,102.38671875,102.34375,102.35546875,10920
2022-11-15T03:00:00.000Z,102.35546875,102.375,102.34375,102.375,7817
2022-11-15T07:00:00.000Z,102.37890625,102.44921875,102.35546875,102.4453125,49047
2022-11-15T11:00:00.000Z,102.4453125,102.49609375,102.39453125,102.41796875,187985
2022-11-15T15:00:00.000Z,102.41796875,102.44140625,102.33203125,102.41796875,144881
2022-11-15T19:00:00.000Z,102.4140625,102.4921875,102.37109375,102.46484375,96282
2022-11-15T23:00:00.000Z,102.453125,102.51171875,102.43359375,102.453125,28147
2022-11-16T03:00:00.000Z,102.44921875,102.453125,102.3984375,102.3984375,17576
2022-11-16T07:00:00.000Z,102.40234375,102.44140625,102.3515625,102.421875,32098
2022-11-16T11:00:00.000Z,102.421875,102.4609375,102.34765625,102.4296875,183455
2022-11-16T15:00:00.000Z,102.4296875,102.45703125,102.3984375,102.421875,140419
2022-11-16T19:00:00.000Z,102.421875,102.48046875,102.3984375,102.44140625,83026
2022-11-16T23:00:00.000Z,102.4375,102.44921875,102.38671875,102.40625,14917
2022-11-17T03:00:00.000Z,102.40625,102.42578125,102.39453125,102.41015625,12540
2022-11-17T07:00:00.000Z,102.41015625,102.4609375,102.390625,102.4140625,56887
2022-11-17T11:00:00.000Z,102.41015625,102.44140625,102.25390625,102.265625,191490
2022-11-17T15:00:00.000Z,102.265625,102.27734375,102.2109375,102.26953125,122054
2022-11-17T19:00:00.000Z,102.265625,102.28125,102.24609375,102.26171875,62565
2022-11-17T23:00:00.000Z,102.2578125,102.26953125,102.2421875,102.26171875,9610
2022-11-18T03:00:00.000Z,102.26171875,102.28515625,102.2578125,102.27734375,7952
2022-11-18T07:00:00.000Z,102.2734375,102.2890625,102.16015625,102.22265625,44081
2022-11-18T11:00:00.000Z,102.22265625,102.2578125,102.1796875,102.24609375,98763
2022-11-18T15:00:00.000Z,102.24609375,102.27734375,102.1640625,102.17578125,139872
2022-11-18T19:00:00.000Z,102.17578125,102.1796875,102.10546875,102.11328125,66718
2022-11-20T23:00:00.000Z,102.125,102.19140625,102.125,102.17578125,14376
2022-11-21T03:00:00.000Z,102.17578125,102.18359375,102.140625,102.14453125,10438
2022-11-21T07:00:00.000Z,102.14453125,102.1640625,102.1015625,102.1171875,32799
2022-11-21T11:00:00.000Z,102.1171875,102.19140625,102.1171875,102.1484375,108048
2022-11-21T15:00:00.000Z,102.1484375,102.15625,102.09375,102.109375,213563
2022-11-21T19:00:00.000Z,102.109375,102.12109375,102.06640625,102.08203125,78815
2022-11-21T23:00:00.000Z,102.078125,102.125,102.0703125,102.1171875,11890
2022-11-22T03:00:00.000Z,102.12109375,102.1484375,102.109375,102.12890625,18303
2022-11-22T07:00:00.000Z,102.12890625,102.16796875,102.11328125,102.15234375,28029
2022-11-22T11:00:00.000Z,102.15234375,102.1640625,102.09765625,102.10546875,153969
2022-11-22T15:00:00.000Z,102.1015625,102.13671875,102.078125,102.1171875,194364
2022-11-22T19:00:00.000Z,102.1171875,102.12109375,102.0625,102.09375,102662
2022-11-22T23:00:00.000Z,102.09375,102.11328125,102.06640625,102.07421875,6886
2022-11-23T03:00:00.000Z,102.0703125,102.078125,102.0625,102.0625,5764
2022-11-23T07:00:00.000Z,102.0625,102.07421875,102.03125,102.0625,43967
2022-11-23T11:00:00.000Z,102.0625,102.18359375,101.99609375,102.15234375,179195
2022-11-23T15:00:00.000Z,102.15625,102.1875,102.09375,102.09375,134832
2022-11-23T19:00:00.000Z,102.09765625,102.18359375,102.09375,102.16015625,76840
2022-11-23T23:00:00.000Z,102.16015625,102.203125,102.15234375,102.19921875,7617
2022-11-24T03:00:00.000Z,102.19921875,102.23828125,102.1953125,102.234375,7642
2022-11-24T07:00:00.000Z,102.23828125,102.30078125,102.23828125,102.27734375,21648
2022-11-24T11:00:00.000Z,102.2734375,102.296875,102.25,102.26171875,17643
2022-11-24T15:00:00.000Z,102.26171875,102.265625,102.2421875,102.26171875,6592
2022-11-24T23:00:00.000Z,102.2578125,102.2578125,102.2265625,102.25,10160
2022-11-25T03:00:00.000Z,102.2421875,102.2734375,102.2421875,102.26171875,9687
2022-11-25T07:00:00.000Z,102.265625,102.26953125,102.14453125,102.16796875,31715
2022-11-25T11:00:00.000Z,102.16796875,102.1875,102.09765625,102.140625,55066
2022-11-25T15:00:00.000Z,102.13671875,102.1953125,102.12890625,102.1875,44733
2022-11-27T23:00:00.000Z,102.1796875,102.26171875,102.17578125,102.24609375,15123
2022-11-28T03:00:00.000Z,102.25,102.28125,102.23828125,102.26953125,11061
2022-11-28T07:00:00.000Z,102.26953125,102.2734375,102.2109375,102.21875,25254
2022-11-28T11:00:00.000Z,102.21875,102.234375,102.16796875,102.2265625,64636
2022-11-28T15:00:00.000Z,102.23046875,102.265625,102.1875,102.19140625,86797
2022-11-28T19:00:00.000Z,102.1875,102.25,102.171875,102.25,47858
2022-11-28T23:00:00.000Z,102.21875,102.2421875,102.20703125,102.21875,4433
2022-11-29T03:00:00.000Z,102.21875,102.265625,102.1875,102.25,6364
2022-11-29T07:00:00.000Z,102.25,102.32421875,102.24609375,102.28125,11983
2022-11-29T11:00:00.000Z,102.28125,102.2890625,102.171875,102.1875,30842
2022-11-29T15:00:00.000Z,102.1875,102.24609375,102.1640625,102.1640625,31493
2022-11-29T19:00:00.000Z,102.16796875,102.1953125,102.16015625,102.19140625,13404
2022-11-29T23:00:00.000Z,102.1796875,102.21484375,102.17578125,102.20703125,925
2022-11-30T03:00:00.000Z,102.2109375,102.22265625,102.20703125,102.20703125,1176
2022-11-30T07:00:00.000Z,102.2109375,102.21875,102.16796875,102.18359375,3635
2022-11-30T11:00:00.000Z,102.19140625,102.203125,102.07421875,102.125,4378
2022-11-30T15:00:00.000Z,102.13671875,102.30859375,102.06640625,102.27734375,8592
2022-11-30T19:00:00.000Z,102.28125,102.47265625,102.2734375,102.45703125,7685
2022-11-30T23:00:00.000Z,102.8125,102.81640625,102.765625,102.78125,25442
2022-12-01T03:00:00.000Z,102.78515625,102.796875,102.76171875,102.76953125,18983
2022-12-01T07:00:00.000Z,102.7734375,102.79296875,102.703125,102.77734375,70008
2022-12-01T11:00:00.000Z,102.77734375,102.83984375,102.75,102.7734375,161076
2022-12-01T15:00:00.000Z,102.78125,102.91015625,102.7578125,102.875,146758
2022-12-01T19:00:00.000Z,102.875,102.99609375,102.8671875,102.98828125,142994
2022-12-01T23:00:00.000Z,102.98828125,102.98828125,102.89453125,102.90234375,20788
2022-12-02T03:00:00.000Z,102.90234375,102.93359375,102.89453125,102.91796875,19316
2022-12-02T07:00:00.000Z,102.91796875,103.0859375,102.91796875,103.07421875,67050
2022-12-02T11:00:00.000Z,103.07421875,103.1015625,102.6484375,102.73046875,367305
2022-12-02T15:00:00.000Z,102.734375,102.859375,102.7109375,102.8515625,136933
2022-12-02T19:00:00.000Z,102.85546875,102.9375,102.85546875,102.8984375,60823
2022-12-04T23:00:00.000Z,102.86328125,102.8671875,102.80078125,102.8359375,10240
2022-12-05T03:00:00.000Z,102.8359375,102.83984375,102.796875,102.80859375,14707
2022-12-05T07:00:00.000Z,102.80859375,102.81640625,102.765625,102.80859375,54159
2022-12-05T11:00:00.000Z,102.80859375,102.8515625,102.78125,102.7890625,115105
2022-12-05T15:00:00.000Z,102.7890625,102.7890625,102.6796875,102.69140625,139170
2022-12-05T19:00:00.000Z,102.69140625,102.69140625,102.61328125,102.6640625,90022
2022-12-05T23:00:00.000Z,102.66796875,102.6953125,102.6484375,102.67578125,9524
2022-12-06T03:00:00.000Z,102.67578125,102.68359375,102.64453125,102.66015625,9123
2022-12-06T07:00:00.000Z,102.66015625,102.71484375,102.609375,102.7109375,24858
2022-12-06T11:00:00.000Z,102.70703125,102.72265625,102.64453125,102.66796875,90280
2022-12-06T15:00:00.000Z,102.671875,102.6953125,102.6484375,102.69140625,60037
2022-12-06T19:00:00.000Z,102.69140625,102.76171875,102.6875,102.69140625,70104
2022-12-06T23:00:00.000Z,102.6953125,102.70703125,102.67578125,102.6953125,9297
2022-12-07T03:00:00.000Z,102.6953125,102.7265625,102.6875,102.72265625,6437
2022-12-07T07:00:00.000Z,102.72265625,102.7578125,102.71875,102.7421875,21783
2022-12-07T11:00:00.000Z,102.73828125,102.8984375,102.69921875,102.86328125,110977
2022-12-07T15:00:00.000Z,102.86328125,102.9765625,102.82421875,102.91015625,95392
2022-12-07T19:00:00.000Z,102.91015625,102.9609375,102.90625,102.921875,56921
2022-12-07T23:00:00.000Z,102.9140625,102.91796875,102.84765625,102.87109375,11655
2022-12-08T03:00:00.000Z,102.8671875,102.8984375,102.84765625,102.890625,7537
2022-12-08T07:00:00.000Z,102.88671875,102.90625,102.8671875,102.890625,20508
2022-12-08T11:00:00.000Z,102.890625,102.91015625,102.80078125,102.84765625,93249
2022-12-08T15:00:00.000Z,102.84765625,102.8984375,102.79296875,102.8046875,103332
2022-12-08T19:00:00.000Z,102.80078125,102.8203125,102.7890625,102.81640625,74539
2022-12-08T23:00:00.000Z,102.81640625,102.84375,102.8046875,102.84375,5374
2022-12-09T03:00:00.000Z,102.84375,102.89453125,102.83984375,102.890625,13530
2022-12-09T07:00:00.000Z,102.890625,102.890625,102.84375,102.87109375,29775
2022-12-09T11:00:00.000Z,102.875,102.9296875,102.73828125,102.78515625,125728
2022-12-09T15:00:00.000Z,102.78515625,102.84765625,102.76171875,102.828125,79766
2022-12-09T19:00:00.000Z,102.83203125,102.83984375,102.73046875,102.7421875,48949
2022-12-11T23:00:00.000Z,102.71875,102.765625,102.69140625,102.7578125,9778
2022-12-12T03:00:00.000Z,102.7578125,102.76953125,102.73828125,102.76953125,4854
2022-12-12T07:00:00.000Z,102.765625,102.79296875,102.74609375,102.7890625,30606
2022-12-12T11:00:00.000Z,102.78515625,102.8046875,102.75390625,102.765625,69215
2022-12-12T15:00:00.000Z,102.765625,102.7734375,102.625,102.640625,111809
2022-12-12T19:00:00.000Z,102.64453125,102.703125,102.62890625,102.6953125,72329
2022-12-12T23:00:00.000Z,102.6953125,102.71875,102.67578125,102.7109375,10612
2022-12-13T03:00:00.000Z,102.7109375,102.72265625,102.6953125,102.71875,8606
2022-12-13T07:00:00.000Z,102.71484375,102.73828125,102.6796875,102.69921875,32084
2022-12-13T11:00:00.000Z,102.69921875,103.19921875,102.6953125,103.12890625,309585
2022-12-13T15:00:00.000Z,103.12890625,103.13671875,103,103.00390625,202798
2022-12-13T19:00:00.000Z,103.0078125,103.046875,102.9765625,103.0234375,55364
2022-12-13T23:00:00.000Z,103.01953125,103.04296875,103.01171875,103.04296875,8294
2022-12-14T03:00:00.000Z,103.04296875,103.0859375,103.03125,103.078125,13038
2022-12-14T07:00:00.000Z,103.078125,103.125,103.078125,103.10546875,48481
2022-12-14T11:00:00.000Z,103.10546875,103.1328125,103.06640625,103.1328125,97504
2022-12-14T15:00:00.000Z,103.12890625,103.16796875,103.1015625,103.1328125,136949
2022-12-14T19:00:00.000Z,103.14453125,103.171875,102.859375,103.046875,229819
2022-12-14T23:00:00.000Z,103.0625,103.0625,102.96484375,102.99609375,10114
2022-12-15T03:00:00.000Z,102.99609375,103,102.97265625,102.99609375,9425
2022-12-15T07:00:00.000Z,103,103.03515625,102.9609375,102.98046875,38669
2022-12-15T11:00:00.000Z,102.98046875,103.07421875,102.9453125,102.98828125,124787
2022-12-15T15:00:00.000Z,102.98828125,102.99609375,102.90625,102.98046875,129771
2022-12-15T19:00:00.000Z,102.98046875,102.9921875,102.9609375,102.9765625,48442
2022-12-15T23:00:00.000Z,102.98046875,102.98046875,102.94921875,102.953125,7495
2022-12-16T03:00:00.000Z,102.953125,102.96875,102.94921875,102.953125,6362
2022-12-16T07:00:00.000Z,102.953125,102.97265625,102.91796875,102.94140625,36591
2022-12-16T11:00:00.000Z,102.94140625,102.9921875,102.86328125,102.96875,111813
2022-12-16T15:00:00.000Z,102.96484375,103.1328125,102.9453125,103.109375,116180
2022-12-16T19:00:00.000Z,103.11328125,103.12890625,103.05078125,103.078125,51014
2022-12-18T23:00:00.000Z,103.078125,103.078125,103.015625,103.0390625,12700
2022-12-19T03:00:00.000Z,103.0390625,103.07421875,103.03125,103.0546875,10210
2022-12-19T07:00:00.000Z,103.05078125,103.09375,103.05078125,103.07421875,30445
2022-12-19T11:00:00.000Z,103.0703125,103.07421875,102.98046875,102.984375,72166
2022-12-19T15:00:00.000Z,102.98828125,103.0078125,102.9375,102.96484375,71813
2022-12-19T19:00:00.000Z,102.96484375,102.96484375,102.91796875,102.93359375,42994
2022-12-19T23:00:00.000Z,102.9375,102.96484375,102.921875,102.94921875,8930
2022-12-20T03:00:00.000Z,102.9453125,102.95703125,102.86328125,102.9140625,42661
2022-12-20T07:00:00.000Z,102.91796875,102.9375,102.8828125,102.8984375,38767
2022-12-20T11:00:00.000Z,102.8984375,102.921875,102.82421875,102.8359375,73078
2022-12-20T15:00:00.000Z,102.83984375,102.90625,102.83984375,102.890625,86976
2022-12-20T19:00:00.000Z,102.890625,102.9375,102.890625,102.9296875,58530
2022-12-20T23:00:00.000Z,102.93359375,102.9375,102.890625,102.890625,12244
2022-12-21T03:00:00.000Z,102.890625,102.953125,102.890625,102.9453125,10545
2022-12-21T07:00:00.000Z,102.94140625,103.0078125,102.9375,102.96484375,26528
2022-12-21T11:00:00.000Z,102.96484375,103.0546875,102.95703125,103.01953125,96718
2022-12-21T15:00:00.000Z,103.01953125,103.03125,102.9609375,103.02734375,80788
2022-12-21T19:00:00.000Z,103.02734375,103.03515625,102.984375,103,57168
2022-12-21T23:00:00.000Z,103.01171875,103.0234375,102.99609375,103.01171875,4711
2022-12-22T03:00:00.000Z,103.01171875,103.03125,103.00390625,103.0234375,3801
2022-12-22T07:00:00.000Z,103.02734375,103.0546875,103.01953125,103.03515625,16862
2022-12-22T11:00:00.000Z,103.03515625,103.0390625,102.89453125,102.92578125,87391
2022-12-22T15:00:00.000Z,102.9296875,102.9921875,102.92578125,102.94921875,49104
2022-12-22T19:00:00.000Z,102.94921875,102.94921875,102.88671875,102.90234375,35434
2022-12-22T23:00:00.000Z,102.89453125,102.90234375,102.86328125,102.88671875,7860
2022-12-23T03:00:00.000Z,102.88671875,102.91796875,102.87890625,102.91015625,5196
2022-12-23T07:00:00.000Z,102.91015625,102.921875,102.87109375,102.87890625,12073
2022-12-23T11:00:00.000Z,102.87890625,102.8984375,102.79296875,102.8046875,89678
2022-12-23T15:00:00.000Z,102.8046875,102.8515625,102.80078125,102.8125,55236
2022-12-23T19:00:00.000Z,102.8125,102.83203125,102.80078125,102.8203125,7042
2022-12-26T23:00:00.000Z,102.828125,102.83203125,102.7890625,102.79296875,4068
2022-12-27T03:00:00.000Z,102.79296875,102.796875,102.78515625,102.79296875,2033
2022-12-27T07:00:00.000Z,102.7890625,102.796875,102.78125,102.78125,11815
2022-12-27T11:00:00.000Z,102.78515625,102.78515625,102.6953125,102.71484375,95049
2022-12-27T15:00:00.000Z,102.71484375,102.73828125,102.578125,102.640625,124899
2022-12-27T19:00:00.000Z,102.640625,102.6796875,102.6171875,102.671875,59456
2022-12-27T23:00:00.000Z,102.671875,102.68359375,102.640625,102.65625,8887
2022-12-28T03:00:00.000Z,102.66015625,102.6640625,102.64453125,102.65234375,5026
2022-12-28T07:00:00.000Z,102.65234375,102.69921875,102.65234375,102.6796875,20255
2022-12-28T11:00:00.000Z,102.6796875,102.7109375,102.66015625,102.6875,57908
2022-12-28T15:00:00.000Z,102.6875,102.69921875,102.625,102.6484375,79400
2022-12-28T19:00:00.000Z,102.6484375,102.65234375,102.62109375,102.64453125,35471
2022-12-28T23:00:00.000Z,102.64453125,102.6796875,102.64453125,102.66796875,4583
2022-12-29T03:00:00.000Z,102.66796875,102.66796875,102.6328125,102.64453125,13599
2022-12-29T07:00:00.000Z,102.64453125,102.6875,102.640625,102.640625,13785
2022-12-29T11:00:00.000Z,102.64453125,102.6640625,102.609375,102.6484375,63516
2022-12-29T15:00:00.000Z,102.64453125,102.6484375,102.58984375,102.62890625,63732
2022-12-29T19:00:00.000Z,102.62890625,102.63671875,102.59765625,102.62109375,40839
2022-12-29T23:00:00.000Z,102.62109375,102.62109375,102.59375,102.59765625,9589
2022-12-30T03:00:00.000Z,102.59765625,102.61328125,102.58984375,102.6015625,4521
2022-12-30T07:00:00.000Z,102.6015625,102.609375,102.546875,102.5625,17003
2022-12-30T11:00:00.000Z,102.5625,102.58203125,102.49609375,102.515625,63334
2022-12-30T15:00:00.000Z,102.51171875,102.58203125,102.46484375,102.51171875,195925
2022-12-30T19:00:00.000Z,102.50390625,102.53515625,102.4921875,102.53125,19409
2023-01-02T23:00:00.000Z,102.60546875,102.62890625,102.5703125,102.59765625,10632
2023-01-03T03:00:00.000Z,102.59375,102.625,102.58984375,102.609375,5652
2023-01-03T07:00:00.000Z,102.61328125,102.68359375,102.58203125,102.66015625,39953
2023-01-03T11:00:00.000Z,102.6640625,102.6640625,102.59375,102.64453125,121489
2023-01-03T15:00:00.000Z,102.64453125,102.64453125,102.52734375,102.54296875,109124
2023-01-03T19:00:00.000Z,102.54296875,102.61328125,102.54296875,102.609375,57667
2023-01-03T23:00:00.000Z,102.59765625,102.6328125,102.58984375,102.62890625,10221
2023-01-04T03:00:00.000Z,102.62890625,102.66015625,102.6171875,102.65625,13972
2023-01-04T07:00:00.000Z,102.65625,102.703125,102.64453125,102.671875,37290
2023-01-04T11:00:00.000Z,102.671875,102.73046875,102.66796875,102.7265625,116408
2023-01-04T15:00:00.000Z,102.7265625,102.74609375,102.59765625,102.66015625,191354
2023-01-04T19:00:00.000Z,102.66015625,102.66796875,102.58984375,102.6640625,104822
2023-01-04T23:00:00.000Z,102.66015625,102.66015625,102.59375,102.6015625,9902
2023-01-05T03:00:00.000Z,102.59765625,102.6015625,102.5703125,102.58203125,8577
2023-01-05T07:00:00.000Z,102.58203125,102.609375,102.5703125,102.609375,18836
2023-01-05T11:00:00.000Z,102.609375,102.62109375,102.3828125,102.41015625,224343
2023-01-05T15:00:00.000Z,102.40625,102.515625,102.40234375,102.50390625,127330
2023-01-05T19:00:00.000Z,102.49609375,102.50390625,102.44921875,102.4609375,57264
2023-01-05T23:00:00.000Z,102.4609375,102.4765625,102.43359375,102.4609375,10217
2023-01-06T03:00:00.000Z,102.4609375,102.46875,102.44921875,102.45703125,8249
2023-01-06T07:00:00.000Z,102.45703125,102.47265625,102.41015625,102.421875,27610
2023-01-06T11:00:00.000Z,102.41796875,102.60546875,102.34375,102.546875,282435
2023-01-06T15:00:00.000Z,102.55078125,102.8515625,102.55078125,102.828125,292670
2023-01-06T19:00:00.000Z,102.83203125,102.87109375,102.8125,102.84765625,85643
2023-01-08T23:00:00.000Z,102.83984375,102.84375,102.80078125,102.828125,14241
2023-01-09T03:00:00.000Z,102.83203125,102.85546875,102.81640625,102.8515625,8617
2023-01-09T07:00:00.000Z,102.8515625,102.8515625,102.7734375,102.796875,44793
2023-01-09T11:00:00.000Z,102.80078125,102.9140625,102.796875,102.8984375,110980
2023-01-09T15:00:00.000Z,102.8984375,102.98046875,102.875,102.93359375,182114
2023-01-09T19:00:00.000Z,102.93359375,102.98828125,102.93359375,102.9375,147684
2023-01-09T23:00:00.000Z,102.93359375,102.95703125,102.90625,102.9375,11182
2023-01-10T03:00:00.000Z,102.93359375,102.9453125,102.91796875,102.93359375,6650
2023-01-10T07:00:00.000Z,102.93359375,102.9375,102.89453125,102.90625,26097
2023-01-10T11:00:00.000Z,102.90625,102.921875,102.83203125,102.85546875,132127
2023-01-10T15:00:00.000Z,102.8515625,102.86328125,102.8046875,102.8515625,200126
2023-01-10T19:00:00.000Z,102.8515625,102.890625,102.83984375,102.85546875,71240
2023-01-10T23:00:00.000Z,102.859375,102.90234375,102.859375,102.8984375,8315
2023-01-11T03:00:00.000Z,102.8984375,102.91015625,102.89453125,102.90234375,5367
2023-01-11T07:00:00.000Z,102.90234375,102.9453125,102.87109375,102.8828125,40611
2023-01-11T11:00:00.000Z,102.8828125,102.8984375,102.8203125,102.85546875,106209
2023-01-11T15:00:00.000Z,102.85546875,102.8984375,102.83984375,102.890625,119667
2023-01-11T19:00:00.000Z,102.890625,102.9296875,102.8828125,102.9140625,78794
2023-01-11T23:00:00.000Z,102.91796875,102.9453125,102.88671875,102.9375,9257
2023-01-12T03:00:00.000Z,102.9375,102.94921875,102.8984375,102.90625,13527
2023-01-12T07:00:00.000Z,102.90625,102.92578125,102.859375,102.88671875,59125
2023-01-12T11:00:00.000Z,102.890625,103.1328125,102.65625,102.9921875,404727
2023-01-12T15:00:00.000Z,102.9921875,103.10546875,102.98046875,103.0859375,193529
2023-01-12T19:00:00.000Z,103.0859375,103.09765625,103.05078125,103.05078125,79157
2023-01-12T23:00:00.000Z,103.05078125,103.078125,103.01171875,103.03125,16958
2023-01-13T03:00:00.000Z,103.03125,103.0703125,103.01953125,103.0625,8958
2023-01-13T07:00:00.000Z,103.06640625,103.12890625,103.046875,103.08984375,45455
2023-01-13T11:00:00.000Z,103.08984375,103.08984375,102.9921875,103.04296875,132866
2023-01-13T15:00:00.000Z,103.03515625,103.046875,102.91796875,102.91796875,111339
2023-01-13T19:00:00.000Z,102.91796875,102.921875,102.87890625,102.88671875,69917
2023-01-15T23:00:00.000Z,102.88671875,102.921875,102.88671875,102.91015625,5249
2023-01-16T03:00:00.000Z,102.91015625,102.92578125,102.90234375,102.91015625,4034
2023-01-16T07:00:00.000Z,102.91015625,102.94140625,102.8671875,102.890625,15348
2023-01-16T11:00:00.000Z,102.890625,102.8984375,102.8671875,102.87109375,13906
2023-01-16T15:00:00.000Z,102.87109375,102.89453125,102.8671875,102.875,9635
2023-01-16T23:00:00.000Z,102.87890625,102.8984375,102.84765625,102.8515625,11377
2023-01-17T03:00:00.000Z,102.85546875,102.87890625,102.84765625,102.86328125,8319
2023-01-17T07:00:00.000Z,102.86328125,102.8984375,102.8359375,102.890625,30741
2023-01-17T11:00:00.000Z,102.88671875,102.9453125,102.83203125,102.9296875,146022
2023-01-17T15:00:00.000Z,102.9296875,103.0078125,102.921875,102.95703125,120381
2023-01-17T19:00:00.000Z,102.953125,102.9921875,102.94140625,102.94140625,55803
2023-01-17T23:00:00.000Z,102.9453125,103.03515625,102.92578125,103,28313
2023-01-18T03:00:00.000Z,103,103.015625,102.97265625,102.99609375,18476
2023-01-18T07:00:00.000Z,103,103.01953125,102.953125,102.9765625,34122
2023-01-18T11:00:00.000Z,102.98046875,103.19921875,102.97265625,103.1328125,253216
2023-01-18T15:00:00.000Z,103.1328125,103.18359375,103.10546875,103.17578125,204861
2023-01-18T19:00:00.000Z,103.1796875,103.19921875,103.15625,103.16796875,63776
2023-01-18T23:00:00.000Z,103.171875,103.203125,103.1640625,103.1953125,13805
2023-01-19T03:00:00.000Z,103.1953125,103.26171875,103.19140625,103.2421875,16681
2023-01-19T07:00:00.000Z,103.2421875,103.25,103.19140625,103.2109375,34155
2023-01-19T11:00:00.000Z,103.2109375,103.2109375,103.09375,103.13671875,161939
2023-01-19T15:00:00.000Z,103.13671875,103.15234375,103.06640625,103.10546875,145338
2023-01-19T19:00:00.000Z,103.1015625,103.1328125,103.09375,103.09765625,64579
2023-01-19T23:00:00.000Z,103.1015625,103.109375,103.04296875,103.04296875,14546
2023-01-20T03:00:00.000Z,103.046875,103.0625,103.03515625,103.046875,13785
2023-01-20T07:00:00.000Z,103.046875,103.0625,103.01171875,103.01953125,28780
2023-01-20T11:00:00.000Z,103.015625,103.0390625,102.98046875,103.03515625,112291
2023-01-20T15:00:00.000Z,103.03515625,103.0390625,102.95703125,103.0078125,134264
2023-01-20T19:00:00.000Z,103.0078125,103.01953125,102.98828125,103.015625,48327
2023-01-22T23:00:00.000Z,103.015625,103.03125,102.9921875,103.0234375,7000
2023-01-23T03:00:00.000Z,103.02734375,103.04296875,103.01171875,103.015625,4072
2023-01-23T07:00:00.000Z,103.01953125,103.03125,102.984375,102.984375,21688
2023-01-23T11:00:00.000Z,102.98828125,103.0078125,102.91796875,102.9375,81472
2023-01-23T15:00:00.000Z,102.93359375,102.96875,102.8828125,102.8984375,95396
2023-01-23T19:00:00.000Z,102.89453125,102.90625,102.875,102.8984375,55323
2023-01-23T23:00:00.000Z,102.8984375,102.9296875,102.89453125,102.89453125,7022
2023-01-24T03:00:00.000Z,102.89453125,102.921875,102.89453125,102.9140625,5157
2023-01-24T07:00:00.000Z,102.9140625,102.9375,102.90234375,102.9296875,18763
2023-01-24T11:00:00.000Z,102.9296875,102.93359375,102.859375,102.875,113319
2023-01-24T15:00:00.000Z,102.875,102.96484375,102.87109375,102.953125,132034
2023-01-24T19:00:00.000Z,102.94921875,102.953125,102.9296875,102.9453125,54292
2023-01-24T23:00:00.000Z,102.94921875,102.94921875,102.9296875,102.93359375,12014
2023-01-25T03:00:00.000Z,102.9296875,102.94140625,102.91015625,102.9375,6155
2023-01-25T07:00:00.000Z,102.9375,102.96484375,102.9140625,102.94921875,22100
2023-01-25T11:00:00.000Z,102.94921875,102.984375,102.93359375,102.98046875,115720
2023-01-25T15:00:00.000Z,102.98046875,103.03125,102.9453125,102.98046875,114108
2023-01-25T19:00:00.000Z,102.98046875,102.99609375,102.953125,102.98828125,48524
2023-01-25T23:00:00.000Z,102.9921875,103.00390625,102.98046875,102.99609375,7160
2023-01-26T03:00:00.000Z,102.99609375,103.00390625,102.98046875,102.98046875,5595
2023-01-26T07:00:00.000Z,102.984375,102.99609375,102.953125,102.96875,25308
2023-01-26T11:00:00.000Z,102.96484375,102.96875,102.8828125,102.91015625,108696
2023-01-26T15:00:00.000Z,102.9140625,102.94140625,102.86328125,102.91796875,142426
2023-01-26T19:00:00.000Z,102.91796875,102.91796875,102.87109375,102.88671875,64432
2023-01-26T23:00:00.000Z,102.875,102.890625,102.8671875,102.87890625,8477
2023-01-27T03:00:00.000Z,102.87890625,102.8828125,102.859375,102.87109375,8038
2023-01-27T07:00:00.000Z,102.87109375,102.875,102.83203125,102.8359375,38218
2023-01-27T11:00:00.000Z,102.8359375,102.8671875,102.80859375,102.828125,99184
2023-01-27T15:00:00.000Z,102.83203125,102.8515625,102.80078125,102.83203125,74035
2023-01-27T19:00:00.000Z,102.83203125,102.84765625,102.82421875,102.84375,47043
2023-01-29T23:00:00.000Z,102.84375,102.84375,102.80859375,102.82421875,14881
2023-01-30T03:00:00.000Z,102.82421875,102.85546875,102.81640625,102.8515625,8414
2023-01-30T07:00:00.000Z,102.8515625,102.85546875,102.78515625,102.79296875,38138
2023-01-30T11:00:00.000Z,102.79296875,102.79296875,102.73046875,102.75390625,92192
2023-01-30T15:00:00.000Z,102.75390625,102.76171875,102.70703125,102.74609375,77704
2023-01-30T19:00:00.000Z,102.74609375,102.78515625,102.73046875,102.7734375,91367
2023-01-30T23:00:00.000Z,102.7734375,102.78515625,102.75,102.765625,10276
2023-01-31T03:00:00.000Z,102.765625,102.77734375,102.75390625,102.76953125,5465
2023-01-31T07:00:00.000Z,102.765625,102.8125,102.765625,102.7734375,31773
2023-01-31T11:00:00.000Z,102.7734375,102.86328125,102.7578125,102.828125,153560
2023-01-31T15:00:00.000Z,102.828125,102.83984375,102.78125,102.8125,122096
2023-01-31T19:00:00.000Z,102.80859375,102.890625,102.80859375,102.84765625,197278
2023-01-31T23:00:00.000Z,102.84765625,102.8515625,102.82421875,102.84375,12990
2023-02-01T03:00:00.000Z,102.84375,102.84375,102.82421875,102.84375,6674
2023-02-01T07:00:00.000Z,102.84375,102.8828125,102.83203125,102.859375,31250
2023-02-01T11:00:00.000Z,102.859375,102.90234375,102.83984375,102.8671875,109427
2023-02-01T15:00:00.000Z,102.8671875,102.8984375,102.80078125,102.81640625,156416
2023-02-01T19:00:00.000Z,102.8125,103.07421875,102.71875,103.01953125,305952
2023-02-01T23:00:00.000Z,103.015625,103.06640625,103.01171875,103.03125,25493
2023-02-02T03:00:00.000Z,103.03125,103.03515625,103,103.0234375,12886
2023-02-02T07:00:00.000Z,103.02734375,103.0546875,103,103.00390625,39806
2023-02-02T11:00:00.000Z,103.00390625,103.15625,103.00390625,103.05078125,212105
2023-02-02T15:00:00.000Z,103.0546875,103.125,103.0234375,103.0546875,150399
2023-02-02T19:00:00.000Z,103.0546875,103.06640625,103.01953125,103.03125,62508
2023-02-02T23:00:00.000Z,103.02734375,103.06640625,103.015625,103.05859375,16071
2023-02-03T03:00:00.000Z,103.0625,103.06640625,103.0234375,103.02734375,10618
2023-02-03T07:00:00.000Z,103.02734375,103.0546875,103.00390625,103.04296875,41021
2023-02-03T11:00:00.000Z,103.04296875,103.05859375,102.71875,102.8046875,359933
2023-02-03T15:00:00.000Z,102.8046875,102.8046875,102.6640625,102.6796875,229154
2023-02-03T19:00:00.000Z,102.67578125,102.68359375,102.625,102.671875,123082
2023-02-05T23:00:00.000Z,102.66015625,102.6640625,102.546875,102.5625,44147
2023-02-06T03:00:00.000Z,102.56640625,102.5859375,102.546875,102.55078125,30573
2023-02-06T07:00:00.000Z,102.5546875,102.57421875,102.43359375,102.46875,101455
2023-02-06T11:00:00.000Z,102.46875,102.49609375,102.40625,102.44921875,223373
2023-02-06T15:00:00.000Z,102.44921875,102.46484375,102.34375,102.3828125,197165
2023-02-06T19:00:00.000Z,102.3828125,102.390625,102.296875,102.328125,100558
2023-02-06T23:00:00.000Z,102.3359375,102.42578125,102.32421875,102.421875,34174
2023-02-07T03:00:00.000Z,102.421875,102.43359375,102.41015625,102.4296875,16814
2023-02-07T07:00:00.000Z,102.43359375,102.4453125,102.3984375,102.41015625,62528
2023-02-07T11:00:00.000Z,102.41015625,102.421875,102.3515625,102.37890625,147699
2023-02-07T15:00:00.000Z,102.37890625,102.48828125,102.31640625,102.37890625,273707
2023-02-07T19:00:00.000Z,102.37890625,102.3828125,102.3125,102.33984375,86788
2023-02-07T23:00:00.000Z,102.33984375,102.39453125,102.3359375,102.39453125,16671
2023-02-08T03:00:00.000Z,102.390625,102.421875,102.38671875,102.40625,17729
2023-02-08T07:00:00.000Z,102.40625,102.43359375,102.3671875,102.375,36559
2023-02-08T11:00:00.000Z,102.375,102.390625,102.3203125,102.3359375,109095
2023-02-08T15:00:00.000Z,102.3359375,102.3828125,102.30078125,102.33984375,137374
2023-02-08T19:00:00.000Z,102.33984375,102.41015625,102.33203125,102.41015625,95297
2023-02-08T23:00:00.000Z,102.4140625,102.4140625,102.37890625,102.390625,14658
2023-02-09T03:00:00.000Z,102.390625,102.39453125,102.359375,102.390625,16243
2023-02-09T07:00:00.000Z,102.390625,102.4375,102.37109375,102.43359375,35945
2023-02-09T11:00:00.000Z,102.43359375,102.4375,102.359375,102.359375,107275
2023-02-09T15:00:00.000Z,102.359375,102.36328125,102.25390625,102.26171875,140740
2023-02-09T19:00:00.000Z,102.26171875,102.29296875,102.2265625,102.28125,78686
2023-02-09T23:00:00.000Z,102.28515625,102.28515625,102.25,102.27734375,15688
2023-02-10T03:00:00.000Z,102.2734375,102.29296875,102.26171875,102.2890625,11911
2023-02-10T07:00:00.000Z,102.2890625,102.29296875,102.22265625,102.23046875,53381
2023-02-10T11:00:00.000Z,102.2265625,102.2890625,102.19921875,102.2734375,180823
2023-02-10T15:00:00.000Z,102.2734375,102.2734375,102.22265625,102.234375,157575
2023-02-10T19:00:00.000Z,102.234375,102.23828125,102.1875,102.203125,76715
2023-02-12T23:00:00.000Z,102.19921875,102.23828125,102.1640625,102.19140625,22357
2023-02-13T03:00:00.000Z,102.19140625,102.20703125,102.1875,102.20703125,13913
2023-02-13T07:00:00.000Z,102.20703125,102.20703125,102.171875,102.18359375,33177
2023-02-13T11:00:00.000Z,102.18359375,102.19140625,102.12890625,102.17578125,154722
2023-02-13T15:00:00.000Z,102.17578125,102.18359375,102.14453125,102.1640625,118927
2023-02-13T19:00:00.000Z,102.1640625,102.21484375,102.15625,102.20703125,75461
2023-02-13T23:00:00.000Z,102.203125,102.23828125,102.203125,102.21875,11543
2023-02-14T03:00:00.000Z,102.21875,102.23046875,102.21484375,102.23046875,11866
2023-02-14T07:00:00.000Z,102.23046875,102.23828125,102.2109375,102.234375,31773
2023-02-14T11:00:00.000Z,102.23828125,102.3984375,102.0078125,102.0625,371677
2023-02-14T15:00:00.000Z,102.06640625,102.1015625,101.953125,102,236475
2023-02-14T19:00:00.000Z,102,102.0078125,101.97265625,101.9921875,99940
2023-02-14T23:00:00.000Z,101.9921875,102.0234375,101.98046875,102.01171875,17206
2023-02-15T03:00:00.000Z,102.01171875,102.01953125,101.99609375,101.99609375,18578
2023-02-15T07:00:00.000Z,101.9921875,102.046875,101.98828125,102.015625,52844
2023-02-15T11:00:00.000Z,102.01171875,102.015625,101.83984375,101.98046875,279130
2023-02-15T15:00:00.000Z,101.9765625,102.015625,101.93359375,101.96875,171323
2023-02-15T19:00:00.000Z,101.96875,101.984375,101.95703125,101.96484375,87747
2023-02-15T23:00:00.000Z,101.96484375,102.00390625,101.9453125,101.99609375,16737
2023-02-16T03:00:00.000Z,102,102.0234375,101.9921875,102.01171875,12026
2023-02-16T07:00:00.000Z,102.0078125,102.05859375,102.00390625,102.05078125,29074
2023-02-16T11:00:00.000Z,102.05078125,102.06640625,101.89453125,101.92578125,231750
2023-02-16T15:00:00.000Z,101.92578125,102.01953125,101.92578125,102.015625,172147
2023-02-16T19:00:00.000Z,102.015625,102.03515625,101.9296875,101.94921875,147884
2023-02-16T23:00:00.000Z,101.9453125,101.95703125,101.8828125,101.89453125,23365
2023-02-17T03:00:00.000Z,101.8984375,101.91015625,101.875,101.87890625,14090
2023-02-17T07:00:00.000Z,101.875,101.89453125,101.81640625,101.84765625,52551
2023-02-17T11:00:00.000Z,101.84765625,101.921875,101.828125,101.90234375,136849
2023-02-17T15:00:00.000Z,101.90234375,102.0078125,101.8984375,101.98828125,143878
2023-02-17T19:00:00.000Z,101.98828125,102.01171875,101.984375,102,44405
2023-02-19T23:00:00.000Z,101.99609375,101.99609375,101.94140625,101.95703125,9764
2023-02-20T03:00:00.000Z,101.95703125,101.9765625,101.953125,101.9609375,7435
2023-02-20T07:00:00.000Z,101.95703125,101.95703125,101.93359375,101.94140625,7506
2023-02-20T11:00:00.000Z,101.94140625,101.95703125,101.93359375,101.94140625,9246
2023-02-20T15:00:00.000Z,101.94140625,101.9453125,101.9296875,101.9375,7835
2023-02-20T23:00:00.000Z,101.9296875,101.9375,101.90234375,101.92578125,9305
2023-02-21T03:00:00.000Z,101.921875,101.9375,101.91796875,101.93359375,5763
2023-02-21T07:00:00.000Z,101.93359375,101.953125,101.89453125,101.91015625,42588
2023-02-21T11:00:00.000Z,101.90625,101.92578125,101.8125,101.81640625,153637
2023-02-21T15:00:00.000Z,101.8125,101.87109375,101.78125,101.7890625,183878
2023-02-21T19:00:00.000Z,101.7890625,101.81640625,101.78515625,101.80078125,89507
2023-02-21T23:00:00.000Z,101.8046875,101.84765625,101.78515625,101.8359375,20899
2023-02-22T03:00:00.000Z,101.83984375,101.85546875,101.82421875,101.8515625,13792
2023-02-22T07:00:00.000Z,101.84765625,101.8828125,101.796875,101.8359375,42387
2023-02-22T11:00:00.000Z,101.8359375,101.89453125,101.828125,101.86328125,155368
2023-02-22T15:00:00.000Z,101.8671875,101.8984375,101.859375,101.87109375,175960
2023-02-22T19:00:00.000Z,101.87109375,101.88671875,101.79296875,101.8125,138082
2023-02-22T23:00:00.000Z,101.8125,101.82421875,101.80859375,101.8203125,6162
2023-02-23T03:00:00.000Z,101.82421875,101.8359375,101.8125,101.8125,6699
2023-02-23T07:00:00.000Z,101.80859375,101.8359375,101.78125,101.79296875,38698
2023-02-23T11:00:00.000Z,101.7890625,101.8203125,101.7421875,101.8046875,225288
2023-02-23T15:00:00.000Z,101.8046875,101.83984375,101.76171875,101.81640625,192742
2023-02-23T19:00:00.000Z,101.81640625,101.83203125,101.78515625,101.8046875,69715
2023-02-23T23:00:00.000Z,101.80078125,101.83203125,101.7890625,101.796875,15352
2023-02-24T03:00:00.000Z,101.796875,101.82421875,101.79296875,101.8203125,9637
2023-02-24T07:00:00.000Z,101.8203125,101.8359375,101.7578125,101.76953125,26230
2023-02-24T11:00:00.000Z,101.76953125,101.7734375,101.5703125,101.62109375,170226
2023-02-24T15:00:00.000Z,101.62109375,101.6484375,101.55859375,101.60546875,94448
2023-02-24T19:00:00.000Z,101.60546875,101.65234375,101.6015625,101.625,41851
2023-02-26T23:00:00.000Z,101.62890625,101.6484375,101.6171875,101.6171875,10317
2023-02-27T03:00:00.000Z,101.6171875,101.625,101.57421875,101.5859375,8542
2023-02-27T07:00:00.000Z,101.58203125,101.63671875,101.5546875,101.5859375,30310
2023-02-27T11:00:00.000Z,101.5859375,101.7109375,101.57421875,101.69921875,57604
2023-02-27T15:00:00.000Z,101.69921875,101.69921875,101.64453125,101.68359375,23421
2023-02-27T19:00:00.000Z,101.68359375,101.69921875,101.66015625,101.6875,11632
2023-02-27T23:00:00.000Z,101.6875,101.69921875,101.671875,101.68359375,676
2023-02-28T03:00:00.000Z,101.68359375,101.69140625,101.65234375,101.65625,171
2023-02-28T07:00:00.000Z,101.6484375,101.65625,101.60546875,101.65234375,1856
2023-02-28T11:00:00.000Z,101.64453125,101.67578125,101.6015625,101.625,5626
2023-02-28T15:00:00.000Z,101.6328125,101.6953125,101.6328125,101.6640625,4789
2023-02-28T19:00:00.000Z,101.66796875,101.6875,101.64453125,101.66015625,2763
2023-02-28T23:00:00.000Z,101.84765625,101.84765625,101.77734375,101.796875,21346
2023-03-01T03:00:00.000Z,101.796875,101.828125,101.77734375,101.78515625,15049
2023-03-01T07:00:00.000Z,101.78515625,101.79296875,101.75390625,101.7890625,43573
2023-03-01T11:00:00.000Z,101.79296875,101.828125,101.75,101.765625,114135
2023-03-01T15:00:00.000Z,101.76953125,101.8125,101.64453125,101.6640625,313212
2023-03-01T19:00:00.000Z,101.6640625,101.6875,101.6484375,101.671875,81055
2023-03-01T23:00:00.000Z,101.671875,101.68359375,101.59765625,101.609375,18758
2023-03-02T03:00:00.000Z,101.609375,101.609375,101.58203125,101.58203125,15193
2023-03-02T07:00:00.000Z,101.58203125,101.66796875,101.5703125,101.6640625,63725
2023-03-02T11:00:00.000Z,101.6640625,101.69921875,101.546875,101.578125,191674
2023-03-02T15:00:00.000Z,101.57421875,101.63671875,101.56640625,101.62890625,175581
2023-03-02T19:00:00.000Z,101.625,101.67578125,101.6171875,101.65234375,102131
2023-03-02T23:00:00.000Z,101.65625,101.66015625,101.62109375,101.6484375,20793
2023-03-03T03:00:00.000Z,101.6484375,101.69921875,101.6484375,101.6953125,11865
2023-03-03T07:00:00.000Z,101.69140625,101.7265625,101.6640625,101.703125,38503
2023-03-03T11:00:00.000Z,101.70703125,101.7578125,101.6640625,101.7109375,111166
2023-03-03T15:00:00.000Z,101.70703125,101.7109375,101.60546875,101.703125,161971
2023-03-03T19:00:00.000Z,101.70703125,101.72265625,101.6875,101.71484375,50542
2023-03-05T23:00:00.000Z,101.71484375,101.74609375,101.68359375,101.73828125,12812
2023-03-06T03:00:00.000Z,101.7421875,101.765625,101.73046875,101.75390625,13456
2023-03-06T07:00:00.000Z,101.75390625,101.79296875,101.73046875,101.76953125,38286
2023-03-06T11:00:00.000Z,101.765625,101.7890625,101.703125,101.70703125,108351
2023-03-06T15:00:00.000Z,101.7109375,101.72265625,101.6484375,101.65234375,74589
2023-03-06T19:00:00.000Z,101.65234375,101.6796875,101.640625,101.65625,84176
2023-03-06T23:00:00.000Z,101.66015625,101.6640625,101.625,101.6484375,10124
2023-03-07T03:00:00.000Z,101.6484375,101.6953125,101.64453125,101.69140625,11392
2023-03-07T07:00:00.000Z,101.69140625,101.7265625,101.6796875,101.71484375,26786
2023-03-07T11:00:00.000Z,101.71484375,101.73828125,101.67578125,101.6796875,109299
2023-03-07T15:00:00.000Z,101.6796875,101.6796875,101.44921875,101.46484375,347774
2023-03-07T19:00:00.000Z,101.46875,101.47265625,101.4140625,101.4296875,133810
2023-03-07T23:00:00.000Z,101.42578125,101.4296875,101.30859375,101.3125,56464
2023-03-08T03:00:00.000Z,101.31640625,101.33984375,101.2890625,101.3359375,25425
2023-03-08T07:00:00.000Z,101.3359375,101.3828125,101.33203125,101.37890625,77123
2023-03-08T11:00:00.000Z,101.37890625,101.50390625,101.328125,101.48046875,207545
2023-03-08T15:00:00.000Z,101.48046875,101.50390625,101.3046875,101.31640625,310984
2023-03-08T19:00:00.000Z,101.31640625,101.34375,101.30078125,101.30859375,91232
2023-03-08T23:00:00.000Z,101.30859375,101.36328125,101.3046875,101.34765625,15635
2023-03-09T03:00:00.000Z,101.34765625,101.359375,101.3359375,101.35546875,12817
2023-03-09T07:00:00.000Z,101.35546875,101.3984375,101.33203125,101.39453125,45685
2023-03-09T11:00:00.000Z,101.39453125,101.52734375,101.33984375,101.5234375,231109
2023-03-09T15:00:00.000Z,101.51953125,101.6328125,101.47265625,101.6328125,225430
2023-03-09T19:00:00.000Z,101.6328125,101.74609375,101.6015625,101.7265625,213956
2023-03-09T23:00:00.000Z,101.72265625,101.98046875,101.7109375,101.8828125,125364
2023-03-10T03:00:00.000Z,101.8828125,101.94921875,101.8515625,101.90234375,60375
2023-03-10T07:00:00.000Z,101.90625,101.9140625,101.7578125,101.765625,116874
2023-03-10T11:00:00.000Z,101.76171875,102.3359375,101.7578125,102.21875,554921
2023-03-10T15:00:00.000Z,102.21875,102.30859375,102.00390625,102.265625,434935
2023-03-10T19:00:00.000Z,102.26953125,102.3359375,102.2578125,102.296875,177148
2023-03-12T22:00:00.000Z,102.328125,102.85546875,102.32421875,102.4375,262263
2023-03-13T02:00:00.000Z,102.4375,102.80078125,102.43359375,102.5859375,141943
2023-03-13T06:00:00.000Z,102.5859375,103.11328125,102.4921875,102.94921875,331242
2023-03-13T10:00:00.000Z,102.9453125,103.48046875,102.7109375,103.1796875,723677
2023-03-13T14:00:00.000Z,103.17578125,103.4609375,102.92578125,103.22265625,498249
2023-03-13T18:00:00.000Z,103.22265625,103.61328125,103.203125,103.5078125,269321
2023-03-13T22:00:00.000Z,103.4921875,103.50390625,103.24609375,103.25,64575
2023-03-14T02:00:00.000Z,103.25390625,103.29296875,103.078125,103.203125,67699
2023-03-14T06:00:00.000Z,103.203125,103.82421875,102.91796875,102.97265625,262096
2023-03-14T10:00:00.000Z,102.9765625,103.17578125,102.69140625,102.76953125,546515
2023-03-14T14:00:00.000Z,102.76953125,102.91015625,102.66015625,102.8359375,371291
2023-03-14T18:00:00.000Z,102.83203125,103.078125,102.8125,102.94140625,158393
2023-03-14T22:00:00.000Z,102.94921875,102.99609375,102.81640625,102.86328125,26256
2023-03-15T02:00:00.000Z,102.86328125,102.9375,102.7734375,102.81640625,27449
2023-03-15T06:00:00.000Z,102.81640625,103.13671875,102.625,102.91796875,163109
2023-03-15T10:00:00.000Z,102.921875,104.05078125,102.91796875,103.859375,639711
2023-03-15T14:00:00.000Z,103.859375,103.9921875,103.62109375,103.68359375,426343
2023-03-15T18:00:00.000Z,103.68359375,103.734375,103.3828125,103.6953125,222364
2023-03-15T22:00:00.000Z,103.6796875,103.86328125,103.453125,103.5546875,71963
2023-03-16T02:00:00.000Z,103.55859375,103.70703125,103.4765625,103.546875,25906
2023-03-16T06:00:00.000Z,103.546875,103.67578125,103.3984375,103.4375,98141
2023-03-16T10:00:00.000Z,103.4375,103.7734375,103.3671875,103.55078125,235792
2023-03-16T14:00:00.000Z,103.55078125,103.69921875,103.04296875,103.16015625,428089
2023-03-16T18:00:00.000Z,103.16015625,103.265625,103.08984375,103.140625,107723
2023-03-16T22:00:00.000Z,103.16015625,103.18359375,102.96875,103.03515625,30174
2023-03-17T02:00:00.000Z,103.03515625,103.15625,103.03515625,103.140625,18678
2023-03-17T06:00:00.000Z,103.140625,103.27734375,103.078125,103.1875,51024
2023-03-17T10:00:00.000Z,103.18359375,103.421875,103.15234375,103.3671875,157287
2023-03-17T14:00:00.000Z,103.37109375,103.6484375,103.37109375,103.62890625,252930
2023-03-17T18:00:00.000Z,103.625,103.87109375,103.625,103.796875,187901
2023-03-19T22:00:00.000Z,103.609375,103.82421875,103.421875,103.5625,77570
2023-03-20T02:00:00.000Z,103.56640625,103.7890625,103.5390625,103.7578125,40993
2023-03-20T06:00:00.000Z,103.75390625,104.234375,103.734375,103.96484375,151529
2023-03-20T10:00:00.000Z,103.96875,104.05078125,103.64453125,103.66796875,193182
2023-03-20T14:00:00.000Z,103.6640625,103.71484375,103.4375,103.48828125,191204
2023-03-20T18:00:00.000Z,103.48828125,103.6484375,103.4609375,103.49609375,99648
2023-03-20T22:00:00.000Z,103.49609375,103.68359375,103.46875,103.6171875,17747
2023-03-21T02:00:00.000Z,103.61328125,103.671875,103.5859375,103.625,7140
2023-03-21T06:00:00.000Z,103.625,103.640625,103.328125,103.375,64871
2023-03-21T10:00:00.000Z,103.375,103.3828125,103.07421875,103.11328125,185947
2023-03-21T14:00:00.000Z,103.109375,103.30078125,103.06640625,103.1015625,194802
2023-03-21T18:00:00.000Z,103.10546875,103.125,103.0703125,103.10546875,66893
2023-03-21T22:00:00.000Z,103.11328125,103.20703125,103.109375,103.171875,16914
2023-03-22T02:00:00.000Z,103.16796875,103.21875,103.1015625,103.1640625,15286
2023-03-22T06:00:00.000Z,103.16796875,103.2421875,103.05078125,103.1640625,72709
2023-03-22T10:00:00.000Z,103.171875,103.19140625,102.9296875,102.98828125,153549
2023-03-22T14:00:00.000Z,102.98828125,103.1953125,102.94140625,103.17578125,162581
2023-03-22T18:00:00.000Z,103.1875,103.61328125,103.1875,103.55859375,309908
2023-03-22T22:00:00.000Z,103.55859375,103.5625,103.484375,103.5,19545
2023-03-23T02:00:00.000Z,103.50390625,103.70703125,103.484375,103.6640625,30832
2023-03-23T06:00:00.000Z,103.6640625,103.69921875,103.46484375,103.61328125,90680
2023-03-23T10:00:00.000Z,103.61328125,103.62109375,103.42578125,103.57421875,160883
2023-03-23T14:00:00.000Z,103.57421875,103.75,103.53515625,103.671875,142067
2023-03-23T18:00:00.000Z,103.671875,103.9453125,103.66796875,103.7890625,184948
2023-03-23T22:00:00.000Z,103.79296875,103.921875,103.70703125,103.796875,19592
2023-03-24T02:00:00.000Z,103.796875,103.89453125,103.74609375,103.87890625,20158
2023-03-24T06:00:00.000Z,103.8828125,104.2109375,103.765625,104.19140625,97853
2023-03-24T10:00:00.000Z,104.1953125,104.3515625,104,104.00390625,318746
2023-03-24T14:00:00.000Z,104.0078125,104.11328125,103.87109375,103.92578125,210007
2023-03-24T18:00:00.000Z,103.92578125,103.94140625,103.8515625,103.91796875,61260
2023-03-26T22:00:00.000Z,103.96875,103.96875,103.796875,103.84765625,22260
2023-03-27T02:00:00.000Z,103.85546875,103.89453125,103.6953125,103.734375,13810
2023-03-27T06:00:00.000Z,103.734375,103.7890625,103.6015625,103.61328125,62481
2023-03-27T10:00:00.000Z,103.609375,103.640625,103.45703125,103.51953125,124088
2023-03-27T14:00:00.000Z,103.51953125,103.59765625,103.42578125,103.4609375,156834
2023-03-27T18:00:00.000Z,103.46484375,103.48046875,103.3984375,103.4609375,71141
2023-03-27T22:00:00.000Z,103.47265625,103.56640625,103.4296875,103.54296875,14862
2023-03-28T02:00:00.000Z,103.546875,103.546875,103.4921875,103.5,9181
2023-03-28T06:00:00.000Z,103.50390625,103.50390625,103.26953125,103.37109375,60106
2023-03-28T10:00:00.000Z,103.37109375,103.46484375,103.28515625,103.359375,90493
2023-03-28T14:00:00.000Z,103.359375,103.3671875,103.2421875,103.35546875,120518
2023-03-28T18:00:00.000Z,103.35546875,103.35546875,103.203125,103.20703125,42757
2023-03-28T22:00:00.000Z,103.21875,103.23828125,103.140625,103.1640625,23194
2023-03-29T02:00:00.000Z,103.16796875,103.265625,103.1484375,103.1875,30075
2023-03-29T06:00:00.000Z,103.1875,103.3671875,103.1796875,103.36328125,50059
2023-03-29T10:00:00.000Z,103.359375,103.36328125,103.08984375,103.18359375,122956
2023-03-29T14:00:00.000Z,103.18359375,103.30859375,103.171875,103.2578125,108416
2023-03-29T18:00:00.000Z,103.2578125,103.2578125,103.16796875,103.17578125,44387
2023-03-29T22:00:00.000Z,103.17578125,103.20703125,103.1484375,103.171875,7135
2023-03-30T02:00:00.000Z,103.17578125,103.2109375,103.12890625,103.18359375,22375
2023-03-30T06:00:00.000Z,103.1796875,103.30078125,103.1640625,103.1875,56651
2023-03-30T10:00:00.000Z,103.18359375,103.234375,103.03515625,103.11328125,141441
2023-03-30T14:00:00.000Z,103.11328125,103.17578125,103.06640625,103.13671875,98006
2023-03-30T18:00:00.000Z,103.140625,103.16796875,103.09765625,103.10546875,52730
2023-03-30T22:00:00.000Z,103.1015625,103.14453125,103.08984375,103.1171875,8132
2023-03-31T02:00:00.000Z,103.1171875,103.13671875,103.08203125,103.125,8723
2023-03-31T06:00:00.000Z,103.125,103.16796875,103.01171875,103.0234375,48287
2023-03-31T10:00:00.000Z,103.0234375,103.171875,103,103.140625,179713
2023-03-31T14:00:00.000Z,103.14453125,103.1953125,103.08203125,103.17578125,112850
2023-03-31T18:00:00.000Z,103.17578125,103.3125,103.16796875,103.30078125,187140
2023-04-02T22:00:00.000Z,103.21484375,103.2421875,103.0703125,103.16015625,29709
2023-04-03T02:00:00.000Z,103.1640625,103.1640625,103.12890625,103.13671875,7562
2023-04-03T06:00:00.000Z,103.140625,103.1796875,103.078125,103.1484375,44112
2023-04-03T10:00:00.000Z,103.1484375,103.22265625,103.09375,103.1796875,106864
2023-04-03T14:00:00.000Z,103.18359375,103.41015625,103.18359375,103.33203125,167655
2023-04-03T18:00:00.000Z,103.33203125,103.4140625,103.33203125,103.41015625,92126
2023-04-03T22:00:00.000Z,103.41796875,103.453125,103.359375,103.3671875,11107
2023-04-04T02:00:00.000Z,103.3671875,103.42578125,103.33984375,103.390625,13492
2023-04-04T06:00:00.000Z,103.390625,103.41796875,103.31640625,103.375,27379
2023-04-04T10:00:00.000Z,103.37109375,103.37890625,103.26953125,103.359375,115470
2023-04-04T14:00:00.000Z,103.359375,103.6796875,103.35546875,103.6015625,235917
2023-04-04T18:00:00.000Z,103.6015625,103.7109375,103.6015625,103.69140625,109162
2023-04-04T22:00:00.000Z,103.68359375,103.6953125,103.640625,103.6484375,10224
2023-04-05T02:00:00.000Z,103.64453125,103.64453125,103.6171875,103.62890625,14175
2023-04-05T06:00:00.000Z,103.625,103.63671875,103.55078125,103.57421875,34741
2023-04-05T10:00:00.000Z,103.578125,103.90234375,103.56640625,103.85546875,226410
2023-04-05T14:00:00.000Z,103.859375,104.07421875,103.8046875,103.82421875,212263
2023-04-05T18:00:00.000Z,103.82421875,103.828125,103.734375,103.77734375,72235
2023-04-05T22:00:00.000Z,103.76953125,103.8046875,103.74609375,103.78125,13213
2023-04-06T02:00:00.000Z,103.77734375,103.84375,103.7734375,103.83984375,15042
2023-04-06T06:00:00.000Z,103.83984375,103.9140625,103.8203125,103.8359375,67910
2023-04-06T10:00:00.000Z,103.8359375,103.99609375,103.74609375,103.7578125,197515
2023-04-06T14:00:00.000Z,103.75390625,103.82421875,103.72265625,103.7265625,112817
2023-04-06T18:00:00.000Z,103.72265625,103.73046875,103.65234375,103.66015625,66920
2023-04-06T22:00:00.000Z,103.66796875,103.6796875,103.65234375,103.66796875,3738
2023-04-07T02:00:00.000Z,103.6640625,103.6640625,103.640625,103.64453125,3802
2023-04-07T06:00:00.000Z,103.65234375,103.65234375,103.625,103.6484375,6261
2023-04-07T10:00:00.000Z,103.6484375,103.6875,103.3984375,103.41015625,134330
2023-04-07T14:00:00.000Z,103.40625,103.40625,103.3828125,103.3984375,24617
2023-04-09T22:00:00.000Z,103.41796875,103.46484375,103.3984375,103.43359375,17130
2023-04-10T02:00:00.000Z,103.43359375,103.47265625,103.41796875,103.47265625,10176
2023-04-10T06:00:00.000Z,103.47265625,103.49609375,103.44921875,103.44921875,18651
2023-04-10T10:00:00.000Z,103.453125,103.48046875,103.34375,103.3515625,108507
2023-04-10T14:00:00.000Z,103.3515625,103.359375,103.28515625,103.328125,90810
2023-04-10T18:00:00.000Z,103.32421875,103.33984375,103.30859375,103.3125,39523
2023-04-10T22:00:00.000Z,103.3125,103.38671875,103.3125,103.3828125,12650
2023-04-11T02:00:00.000Z,103.3828125,103.390625,103.36328125,103.36328125,11919
2023-04-11T06:00:00.000Z,103.36328125,103.41796875,103.31640625,103.37890625,46554
2023-04-11T10:00:00.000Z,103.37890625,103.421875,103.3046875,103.31640625,102443
2023-04-11T14:00:00.000Z,103.3203125,103.328125,103.1796875,103.21484375,136185
2023-04-11T18:00:00.000Z,103.21484375,103.30078125,103.2109375,103.296875,86151
2023-04-11T22:00:00.000Z,103.296875,103.3125,103.2734375,103.28125,8926
2023-04-12T02:00:00.000Z,103.28125,103.28515625,103.23828125,103.25,10964
2023-04-12T06:00:00.000Z,103.25,103.27734375,103.2109375,103.21875,39430
2023-04-12T10:00:00.000Z,103.21875,103.58984375,103.1796875,103.39453125,299002
2023-04-12T14:00:00.000Z,103.3984375,103.40234375,103.28125,103.3203125,139399
2023-04-12T18:00:00.000Z,103.32421875,103.42578125,103.3125,103.4140625,64273
2023-04-12T22:00:00.000Z,103.421875,103.44140625,103.37890625,103.39453125,11165
2023-04-13T02:00:00.000Z,103.390625,103.390625,103.35546875,103.3671875,8025
2023-04-13T06:00:00.000Z,103.3671875,103.4453125,103.36328125,103.39453125,46020
2023-04-13T10:00:00.000Z,103.390625,103.5546875,103.34375,103.54296875,173355
2023-04-13T14:00:00.000Z,103.54296875,103.54296875,103.4296875,103.44140625,98996
2023-04-13T18:00:00.000Z,103.4375,103.4375,103.375,103.39453125,74987
2023-04-13T22:00:00.000Z,103.3984375,103.40625,103.37890625,103.3984375,7155
2023-04-14T02:00:00.000Z,103.3984375,103.43359375,103.37890625,103.39453125,16303
2023-04-14T06:00:00.000Z,103.39453125,103.4296875,103.359375,103.40234375,27952
2023-04-14T10:00:00.000Z,103.40234375,103.4453125,103.078125,103.171875,265000
2023-04-14T14:00:00.000Z,103.16796875,103.1796875,103.07421875,103.125,171744
2023-04-14T18:00:00.000Z,103.125,103.1640625,103.125,103.1328125,60443
2023-04-16T22:00:00.000Z,103.12890625,103.14453125,103.078125,103.1171875,15668
2023-04-17T02:00:00.000Z,103.12109375,103.13671875,103.1015625,103.1171875,17634
2023-04-17T06:00:00.000Z,103.1171875,103.13671875,103.03515625,103.03515625,53399
2023-04-17T10:00:00.000Z,103.03515625,103.0703125,102.98046875,103.0390625,170237
2023-04-17T14:00:00.000Z,103.03515625,103.0390625,102.93359375,102.953125,130221
2023-04-17T18:00:00.000Z,102.95703125,102.984375,102.9375,102.953125,71155
2023-04-17T22:00:00.000Z,102.953125,102.98828125,102.953125,102.98046875,8274
2023-04-18T02:00:00.000Z,102.98046875,103.0078125,102.94140625,102.96875,14890
2023-04-18T06:00:00.000Z,102.96875,103.01171875,102.94140625,103,34131
2023-04-18T10:00:00.000Z,103.00390625,103.04296875,102.92578125,102.984375,99029
2023-04-18T14:00:00.000Z,102.984375,103.0234375,102.8828125,102.90234375,130662
2023-04-18T18:00:00.000Z,102.90234375,102.953125,102.89453125,102.94140625,100905
2023-04-18T22:00:00.000Z,102.9375,102.9453125,102.90625,102.921875,9020
2023-04-19T02:00:00.000Z,102.91796875,102.94140625,102.90625,102.92578125,12083
2023-04-19T06:00:00.000Z,102.92578125,102.92578125,102.80078125,102.8046875,87860
2023-04-19T10:00:00.000Z,102.8046875,102.87890625,102.7734375,102.859375,133629
2023-04-19T14:00:00.000Z,102.86328125,102.875,102.78515625,102.80078125,170941
2023-04-19T18:00:00.000Z,102.8046875,102.8515625,102.78515625,102.83984375,99996
2023-04-19T22:00:00.000Z,102.8359375,102.8515625,102.81640625,102.8359375,7333
2023-04-20T02:00:00.000Z,102.8359375,102.85546875,102.83203125,102.83203125,10756
2023-04-20T06:00:00.000Z,102.8359375,102.9453125,102.83203125,102.9140625,51852
2023-04-20T10:00:00.000Z,102.91015625,103.01171875,102.8828125,102.984375,142554
2023-04-20T14:00:00.000Z,102.984375,103.04296875,102.96484375,102.96484375,113083
2023-04-20T18:00:00.000Z,102.96484375,103.04296875,102.953125,103.03515625,71815
2023-04-20T22:00:00.000Z,103.02734375,103.0703125,103.015625,103.05859375,13821
2023-04-21T02:00:00.000Z,103.05859375,103.0703125,103.04296875,103.0625,8678
2023-04-21T06:00:00.000Z,103.0625,103.09765625,103,103.0859375,53891
2023-04-21T10:00:00.000Z,103.0859375,103.140625,102.953125,102.99609375,156911
2023-04-21T14:00:00.000Z,102.9921875,103.01953125,102.93359375,102.98046875,113231
2023-04-21T18:00:00.000Z,102.98046875,102.98828125,102.94140625,102.97265625,47126
2023-04-23T22:00:00.000Z,102.96875,103.00390625,102.9609375,103,5783
2023-04-24T02:00:00.000Z,103,103,102.98046875,102.99609375,4784
2023-04-24T06:00:00.000Z,103,103.0390625,103,103.01171875,26986
2023-04-24T10:00:00.000Z,103.0078125,103.046875,102.9765625,103.03515625,75032
2023-04-24T14:00:00.000Z,103.03515625,103.08203125,103.00390625,103.05078125,74121
2023-04-24T18:00:00.000Z,103.05078125,103.15234375,103.0390625,103.15234375,66391
2023-04-24T22:00:00.000Z,103.1484375,103.1875,103.1328125,103.15234375,20324
2023-04-25T02:00:00.000Z,103.15625,103.19921875,103.15625,103.19140625,11572
2023-04-25T06:00:00.000Z,103.1875,103.2265625,103.1484375,103.21484375,44682
2023-04-25T10:00:00.000Z,103.2109375,103.3046875,103.1875,103.296875,136346
2023-04-25T14:00:00.000Z,103.296875,103.48046875,103.22265625,103.46484375,284351
2023-04-25T18:00:00.000Z,103.46484375,103.51953125,103.41015625,103.41796875,157990
2023-04-25T22:00:00.000Z,103.421875,103.4296875,103.328125,103.359375,27323
2023-04-26T02:00:00.000Z,103.359375,103.37890625,103.3359375,103.33984375,13216
2023-04-26T06:00:00.000Z,103.33984375,103.40625,103.30859375,103.375,64356
2023-04-26T10:00:00.000Z,103.37109375,103.48046875,103.27734375,103.43359375,222365
2023-04-26T14:00:00.000Z,103.4296875,103.4609375,103.22265625,103.2578125,168384
2023-04-26T18:00:00.000Z,103.2578125,103.38671875,103.2421875,103.3046875,111220
2023-04-26T22:00:00.000Z,103.3046875,103.36328125,103.29296875,103.3515625,10321
2023-04-27T02:00:00.000Z,103.3515625,103.35546875,103.26171875,103.2734375,10258
2023-04-27T06:00:00.000Z,103.2734375,103.3046875,103.23046875,103.27734375,45087
2023-04-27T10:00:00.000Z,103.27734375,103.3359375,103.1171875,103.12890625,181364
2023-04-27T14:00:00.000Z,103.12890625,103.1484375,103.046875,103.05078125,137366
2023-04-27T18:00:00.000Z,103.05078125,103.08984375,103.00390625,103.08203125,109297
2023-04-27T22:00:00.000Z,103.0859375,103.1015625,103.015625,103.07421875,20364
2023-04-28T02:00:00.000Z,103.07421875,103.13671875,103.02734375,103.12109375,22227
2023-04-28T06:00:00.000Z,103.12109375,103.203125,103.03125,103.1484375,50095
2023-04-28T10:00:00.000Z,103.1484375,103.16796875,103.01171875,103.0625,201107
2023-04-28T14:00:00.000Z,103.0625,103.15234375,103.0390625,103.1328125,165462
2023-04-28T18:00:00.000Z,103.12890625,103.19921875,103.07421875,103.19140625,180574
2023-04-30T22:00:00.000Z,103.18359375,103.18359375,103.08984375,103.12109375,14241
2023-05-01T02:00:00.000Z,103.12109375,103.1328125,103.078125,103.09375,5917
2023-05-01T06:00:00.000Z,103.09375,103.09765625,103.02734375,103.04296875,10792
2023-05-01T10:00:00.000Z,103.046875,103.08203125,102.9921875,103.00390625,68499
2023-05-01T14:00:00.000Z,103,103,102.88671875,102.9765625,146859
2023-05-01T18:00:00.000Z,102.97265625,102.9765625,102.921875,102.93359375,82885
2023-05-01T22:00:00.000Z,102.9296875,102.96875,102.9296875,102.96875,7993
2023-05-02T02:00:00.000Z,102.96875,102.9765625,102.9140625,102.93359375,19512
2023-05-02T06:00:00.000Z,102.9296875,103,102.91015625,102.9609375,43521
2023-05-02T10:00:00.000Z,102.9609375,103.00390625,102.9140625,102.97265625,75967
2023-05-02T14:00:00.000Z,102.9765625,103.33984375,102.9765625,103.2265625,332870
2023-05-02T18:00:00.000Z,103.23046875,103.26171875,103.203125,103.26171875,90920
2023-05-02T22:00:00.000Z,103.25,103.265625,103.21875,103.23046875,8015
2023-05-03T02:00:00.000Z,103.23046875,103.2421875,103.2109375,103.21875,5568
2023-05-03T06:00:00.000Z,103.21875,103.34375,103.20703125,103.30859375,47055
2023-05-03T10:00:00.000Z,103.30859375,103.34375,103.23046875,103.30859375,146775
2023-05-03T14:00:00.000Z,103.3046875,103.37109375,103.296875,103.33984375,145086
2023-05-03T18:00:00.000Z,103.33984375,103.5859375,103.28125,103.58203125,241095
2023-05-03T22:00:00.000Z,103.66015625,103.71484375,103.56640625,103.5703125,46000
2023-05-04T02:00:00.000Z,103.5703125,103.609375,103.53515625,103.5390625,16465
2023-05-04T06:00:00.000Z,103.54296875,103.55859375,103.44140625,103.46484375,59362
2023-05-04T10:00:00.000Z,103.46484375,103.6015625,103.4140625,103.5,184810
2023-05-04T14:00:00.000Z,103.49609375,103.875,103.46875,103.69140625,371147
2023-05-04T18:00:00.000Z,103.6875,103.76171875,103.6015625,103.61328125,100127
2023-05-04T22:00:00.000Z,103.59375,103.6171875,103.57421875,103.58203125,10210
2023-05-05T02:00:00.000Z,103.5859375,103.60546875,103.55859375,103.5703125,4981
2023-05-05T06:00:00.000Z,103.5703125,103.609375,103.53515625,103.55078125,57227
2023-05-05T10:00:00.000Z,103.55078125,103.56640625,103.33203125,103.3828125,225741
2023-05-05T14:00:00.000Z,103.38671875,103.40625,103.30078125,103.34375,120649
2023-05-05T18:00:00.000Z,103.34375,103.37890625,103.33203125,103.3515625,47970
2023-05-07T22:00:00.000Z,103.34765625,103.36328125,103.30078125,103.3359375,11700
2023-05-08T02:00:00.000Z,103.3359375,103.34765625,103.31640625,103.31640625,5828
2023-05-08T06:00:00.000Z,103.3203125,103.33203125,103.2578125,103.2734375,26782
2023-05-08T10:00:00.000Z,103.26953125,103.29296875,103.19140625,103.25390625,101960
2023-05-08T14:00:00.000Z,103.25390625,103.29296875,103.21875,103.24609375,94302
2023-05-08T18:00:00.000Z,103.24609375,103.24609375,103.1640625,103.1875,99446
2023-05-08T22:00:00.000Z,103.1875,103.203125,103.17578125,103.19921875,8240
2023-05-09T02:00:00.000Z,103.19921875,103.234375,103.19140625,103.22265625,13890
2023-05-09T06:00:00.000Z,103.21875,103.2578125,103.19921875,103.23828125,36496
2023-05-09T10:00:00.000Z,103.23828125,103.25,103.1328125,103.15625,115525
2023-05-09T14:00:00.000Z,103.16015625,103.1640625,103.05859375,103.13671875,180950
2023-05-09T18:00:00.000Z,103.13671875,103.15625,103.109375,103.140625,70297
2023-05-09T22:00:00.000Z,103.13671875,103.16015625,103.13671875,103.1484375,7123
2023-05-10T02:00:00.000Z,103.1484375,103.15234375,103.09375,103.11328125,8830
2023-05-10T06:00:00.000Z,103.11328125,103.12109375,103.06640625,103.09375,52772
2023-05-10T10:00:00.000Z,103.08984375,103.33203125,103.0625,103.2890625,263476
2023-05-10T14:00:00.000Z,103.2890625,103.42578125,103.2421875,103.34375,182457
2023-05-10T18:00:00.000Z,103.34375,103.390625,103.32421875,103.34765625,68712
2023-05-10T22:00:00.000Z,103.34765625,103.36328125,103.328125,103.34375,13383
2023-05-11T02:00:00.000Z,103.34375,103.3515625,103.30078125,103.3203125,12920
2023-05-11T06:00:00.000Z,103.3203125,103.375,103.29296875,103.328125,45806
2023-05-11T10:00:00.000Z,103.33203125,103.53515625,103.32421875,103.5,200001
2023-05-11T14:00:00.000Z,103.5,103.51171875,103.390625,103.41015625,127362
2023-05-11T18:00:00.000Z,103.41015625,103.4140625,103.3359375,103.359375,63451
2023-05-11T22:00:00.000Z,103.36328125,103.3984375,103.359375,103.38671875,5376
2023-05-12T02:00:00.000Z,103.38671875,103.390625,103.359375,103.359375,11788
2023-05-12T06:00:00.000Z,103.35546875,103.375,103.3046875,103.33203125,56301
2023-05-12T10:00:00.000Z,103.33203125,103.3515625,103.2890625,103.33203125,79504
2023-05-12T14:00:00.000Z,103.328125,103.328125,103.15625,103.16796875,166256
2023-05-12T18:00:00.000Z,103.171875,103.19140625,103.15234375,103.1796875,65249
2023-05-14T22:00:00.000Z,103.19140625,103.203125,103.15234375,103.19140625,12446
2023-05-15T02:00:00.000Z,103.19140625,103.1953125,103.15234375,103.15625,8721
2023-05-15T06:00:00.000Z,103.16015625,103.203125,103.14453125,103.16015625,35252
2023-05-15T10:00:00.000Z,103.15625,103.234375,103.1015625,103.17578125,129710
2023-05-15T14:00:00.000Z,103.17578125,103.1875,103.12109375,103.15625,109743
2023-05-15T18:00:00.000Z,103.15625,103.17578125,103.14453125,103.14453125,50085
2023-05-15T22:00:00.000Z,103.15234375,103.1796875,103.140625,103.16796875,4760
2023-05-16T02:00:00.000Z,103.171875,103.203125,103.171875,103.203125,8339
2023-05-16T06:00:00.000Z,103.203125,103.2421875,103.1796875,103.1953125,32874
2023-05-16T10:00:00.000Z,103.1953125,103.21484375,103.04296875,103.0625,183133
2023-05-16T14:00:00.000Z,103.06640625,103.0703125,102.9375,103.015625,232390
2023-05-16T18:00:00.000Z,103.015625,103.0546875,102.98828125,103,80312
2023-05-16T22:00:00.000Z,103.015625,103.05859375,102.9921875,103.0390625,14547
2023-05-17T02:00:00.000Z,103.04296875,103.05078125,103.015625,103.01953125,11490
2023-05-17T06:00:00.000Z,103.015625,103.04296875,102.94921875,103.00390625,53431
2023-05-17T10:00:00.000Z,103.00390625,103.02734375,102.91796875,102.92578125,96689
2023-05-17T14:00:00.000Z,102.92578125,102.9296875,102.81640625,102.84375,182096
2023-05-17T18:00:00.000Z,102.84375,102.87890625,102.828125,102.85546875,65100
2023-05-17T22:00:00.000Z,102.859375,102.90234375,102.8515625,102.88671875,13790
2023-05-18T02:00:00.000Z,102.88671875,102.89453125,102.85546875,102.86328125,11234
2023-05-18T06:00:00.000Z,102.859375,102.859375,102.81640625,102.8359375,50343
2023-05-18T10:00:00.000Z,102.8359375,102.84765625,102.66015625,102.703125,240948
2023-05-18T14:00:00.000Z,102.703125,102.74609375,102.6640625,102.6953125,202750
2023-05-18T18:00:00.000Z,102.6953125,102.6953125,102.6171875,102.66796875,97241
2023-05-18T22:00:00.000Z,102.6796875,102.6953125,102.6484375,102.66796875,14154
2023-05-19T02:00:00.000Z,102.66796875,102.6953125,102.65625,102.6953125,14577
2023-05-19T06:00:00.000Z,102.69921875,102.74609375,102.67578125,102.70703125,39651
2023-05-19T10:00:00.000Z,102.70703125,102.70703125,102.49609375,102.51171875,204037
2023-05-19T14:00:00.000Z,102.515625,102.77734375,102.48828125,102.66796875,350157
2023-05-19T18:00:00.000Z,102.66796875,102.67578125,102.5625,102.63671875,76223
2023-05-21T22:00:00.000Z,102.6484375,102.70703125,102.64453125,102.703125,19560
2023-05-22T02:00:00.000Z,102.703125,102.7109375,102.65234375,102.66796875,10606
2023-05-22T06:00:00.000Z,102.6640625,102.72265625,102.65625,102.6875,48906
2023-05-22T10:00:00.000Z,102.6875,102.69140625,102.53515625,102.5390625,143067
2023-05-22T14:00:00.000Z,102.54296875,102.66015625,102.48828125,102.5546875,170098
2023-05-22T18:00:00.000Z,102.5546875,102.5546875,102.5078125,102.53515625,63943
2023-05-22T22:00:00.000Z,102.53515625,102.5546875,102.50390625,102.50390625,12883
2023-05-23T02:00:00.000Z,102.50390625,102.52734375,102.4765625,102.48828125,14625
2023-05-23T06:00:00.000Z,102.484375,102.49609375,102.4140625,102.42578125,88472
2023-05-23T10:00:00.000Z,102.421875,102.4609375,102.3515625,102.40625,228527
2023-05-23T14:00:00.000Z,102.40234375,102.48046875,102.3828125,102.44921875,218998
2023-05-23T18:00:00.000Z,102.44921875,102.52734375,102.43359375,102.5234375,100662
2023-05-23T22:00:00.000Z,102.5234375,102.55078125,102.5,102.54296875,10699
2023-05-24T02:00:00.000Z,102.546875,102.55859375,102.54296875,102.546875,15109
2023-05-24T06:00:00.000Z,102.546875,102.546875,102.43359375,102.48828125,81173
2023-05-24T10:00:00.000Z,102.484375,102.51171875,102.40625,102.44140625,190752
2023-05-24T14:00:00.000Z,102.44140625,102.46484375,102.28515625,102.34375,277287
2023-05-24T18:00:00.000Z,102.34375,102.4453125,102.3046875,102.3203125,95183
2023-05-24T22:00:00.000Z,102.328125,102.37109375,102.265625,102.27734375,17504
2023-05-25T02:00:00.000Z,102.27734375,102.28125,102.25390625,102.265625,16648
2023-05-25T06:00:00.000Z,102.26171875,102.3203125,102.2265625,102.2421875,70563
2023-05-25T10:00:00.000Z,102.2421875,102.33203125,102.0390625,102.1796875,307214
2023-05-25T14:00:00.000Z,102.1796875,102.25,102.13671875,102.16015625,192571
2023-05-25T18:00:00.000Z,102.16015625,102.16015625,102.04296875,102.046875,84454
2023-05-25T22:00:00.000Z,102.046875,102.0703125,102.01953125,102.0546875,12043
2023-05-26T02:00:00.000Z,102.0546875,102.09375,102.05078125,102.078125,15899
2023-05-26T06:00:00.000Z,102.078125,102.14453125,102.06640625,102.14453125,38917
2023-05-26T10:00:00.000Z,102.140625,102.18359375,101.91015625,101.94140625,165811
2023-05-26T14:00:00.000Z,101.9453125,102.0234375,101.84765625,101.984375,173871
2023-05-26T18:00:00.000Z,101.984375,101.99609375,101.94921875,101.95703125,17906
2023-05-28T22:00:00.000Z,101.94140625,101.9453125,101.82421875,101.8984375,11283
2023-05-29T02:00:00.000Z,101.90234375,101.90625,101.8671875,101.87890625,2520
2023-05-29T06:00:00.000Z,101.87890625,101.95703125,101.87109375,101.953125,10737
2023-05-29T10:00:00.000Z,101.953125,101.95703125,101.9140625,101.9296875,8680
2023-05-29T14:00:00.000Z,101.9296875,101.9453125,101.90234375,101.90625,2401
2023-05-29T22:00:00.000Z,101.90234375,101.953125,101.89453125,101.953125,7666
2023-05-30T02:00:00.000Z,101.953125,101.9765625,101.93359375,101.93359375,4850
2023-05-30T06:00:00.000Z,101.93359375,102.06640625,101.92578125,102.05078125,27167
2023-05-30T10:00:00.000Z,102.05078125,102.08203125,101.9609375,102,61625
2023-05-30T14:00:00.000Z,101.99609375,102.1171875,101.9765625,102.109375,35759
2023-05-30T18:00:00.000Z,102.109375,102.1796875,102.0859375,102.12890625,15898
2023-05-30T22:00:00.000Z,102.125,102.16015625,102.109375,102.140625,807
2023-05-31T02:00:00.000Z,102.140625,102.20703125,102.13671875,102.17578125,901
2023-05-31T06:00:00.000Z,102.18359375,102.25,102.16015625,102.1953125,2100
2023-05-31T10:00:00.000Z,102.19140625,102.33984375,102.1875,102.3359375,5008
2023-05-31T14:00:00.000Z,102.3359375,102.3359375,102.16796875,102.296875,5822
2023-05-31T18:00:00.000Z,102.28515625,102.3203125,102.2421875,102.25390625,2427
2023-05-31T22:00:00.000Z,102.890625,102.9453125,102.83984375,102.84765625,22005
2023-06-01T02:00:00.000Z,102.84765625,102.86328125,102.80859375,102.8203125,14225
2023-06-01T06:00:00.000Z,102.82421875,102.83984375,102.7734375,102.80859375,57363
2023-06-01T10:00:00.000Z,102.8046875,102.9921875,102.78125,102.98828125,228325
2023-06-01T14:00:00.000Z,102.9921875,103.08984375,102.9453125,103.03125,192364
2023-06-01T18:00:00.000Z,103.03125,103.046875,103.015625,103.0234375,80351
2023-06-01T22:00:00.000Z,103.02734375,103.02734375,103,103.00390625,14151
2023-06-02T02:00:00.000Z,103.00390625,103.015625,102.99609375,103,17702
2023-06-02T06:00:00.000Z,103.00390625,103.03515625,102.99609375,103.015625,52012
2023-06-02T10:00:00.000Z,103.01171875,103.0390625,102.7734375,102.7890625,265776
2023-06-02T14:00:00.000Z,102.7890625,102.80859375,102.65625,102.65625,178872
2023-06-02T18:00:00.000Z,102.66015625,102.6953125,102.62890625,102.6796875,81771
2023-06-04T22:00:00.000Z,102.64453125,102.65234375,102.57421875,102.5859375,25154
2023-06-05T02:00:00.000Z,102.5859375,102.60546875,102.58203125,102.59765625,9236
2023-06-05T06:00:00.000Z,102.59375,102.609375,102.5390625,102.59765625,39913
2023-06-05T10:00:00.000Z,102.6015625,102.6015625,102.53125,102.578125,123137
2023-06-05T14:00:00.000Z,102.58203125,102.828125,102.58203125,102.6875,223999
2023-06-05T18:00:00.000Z,102.6875,102.74609375,102.67578125,102.73828125,79710
2023-06-05T22:00:00.000Z,102.74609375,102.7578125,102.70703125,102.71875,6122
2023-06-06T02:00:00.000Z,102.71875,102.71875,102.66015625,102.6796875,15631
2023-06-06T06:00:00.000Z,102.67578125,102.80859375,102.671875,102.76171875,44610
2023-06-06T10:00:00.000Z,102.765625,102.77734375,102.578125,102.5859375,139877
2023-06-06T14:00:00.000Z,102.58203125,102.64453125,102.57421875,102.61328125,122768
2023-06-06T18:00:00.000Z,102.609375,102.6875,102.59375,102.6875,107849
2023-06-06T22:00:00.000Z,102.6796875,102.6875,102.6484375,102.65234375,11335
2023-06-07T02:00:00.000Z,102.65625,102.6796875,102.65234375,102.66796875,6273
2023-06-07T06:00:00.000Z,102.66796875,102.671875,102.59375,102.640625,38535
2023-06-07T10:00:00.000Z,102.64453125,102.64453125,102.54296875,102.58984375,157579
2023-06-07T14:00:00.000Z,102.58984375,102.58984375,102.42578125,102.52734375,330140
2023-06-07T18:00:00.000Z,102.52734375,102.55859375,102.49609375,102.5234375,108533
2023-06-07T22:00:00.000Z,102.5234375,102.5703125,102.515625,102.52734375,12794
2023-06-08T02:00:00.000Z,102.52734375,102.53125,102.50390625,102.5078125,13691
2023-06-08T06:00:00.000Z,102.50390625,102.54296875,102.453125,102.51953125,52209
2023-06-08T10:00:00.000Z,102.51953125,102.6796875,102.48046875,102.63671875,206770
2023-06-08T14:00:00.000Z,102.640625,102.65234375,102.5703125,102.59375,150003
2023-06-08T18:00:00.000Z,102.58984375,102.6171875,102.55859375,102.5859375,76799
2023-06-08T22:00:00.000Z,102.59375,102.6015625,102.5625,102.5625,8492
2023-06-09T02:00:00.000Z,102.56640625,102.5859375,102.55859375,102.57421875,4824
2023-06-09T06:00:00.000Z,102.57421875,102.5859375,102.5,102.50390625,30049
2023-06-09T10:00:00.000Z,102.5,102.58984375,102.40625,102.44140625,158294
2023-06-09T14:00:00.000Z,102.44140625,102.46484375,102.4140625,102.44921875,150856
2023-06-09T18:00:00.000Z,102.44921875,102.4609375,102.39453125,102.421875,53291
2023-06-11T22:00:00.000Z,102.40625,102.41015625,102.33984375,102.390625,16241
2023-06-12T02:00:00.000Z,102.390625,102.3984375,102.3671875,102.37109375,9197
2023-06-12T06:00:00.000Z,102.3671875,102.3984375,102.3515625,102.390625,32728
2023-06-12T10:00:00.000Z,102.390625,102.5078125,102.375,102.38671875,146635
2023-06-12T14:00:00.000Z,102.38671875,102.45703125,102.37109375,102.453125,166170
2023-06-12T18:00:00.000Z,102.453125,102.484375,102.42578125,102.4609375,87378
2023-06-12T22:00:00.000Z,102.44921875,102.51953125,102.44921875,102.51953125,12410
2023-06-13T02:00:00.000Z,102.51953125,102.53125,102.48828125,102.49609375,8850
2023-06-13T06:00:00.000Z,102.49609375,102.515625,102.453125,102.4609375,57924
2023-06-13T10:00:00.000Z,102.45703125,102.62109375,102.21484375,102.421875,280451
2023-06-13T14:00:00.000Z,102.41796875,102.453125,102.2421875,102.2578125,196828
2023-06-13T18:00:00.000Z,102.2578125,102.28125,102.1875,102.25390625,106117
2023-06-13T22:00:00.000Z,102.2578125,102.2890625,102.23046875,102.28515625,11670
2023-06-14T02:00:00.000Z,102.2890625,102.3046875,102.26171875,102.26953125,11993
2023-06-14T06:00:00.000Z,102.26953125,102.3125,102.26171875,102.2890625,41832
2023-06-14T10:00:00.000Z,102.2890625,102.38671875,102.23046875,102.33984375,137304
2023-06-14T14:00:00.000Z,102.3359375,102.375,102.30078125,102.328125,135667
2023-06-14T18:00:00.000Z,102.33203125,102.33203125,101.98046875,102.1953125,367679
2023-06-14T22:00:00.000Z,102.18359375,102.20703125,102.13671875,102.14453125,19431
2023-06-15T02:00:00.000Z,102.1484375,102.15625,102.0546875,102.0546875,34141
2023-06-15T06:00:00.000Z,102.05859375,102.15625,102.02734375,102.1171875,96763
2023-06-15T10:00:00.000Z,102.12109375,102.328125,102.01171875,102.27734375,251934
2023-06-15T14:00:00.000Z,102.27734375,102.30859375,102.20703125,102.28125,153890
2023-06-15T18:00:00.000Z,102.27734375,102.3203125,102.26171875,102.2734375,81934
2023-06-15T22:00:00.000Z,102.26171875,102.28125,102.21484375,102.21875,11350
2023-06-16T02:00:00.000Z,102.21875,102.24609375,102.1875,102.21484375,15297
2023-06-16T06:00:00.000Z,102.21484375,102.21875,102.140625,102.19921875,47980
2023-06-16T10:00:00.000Z,102.19921875,102.21484375,102.0625,102.0859375,174633
2023-06-16T14:00:00.000Z,102.0859375,102.171875,102,102.1015625,198649
2023-06-16T18:00:00.000Z,102.1015625,102.14453125,102.09375,102.1328125,57661
2023-06-18T22:00:00.000Z,102.13671875,102.16015625,102.12109375,102.13671875,6025
2023-06-19T02:00:00.000Z,102.13671875,102.14453125,102.12890625,102.13671875,5695
2023-06-19T06:00:00.000Z,102.13671875,102.16796875,102.07421875,102.07421875,19301
2023-06-19T10:00:00.000Z,102.078125,102.0859375,102.05859375,102.06640625,15425
2023-06-19T14:00:00.000Z,102.06640625,102.06640625,102.04296875,102.0546875,11087
2023-06-19T22:00:00.000Z,102.05859375,102.0859375,102.04296875,102.078125,8457
2023-06-20T02:00:00.000Z,102.07421875,102.1015625,102.07421875,102.078125,7368
2023-06-20T06:00:00.000Z,102.07421875,102.1328125,102.07421875,102.1015625,27486
2023-06-20T10:00:00.000Z,102.1015625,102.1953125,102.078125,102.17578125,134686
2023-06-20T14:00:00.000Z,102.171875,102.25390625,102.1640625,102.2109375,125860
2023-06-20T18:00:00.000Z,102.2109375,102.2109375,102.1640625,102.19140625,55010
2023-06-20T22:00:00.000Z,102.19921875,102.20703125,102.171875,102.17578125,5152
2023-06-21T02:00:00.000Z,102.171875,102.1875,102.16015625,102.1875,7179
2023-06-21T06:00:00.000Z,102.19140625,102.19140625,102.08203125,102.1484375,69585
2023-06-21T10:00:00.000Z,102.1484375,102.171875,102.07421875,102.09375,118647
2023-06-21T14:00:00.000Z,102.09375,102.17578125,102.07421875,102.1484375,104829
2023-06-21T18:00:00.000Z,102.1484375,102.2109375,102.12890625,102.13671875,89531
2023-06-21T22:00:00.000Z,102.13671875,102.14453125,102.1171875,102.12890625,6219
2023-06-22T02:00:00.000Z,102.12890625,102.13671875,102.1015625,102.1171875,7829
2023-06-22T06:00:00.000Z,102.11328125,102.125,102.0703125,102.09375,40072
2023-06-22T10:00:00.000Z,102.09765625,102.19921875,102,102.08984375,168321
2023-06-22T14:00:00.000Z,102.0859375,102.0859375,101.95703125,101.99609375,126331
2023-06-22T18:00:00.000Z,101.99609375,102,101.96484375,101.984375,69636
2023-06-22T22:00:00.000Z,101.984375,102.0078125,101.9609375,101.9765625,12287
2023-06-23T02:00:00.000Z,101.9765625,102.01171875,101.97265625,101.98828125,15124
2023-06-23T06:00:00.000Z,101.984375,102.08203125,101.9453125,102.046875,96336
2023-06-23T10:00:00.000Z,102.046875,102.1875,102.03125,102.109375,155058
2023-06-23T14:00:00.000Z,102.11328125,102.12109375,102,102.0546875,110447
2023-06-23T18:00:00.000Z,102.0546875,102.0859375,102.046875,102.07421875,43287
2023-06-25T22:00:00.000Z,102.0859375,102.12109375,102.08203125,102.1015625,13212
2023-06-26T02:00:00.000Z,102.09765625,102.1171875,102.0859375,102.11328125,7936
2023-06-26T06:00:00.000Z,102.1171875,102.16796875,102.078125,102.1484375,40081
2023-06-26T10:00:00.000Z,102.15234375,102.17578125,102.06640625,102.08203125,99748
2023-06-26T14:00:00.000Z,102.08203125,102.11328125,102.0546875,102.10546875,114857
2023-06-26T18:00:00.000Z,102.10546875,102.13671875,102.07421875,102.07421875,56806
2023-06-26T22:00:00.000Z,102.078125,102.109375,102.078125,102.08203125,6756
2023-06-27T02:00:00.000Z,102.08203125,102.0859375,102.046875,102.05078125,9144
2023-06-27T06:00:00.000Z,102.05078125,102.07421875,102.03515625,102.0546875,28778
2023-06-27T10:00:00.000Z,102.0546875,102.1328125,102.03125,102.08203125,113944
2023-06-27T14:00:00.000Z,102.08203125,102.09375,101.91796875,101.9375,208494
2023-06-27T18:00:00.000Z,101.9375,101.94140625,101.8984375,101.93359375,105417
2023-06-27T22:00:00.000Z,101.9296875,101.9453125,101.921875,101.9375,10855
2023-06-28T02:00:00.000Z,101.9375,101.94921875,101.91796875,101.94921875,10444
2023-06-28T06:00:00.000Z,101.94921875,102,101.9375,101.96875,56370
2023-06-28T10:00:00.000Z,101.96875,101.9921875,101.890625,101.93359375,124147
2023-06-28T14:00:00.000Z,101.9375,102.0234375,101.921875,102.00390625,134280
2023-06-28T18:00:00.000Z,102.00390625,102.03125,101.99609375,102.015625,83240
2023-06-28T22:00:00.000Z,102.015625,102.01953125,101.9765625,101.984375,6721
2023-06-29T02:00:00.000Z,101.984375,101.984375,101.9296875,101.95703125,14205
2023-06-29T06:00:00.000Z,101.953125,101.953125,101.89453125,101.90625,39709
2023-06-29T10:00:00.000Z,101.90625,101.94921875,101.66015625,101.69140625,209067
2023-06-29T14:00:00.000Z,101.69140625,101.734375,101.65625,101.703125,136798
2023-06-29T18:00:00.000Z,101.703125,101.72265625,101.671875,101.70703125,61867
2023-06-29T22:00:00.000Z,101.71484375,101.72265625,101.68359375,101.6875,9266
2023-06-30T02:00:00.000Z,101.6875,101.70703125,101.6796875,101.69921875,11306
2023-06-30T06:00:00.000Z,101.6953125,101.6953125,101.57421875,101.578125,82977
2023-06-30T10:00:00.000Z,101.578125,101.765625,101.57421875,101.65625,194727
2023-06-30T14:00:00.000Z,101.65625,101.7109375,101.62109375,101.6953125,118195
2023-06-30T18:00:00.000Z,101.6953125,101.7109375,101.625,101.6328125,145640
2023-07-02T22:00:00.000Z,101.62109375,101.63671875,101.5859375,101.62890625,14874
2023-07-03T02:00:00.000Z,101.625,101.6328125,101.609375,101.625,7969
2023-07-03T06:00:00.000Z,101.625,101.6328125,101.50390625,101.5546875,52269
2023-07-03T10:00:00.000Z,101.5546875,101.65234375,101.51953125,101.64453125,95845
2023-07-03T14:00:00.000Z,101.6484375,101.73828125,101.54296875,101.55859375,140093
2023-07-03T18:00:00.000Z,101.55859375,101.56640625,101.54296875,101.56640625,8208
2023-07-03T22:00:00.000Z,101.5625,101.58203125,101.5625,101.5703125,2027
2023-07-04T02:00:00.000Z,101.56640625,101.58203125,101.5546875,101.5703125,5215
2023-07-04T06:00:00.000Z,101.5703125,101.5859375,101.546875,101.56640625,19900
2023-07-04T10:00:00.000Z,101.56640625,101.61328125,101.55859375,101.609375,11793
2023-07-04T14:00:00.000Z,101.609375,101.640625,101.59375,101.62109375,10574
2023-07-04T22:00:00.000Z,101.6171875,101.64453125,101.609375,101.6328125,8879
2023-07-05T02:00:00.000Z,101.6328125,101.640625,101.6015625,101.60546875,6853
2023-07-05T06:00:00.000Z,101.60546875,101.66796875,101.58203125,101.6484375,43222
2023-07-05T10:00:00.000Z,101.65234375,101.65625,101.58203125,101.625,118586
2023-07-05T14:00:00.000Z,101.62890625,101.6328125,101.5390625,101.54296875,140314
2023-07-05T18:00:00.000Z,101.546875,101.58984375,101.515625,101.53515625,75408
2023-07-05T22:00:00.000Z,101.5390625,101.55078125,101.50390625,101.51171875,14911
2023-07-06T02:00:00.000Z,101.51171875,101.515625,101.48046875,101.50390625,15466
2023-07-06T06:00:00.000Z,101.5078125,101.5078125,101.45703125,101.4765625,52919
2023-07-06T10:00:00.000Z,101.4765625,101.5078125,101.1875,101.3046875,309756
2023-07-06T14:00:00.000Z,101.30078125,101.40234375,101.15625,101.3984375,233976
2023-07-06T18:00:00.000Z,101.3984375,101.4609375,101.39453125,101.453125,81692
2023-07-06T22:00:00.000Z,101.47265625,101.47265625,101.3671875,101.37109375,18214
2023-07-07T02:00:00.000Z,101.37109375,101.42578125,101.3671875,101.421875,23148
2023-07-07T06:00:00.000Z,101.421875,101.45703125,101.3984375,101.4140625,86464
2023-07-07T10:00:00.000Z,101.41015625,101.71875,101.3671875,101.51953125,305958
2023-07-07T14:00:00.000Z,101.51953125,101.6328125,101.49609375,101.54296875,162132
2023-07-07T18:00:00.000Z,101.54296875,101.56640625,101.4921875,101.50390625,69871
2023-07-09T22:00:00.000Z,101.5234375,101.5390625,101.49609375,101.5078125,14609
2023-07-10T02:00:00.000Z,101.5078125,101.52734375,101.5,101.5234375,8224
2023-07-10T06:00:00.000Z,101.52734375,101.5859375,101.51953125,101.55859375,50917
2023-07-10T10:00:00.000Z,101.55859375,101.60546875,101.48828125,101.578125,124365
2023-07-10T14:00:00.000Z,101.57421875,101.68359375,101.55859375,101.671875,144418
2023-07-10T18:00:00.000Z,101.671875,101.67578125,101.640625,101.66796875,83245
2023-07-10T22:00:00.000Z,101.65625,101.67578125,101.65234375,101.66015625,10429
2023-07-11T02:00:00.000Z,101.6640625,101.71875,101.65625,101.71484375,14082
2023-07-11T06:00:00.000Z,101.71484375,101.73828125,101.68359375,101.734375,43797
2023-07-11T10:00:00.000Z,101.734375,101.734375,101.609375,101.62109375,148022
2023-07-11T14:00:00.000Z,101.62109375,101.671875,101.59375,101.65625,130947
2023-07-11T18:00:00.000Z,101.65625,101.6640625,101.59765625,101.63671875,101061
2023-07-11T22:00:00.000Z,101.63671875,101.66015625,101.62890625,101.640625,15995
2023-07-12T02:00:00.000Z,101.640625,101.66796875,101.63671875,101.6640625,5991
2023-07-12T06:00:00.000Z,101.6640625,101.6953125,101.65625,101.6640625,43349
2023-07-12T10:00:00.000Z,101.6640625,101.93359375,101.66015625,101.90625,314016
2023-07-12T14:00:00.000Z,101.90625,101.95703125,101.8671875,101.91015625,199304
2023-07-12T18:00:00.000Z,101.90625,101.93359375,101.8828125,101.90234375,90035
2023-07-12T22:00:00.000Z,101.890625,101.94921875,101.890625,101.94140625,10582
2023-07-13T02:00:00.000Z,101.9453125,101.984375,101.94140625,101.94921875,25777
2023-07-13T06:00:00.000Z,101.953125,102.1171875,101.94921875,102.08203125,83279
2023-07-13T10:00:00.000Z,102.0859375,102.140625,101.98828125,102.08203125,253140
2023-07-13T14:00:00.000Z,102.078125,102.17578125,102.0546875,102.16015625,167571
2023-07-13T18:00:00.000Z,102.15625,102.1796875,102.11328125,102.12109375,107228
2023-07-13T22:00:00.000Z,102.12109375,102.13671875,102.06640625,102.12890625,18403
2023-07-14T02:00:00.000Z,102.12890625,102.1484375,102.078125,102.0859375,16568
2023-07-14T06:00:00.000Z,102.08984375,102.09765625,102.015625,102.0546875,43030
2023-07-14T10:00:00.000Z,102.0546875,102.12890625,102.00390625,102.03515625,114498
2023-07-14T14:00:00.000Z,102.03125,102.03125,101.8828125,101.90234375,217338
2023-07-14T18:00:00.000Z,101.8984375,101.921875,101.85546875,101.859375,60454
2023-07-16T22:00:00.000Z,101.84765625,101.90625,101.84765625,101.8984375,7274
2023-07-17T02:00:00.000Z,101.8984375,101.9140625,101.89453125,101.8984375,6064
2023-07-17T06:00:00.000Z,101.90234375,101.98046875,101.8828125,101.95703125,38433
2023-07-17T10:00:00.000Z,101.9609375,101.97265625,101.859375,101.890625,108569
2023-07-17T14:00:00.000Z,101.890625,101.93359375,101.8671875,101.92578125,74754
2023-07-17T18:00:00.000Z,101.92578125,101.9375,101.89453125,101.91015625,41569
2023-07-17T22:00:00.000Z,101.9140625,101.9453125,101.9140625,101.9375,7899
2023-07-18T02:00:00.000Z,101.94140625,101.96875,101.94140625,101.95703125,7800
2023-07-18T06:00:00.000Z,101.95703125,102.03125,101.9453125,102.015625,38151
2023-07-18T10:00:00.000Z,102.015625,102.08203125,101.91796875,101.9765625,196056
2023-07-18T14:00:00.000Z,101.97265625,102.00390625,101.88671875,101.8984375,107062
2023-07-18T18:00:00.000Z,101.89453125,101.8984375,101.859375,101.859375,60467
2023-07-18T22:00:00.000Z,101.859375,101.89453125,101.85546875,101.88671875,9329
2023-07-19T02:00:00.000Z,101.88671875,101.921875,101.88671875,101.90625,14478
2023-07-19T06:00:00.000Z,101.90625,102.00390625,101.90625,101.9296875,78242
2023-07-19T10:00:00.000Z,101.92578125,101.9765625,101.91015625,101.91796875,94042
2023-07-19T14:00:00.000Z,101.9140625,101.9140625,101.828125,101.890625,152937
2023-07-19T18:00:00.000Z,101.890625,101.91015625,101.8515625,101.86328125,81518
2023-07-19T22:00:00.000Z,101.86328125,101.87890625,101.83984375,101.8515625,10625
2023-07-20T02:00:00.000Z,101.84765625,101.8515625,101.83203125,101.84375,8604
2023-07-20T06:00:00.000Z,101.84765625,101.8515625,101.765625,101.76953125,37077
2023-07-20T10:00:00.000Z,101.76953125,101.78125,101.65625,101.703125,208952
2023-07-20T14:00:00.000Z,101.70703125,101.74609375,101.640625,101.73046875,153898
2023-07-20T18:00:00.000Z,101.73046875,101.75390625,101.703125,101.71484375,55715
2023-07-20T22:00:00.000Z,101.71875,101.74609375,101.71484375,101.7421875,7734
2023-07-21T02:00:00.000Z,101.7421875,101.74609375,101.72265625,101.74609375,7843
2023-07-21T06:00:00.000Z,101.7421875,101.7578125,101.6796875,101.6875,29573
2023-07-21T10:00:00.000Z,101.6875,101.75,101.67578125,101.73046875,74158
2023-07-21T14:00:00.000Z,101.7265625,101.73046875,101.6640625,101.71875,95220
2023-07-21T18:00:00.000Z,101.71875,101.734375,101.703125,101.7109375,53213
2023-07-23T22:00:00.000Z,101.72265625,101.72265625,101.6875,101.6875,6916
2023-07-24T02:00:00.000Z,101.6875,101.703125,101.68359375,101.69921875,5178
2023-07-24T06:00:00.000Z,101.69921875,101.75,101.66796875,101.734375,38750
2023-07-24T10:00:00.000Z,101.734375,101.76953125,101.67578125,101.734375,84264
2023-07-24T14:00:00.000Z,101.73828125,101.75390625,101.6015625,101.609375,163578
2023-07-24T18:00:00.000Z,101.609375,101.64453125,101.5703125,101.58203125,78966
2023-07-24T22:00:00.000Z,101.578125,101.62109375,101.5703125,101.6171875,15847
2023-07-25T02:00:00.000Z,101.6171875,101.625,101.58984375,101.59375,9233
2023-07-25T06:00:00.000Z,101.59375,101.625,101.55078125,101.5625,50305
2023-07-25T10:00:00.000Z,101.56640625,101.58984375,101.50390625,101.53125,110483
2023-07-25T14:00:00.000Z,101.53125,101.55859375,101.4921875,101.50390625,117427
2023-07-25T18:00:00.000Z,101.50390625,101.60546875,101.5,101.55859375,95876
2023-07-25T22:00:00.000Z,101.546875,101.5703125,101.5234375,101.53125,16473
2023-07-26T02:00:00.000Z,101.53125,101.578125,101.52734375,101.57421875,13306
2023-07-26T06:00:00.000Z,101.57421875,101.6015625,101.55078125,101.59375,47352
2023-07-26T10:00:00.000Z,101.59375,101.6015625,101.5078125,101.51953125,113571
2023-07-26T14:00:00.000Z,101.5234375,101.5546875,101.48046875,101.5078125,116078
2023-07-26T18:00:00.000Z,101.5,101.65234375,101.453125,101.58984375,161688
2023-07-26T22:00:00.000Z,101.59375,101.640625,101.55859375,101.6328125,20120
2023-07-27T02:00:00.000Z,101.6328125,101.6484375,101.62890625,101.640625,10986
2023-07-27T06:00:00.000Z,101.64453125,101.671875,101.6171875,101.62890625,46032
2023-07-27T10:00:00.000Z,101.6328125,101.6640625,101.4921875,101.49609375,215987
2023-07-27T14:00:00.000Z,101.4921875,101.49609375,101.390625,101.46484375,243881
2023-07-27T18:00:00.000Z,101.46484375,101.48046875,101.40234375,101.4296875,111631
2023-07-27T22:00:00.000Z,101.421875,101.48828125,101.41015625,101.484375,26557
2023-07-28T02:00:00.000Z,101.484375,101.5546875,101.40234375,101.50390625,68487
2023-07-28T06:00:00.000Z,101.50390625,101.55078125,101.4765625,101.5390625,54354
2023-07-28T10:00:00.000Z,101.5390625,101.6171875,101.46484375,101.4921875,176980
2023-07-28T14:00:00.000Z,101.4921875,101.578125,101.46875,101.484375,94604
2023-07-28T18:00:00.000Z,101.484375,101.52734375,101.48046875,101.5234375,50491
2023-07-30T22:00:00.000Z,101.515625,101.53125,101.47265625,101.484375,8657
2023-07-31T02:00:00.000Z,101.484375,101.48828125,101.453125,101.45703125,7905
2023-07-31T06:00:00.000Z,101.4609375,101.5078125,101.4453125,101.4921875,28963
2023-07-31T10:00:00.000Z,101.4921875,101.5390625,101.4765625,101.53125,80468
2023-07-31T14:00:00.000Z,101.53515625,101.5703125,101.5,101.56640625,95612
2023-07-31T18:00:00.000Z,101.5625,101.578125,101.49609375,101.5234375,206924
2023-07-31T22:00:00.000Z,101.515625,101.52734375,101.5078125,101.515625,5332
2023-08-01T02:00:00.000Z,101.515625,101.5625,101.515625,101.5390625,14355
2023-08-01T06:00:00.000Z,101.5390625,101.56640625,101.51953125,101.54296875,31599
2023-08-01T10:00:00.000Z,101.5390625,101.54296875,101.4375,101.47265625,107746
2023-08-01T14:00:00.000Z,101.47265625,101.54296875,101.4453125,101.4453125,132381
2023-08-01T18:00:00.000Z,101.4453125,101.47265625,101.4375,101.45703125,72212
2023-08-01T22:00:00.000Z,101.4609375,101.51953125,101.45703125,101.47265625,25612
2023-08-02T02:00:00.000Z,101.47265625,101.5078125,101.46484375,101.49609375,15462
2023-08-02T06:00:00.000Z,101.49609375,101.5625,101.4921875,101.53515625,47786
2023-08-02T10:00:00.000Z,101.5390625,101.5546875,101.44921875,101.47265625,171096
2023-08-02T14:00:00.000Z,101.47265625,101.5234375,101.40625,101.4921875,195660
2023-08-02T18:00:00.000Z,101.49609375,101.53515625,101.46875,101.515625,75706
2023-08-02T22:00:00.000Z,101.4921875,101.5234375,101.4765625,101.484375,10226
2023-08-03T02:00:00.000Z,101.484375,101.49609375,101.4609375,101.47265625,15837
2023-08-03T06:00:00.000Z,101.47265625,101.4921875,101.44921875,101.46875,65801
2023-08-03T10:00:00.000Z,101.46484375,101.546875,101.42578125,101.44921875,189155
2023-08-03T14:00:00.000Z,101.44921875,101.54296875,101.44140625,101.5,204622
2023-08-03T18:00:00.000Z,101.5,101.51171875,101.4765625,101.5078125,97460
2023-08-03T22:00:00.000Z,101.50390625,101.515625,101.46875,101.47265625,18195
2023-08-04T02:00:00.000Z,101.4765625,101.484375,101.4453125,101.44921875,16093
2023-08-04T06:00:00.000Z,101.44921875,101.46484375,101.40234375,101.41796875,53134
2023-08-04T10:00:00.000Z,101.4140625,101.6640625,101.3125,101.6328125,315736
2023-08-04T14:00:00.000Z,101.6328125,101.68359375,101.59375,101.625,172415
2023-08-04T18:00:00.000Z,101.62109375,101.7109375,101.62109375,101.69921875,85909
2023-08-06T22:00:00.000Z,101.69921875,101.69921875,101.60546875,101.61328125,23352
2023-08-07T02:00:00.000Z,101.61328125,101.62890625,101.59375,101.61328125,10844
2023-08-07T06:00:00.000Z,101.61328125,101.62109375,101.5546875,101.55859375,49660
2023-08-07T10:00:00.000Z,101.55859375,101.69140625,101.546875,101.65234375,126366
2023-08-07T14:00:00.000Z,101.65234375,101.7109375,101.6484375,101.7109375,116408
2023-08-07T18:00:00.000Z,101.7109375,101.72265625,101.66015625,101.6953125,81602
2023-08-07T22:00:00.000Z,101.69140625,101.70703125,101.6640625,101.69140625,16943
2023-08-08T02:00:00.000Z,101.69140625,101.7421875,101.6875,101.734375,25096
2023-08-08T06:00:00.000Z,101.73828125,101.7734375,101.71875,101.76953125,62925
2023-08-08T10:00:00.000Z,101.76953125,101.7890625,101.69921875,101.74609375,160606
2023-08-08T14:00:00.000Z,101.74609375,101.75390625,101.6640625,101.7265625,133154
2023-08-08T18:00:00.000Z,101.72265625,101.73828125,101.703125,101.7265625,61914
2023-08-08T22:00:00.000Z,101.73046875,101.75,101.72265625,101.72265625,8621
2023-08-09T02:00:00.000Z,101.72265625,101.74609375,101.70703125,101.74609375,10590
2023-08-09T06:00:00.000Z,101.7421875,101.7421875,101.69921875,101.7109375,26274
2023-08-09T10:00:00.000Z,101.70703125,101.74609375,101.66015625,101.71484375,121377
2023-08-09T14:00:00.000Z,101.71484375,101.734375,101.65234375,101.67578125,133113
2023-08-09T18:00:00.000Z,101.67578125,101.67578125,101.62109375,101.62890625,84569
2023-08-09T22:00:00.000Z,101.6328125,101.6484375,101.609375,101.6171875,8656
2023-08-10T02:00:00.000Z,101.6171875,101.62890625,101.609375,101.62109375,9009
2023-08-10T06:00:00.000Z,101.62109375,101.66015625,101.6171875,101.65234375,30134
2023-08-10T10:00:00.000Z,101.65234375,101.796875,101.63671875,101.703125,281078
2023-08-10T14:00:00.000Z,101.703125,101.72265625,101.59765625,101.61328125,199403
2023-08-10T18:00:00.000Z,101.61328125,101.625,101.5546875,101.5703125,104493
2023-08-10T22:00:00.000Z,101.5703125,101.59375,101.56640625,101.578125,7130
2023-08-11T02:00:00.000Z,101.578125,101.6015625,101.56640625,101.58984375,10491
2023-08-11T06:00:00.000Z,101.5859375,101.6328125,101.5703125,101.625,43344
2023-08-11T10:00:00.000Z,101.62109375,101.640625,101.4453125,101.4765625,164205
2023-08-11T14:00:00.000Z,101.4765625,101.5390625,101.4609375,101.47265625,115407
2023-08-11T18:00:00.000Z,101.47265625,101.49609375,101.46484375,101.47265625,55562
2023-08-13T22:00:00.000Z,101.46875,101.46875,101.41796875,101.42578125,14860
2023-08-14T02:00:00.000Z,101.42578125,101.46875,101.42578125,101.45703125,9888
2023-08-14T06:00:00.000Z,101.4609375,101.484375,101.4453125,101.46484375,33655
2023-08-14T10:00:00.000Z,101.4609375,101.48828125,101.3359375,101.36328125,138841
2023-08-14T14:00:00.000Z,101.359375,101.40234375,101.34375,101.37109375,116564
2023-08-14T18:00:00.000Z,101.3671875,101.37890625,101.3203125,101.33203125,65958
2023-08-14T22:00:00.000Z,101.3359375,101.34765625,101.3046875,101.3359375,16543
2023-08-15T02:00:00.000Z,101.33984375,101.34765625,101.328125,101.33203125,11029
2023-08-15T06:00:00.000Z,101.33203125,101.33203125,101.29296875,101.33203125,46301
2023-08-15T10:00:00.000Z,101.33203125,101.41796875,101.23046875,101.40234375,221556
2023-08-15T14:00:00.000Z,101.40234375,101.4453125,101.36328125,101.38671875,135479
2023-08-15T18:00:00.000Z,101.38671875,101.38671875,101.34765625,101.35546875,65404
2023-08-15T22:00:00.000Z,101.35546875,101.3984375,101.33984375,101.39453125,12415
2023-08-16T02:00:00.000Z,101.39453125,101.42578125,101.38671875,101.421875,18494
2023-08-16T06:00:00.000Z,101.41796875,101.45703125,101.40234375,101.44140625,41793
2023-08-16T10:00:00.000Z,101.4375,101.453125,101.359375,101.390625,109258
2023-08-16T14:00:00.000Z,101.390625,101.4296875,101.3203125,101.3359375,116291
2023-08-16T18:00:00.000Z,101.3359375,101.34765625,101.28125,101.33203125,135565
2023-08-16T22:00:00.000Z,101.33203125,101.34765625,101.265625,101.2890625,23703
2023-08-17T02:00:00.000Z,101.2890625,101.3046875,101.265625,101.27734375,18857
2023-08-17T06:00:00.000Z,101.27734375,101.34765625,101.2734375,101.34765625,55950
2023-08-17T10:00:00.000Z,101.34375,101.4140625,101.3203125,101.3671875,207356
2023-08-17T14:00:00.000Z,101.3671875,101.37109375,101.29296875,101.3046875,125283
2023-08-17T18:00:00.000Z,101.3046875,101.40625,101.3046875,101.40234375,98587
2023-08-17T22:00:00.000Z,101.3984375,101.42578125,101.3828125,101.41015625,19939
2023-08-18T02:00:00.000Z,101.4140625,101.43359375,101.3984375,101.421875,13727
2023-08-18T06:00:00.000Z,101.421875,101.4609375,101.4140625,101.43359375,30613
2023-08-18T10:00:00.000Z,101.4375,101.453125,101.36328125,101.41796875,104437
2023-08-18T14:00:00.000Z,101.4140625,101.4453125,101.40234375,101.4140625,88023
2023-08-18T18:00:00.000Z,101.4140625,101.4140625,101.3671875,101.37109375,59817
2023-08-20T22:00:00.000Z,101.375,101.390625,101.35546875,101.359375,10330
2023-08-21T02:00:00.000Z,101.35546875,101.3671875,101.33203125,101.33984375,13731
2023-08-21T06:00:00.000Z,101.34375,101.375,101.3359375,101.34765625,28651
2023-08-21T10:00:00.000Z,101.34765625,101.35546875,101.296875,101.3046875,108775
2023-08-21T14:00:00.000Z,101.30078125,101.30859375,101.265625,101.3046875,129220
2023-08-21T18:00:00.000Z,101.3046875,101.30859375,101.2578125,101.265625,54974
2023-08-21T22:00:00.000Z,101.2734375,101.2734375,101.23828125,101.2578125,12452
2023-08-22T02:00:00.000Z,101.2578125,101.28125,101.25390625,101.26953125,13891
2023-08-22T06:00:00.000Z,101.26953125,101.3046875,101.26171875,101.30078125,33960
2023-08-22T10:00:00.000Z,101.296875,101.30859375,101.20703125,101.21484375,127324
2023-08-22T14:00:00.000Z,101.21875,101.25390625,101.1953125,101.2265625,143643
2023-08-22T18:00:00.000Z,101.2265625,101.23046875,101.1796875,101.18359375,77193
2023-08-22T22:00:00.000Z,101.1875,101.2109375,101.18359375,101.2109375,12171
2023-08-23T02:00:00.000Z,101.2109375,101.2109375,101.1875,101.1875,13308
2023-08-23T06:00:00.000Z,101.1875,101.28515625,101.1875,101.265625,67054
2023-08-23T10:00:00.000Z,101.26953125,101.40625,101.23828125,101.39453125,170161
2023-08-23T14:00:00.000Z,101.39453125,101.40234375,101.34375,101.37890625,163489
2023-08-23T18:00:00.000Z,101.37890625,101.38671875,101.3203125,101.3359375,121738
2023-08-23T22:00:00.000Z,101.34375,101.3515625,101.3046875,101.32421875,12032
2023-08-24T02:00:00.000Z,101.32421875,101.33203125,101.30859375,101.3203125,8281
2023-08-24T06:00:00.000Z,101.3203125,101.35546875,101.3125,101.328125,47012
2023-08-24T10:00:00.000Z,101.328125,101.33984375,101.2265625,101.2890625,209073
2023-08-24T14:00:00.000Z,101.28515625,101.34375,101.2578125,101.26953125,207935
2023-08-24T18:00:00.000Z,101.26953125,101.2734375,101.234375,101.2421875,96585
2023-08-24T22:00:00.000Z,101.2421875,101.25390625,101.23046875,101.234375,8078
2023-08-25T02:00:00.000Z,101.234375,101.24609375,101.2265625,101.234375,9299
2023-08-25T06:00:00.000Z,101.234375,101.2421875,101.203125,101.20703125,39189
2023-08-25T10:00:00.000Z,101.20703125,101.2421875,101.18359375,101.21484375,160734
2023-08-25T14:00:00.000Z,101.2109375,101.26953125,101.10546875,101.17578125,338713
2023-08-25T18:00:00.000Z,101.1796875,101.1953125,101.12890625,101.13671875,106485
2023-08-27T22:00:00.000Z,101.14453125,101.1484375,101.1015625,101.109375,14426
2023-08-28T02:00:00.000Z,101.11328125,101.15234375,101.11328125,101.14453125,12358
2023-08-28T06:00:00.000Z,101.14453125,101.15234375,101.1015625,101.109375,31971
2023-08-28T10:00:00.000Z,101.109375,101.19140625,101.0859375,101.15625,133029
2023-08-28T14:00:00.000Z,101.15625,101.19921875,101.1171875,101.19921875,150663
2023-08-28T18:00:00.000Z,101.19921875,101.21484375,101.171875,101.19140625,77158
2023-08-28T22:00:00.000Z,101.19140625,101.23828125,101.19140625,101.2265625,11925
2023-08-29T02:00:00.000Z,101.23046875,101.234375,101.203125,101.234375,11587
2023-08-29T06:00:00.000Z,101.234375,101.23828125,101.1953125,101.2109375,42615
2023-08-29T10:00:00.000Z,101.20703125,101.2109375,101.16015625,101.17578125,99292
2023-08-29T14:00:00.000Z,101.1796875,101.46484375,101.1796875,101.4296875,189876
2023-08-29T18:00:00.000Z,101.42578125,101.4375,101.39453125,101.40625,44088
2023-08-29T22:00:00.000Z,101.40234375,101.41796875,101.375,101.390625,10370
2023-08-30T02:00:00.000Z,101.38671875,101.3984375,101.34765625,101.359375,3391
2023-08-30T06:00:00.000Z,101.359375,101.39453125,101.34765625,101.3671875,13421
2023-08-30T10:00:00.000Z,101.3671875,101.51171875,101.34765625,101.48828125,37783
2023-08-30T14:00:00.000Z,101.48828125,101.49609375,101.44140625,101.453125,26405
2023-08-30T18:00:00.000Z,101.45703125,101.4609375,101.4140625,101.4375,10042
2023-08-30T22:00:00.000Z,101.43359375,101.453125,101.4296875,101.44921875,744
2023-08-31T02:00:00.000Z,101.4453125,101.45703125,101.4453125,101.44921875,183
2023-08-31T06:00:00.000Z,101.45703125,101.49609375,101.42578125,101.4921875,1020
2023-08-31T10:00:00.000Z,101.49609375,101.5546875,101.421875,101.4609375,3068
2023-08-31T14:00:00.000Z,101.4609375,101.51953125,101.4609375,101.5078125,1196
2023-08-31T18:00:00.000Z,101.51171875,101.546875,101.50390625,101.5078125,474
2023-08-31T22:00:00.000Z,101.890625,101.91015625,101.87890625,101.90625,8745
2023-09-01T02:00:00.000Z,101.90625,101.91015625,101.8828125,101.88671875,11045
2023-09-01T06:00:00.000Z,101.88671875,101.8984375,101.875,101.88671875,21949
2023-09-01T10:00:00.000Z,101.88671875,102.09375,101.875,101.95703125,308631
2023-09-01T14:00:00.000Z,101.953125,101.953125,101.83203125,101.8828125,182415
2023-09-01T18:00:00.000Z,101.8828125,101.890625,101.84375,101.8515625,64047
2023-09-03T22:00:00.000Z,101.859375,101.859375,101.83203125,101.83203125,8399
2023-09-04T02:00:00.000Z,101.8359375,101.84375,101.83203125,101.8359375,4619
2023-09-04T06:00:00.000Z,101.8359375,101.83984375,101.80859375,101.81640625,18013
2023-09-04T10:00:00.000Z,101.81640625,101.8203125,101.7890625,101.796875,12245
2023-09-04T14:00:00.000Z,101.796875,101.80078125,101.78515625,101.7890625,8132
2023-09-04T22:00:00.000Z,101.7890625,101.81640625,101.78515625,101.8125,8050
2023-09-05T02:00:00.000Z,101.8125,101.8125,101.79296875,101.80078125,8795
2023-09-05T06:00:00.000Z,101.80078125,101.81640625,101.78515625,101.78515625,24783
2023-09-05T10:00:00.000Z,101.7890625,101.81640625,101.734375,101.765625,156207
2023-09-05T14:00:00.000Z,101.76171875,101.76953125,101.66796875,101.671875,132396
2023-09-05T18:00:00.000Z,101.671875,101.6953125,101.65234375,101.67578125,81892
2023-09-05T22:00:00.000Z,101.6796875,101.703125,101.67578125,101.6875,11114
2023-09-06T02:00:00.000Z,101.6875,101.72265625,101.6875,101.72265625,13108
2023-09-06T06:00:00.000Z,101.72265625,101.7265625,101.6640625,101.69140625,41799
2023-09-06T10:00:00.000Z,101.6953125,101.71484375,101.65625,101.69140625,95086
2023-09-06T14:00:00.000Z,101.6875,101.6875,101.515625,101.546875,248009
2023-09-06T18:00:00.000Z,101.546875,101.5546875,101.5234375,101.546875,76048
2023-09-06T22:00:00.000Z,101.5390625,101.57421875,101.53125,101.5703125,16434
2023-09-07T02:00:00.000Z,101.5703125,101.578125,101.5390625,101.54296875,16040
2023-09-07T06:00:00.000Z,101.54296875,101.61328125,101.5390625,101.59765625,40813
2023-09-07T10:00:00.000Z,101.59765625,101.6015625,101.51171875,101.58203125,129530
2023-09-07T14:00:00.000Z,101.58203125,101.66796875,101.578125,101.6640625,129970
2023-09-07T18:00:00.000Z,101.66015625,101.703125,101.65234375,101.68359375,108355
2023-09-07T22:00:00.000Z,101.6796875,101.75390625,101.6640625,101.71875,23336
2023-09-08T02:00:00.000Z,101.71875,101.734375,101.7109375,101.7265625,12373
2023-09-08T06:00:00.000Z,101.72265625,101.74609375,101.6875,101.703125,32523
2023-09-08T10:00:00.000Z,101.703125,101.734375,101.66796875,101.7265625,94613
2023-09-08T14:00:00.000Z,101.7265625,101.74609375,101.625,101.62890625,104315
2023-09-08T18:00:00.000Z,101.625,101.63671875,101.59765625,101.6015625,49091
2023-09-10T22:00:00.000Z,101.59375,101.6171875,101.5703125,101.578125,19337
2023-09-11T02:00:00.000Z,101.578125,101.60546875,101.5703125,101.6015625,12671
2023-09-11T06:00:00.000Z,101.6015625,101.62890625,101.58984375,101.6015625,26217
2023-09-11T10:00:00.000Z,101.6015625,101.63671875,101.59375,101.62890625,88781
2023-09-11T14:00:00.000Z,101.62890625,101.63671875,101.58984375,101.62109375,104442
2023-09-11T18:00:00.000Z,101.625,101.6328125,101.59765625,101.6015625,54878
2023-09-11T22:00:00.000Z,101.6015625,101.61328125,101.59375,101.61328125,5577
2023-09-12T02:00:00.000Z,101.61328125,101.6171875,101.59765625,101.59765625,7569
2023-09-12T06:00:00.000Z,101.59765625,101.609375,101.58203125,101.6015625,24903
2023-09-12T10:00:00.000Z,101.59765625,101.60546875,101.54296875,101.55078125,88696
2023-09-12T14:00:00.000Z,101.55078125,101.5859375,101.5390625,101.55859375,81752
2023-09-12T18:00:00.000Z,101.55859375,101.58203125,101.52734375,101.53125,65243
2023-09-12T22:00:00.000Z,101.53515625,101.53515625,101.51171875,101.51953125,12249
2023-09-13T02:00:00.000Z,101.51953125,101.52734375,101.51171875,101.5234375,8275
2023-09-13T06:00:00.000Z,101.5234375,101.5390625,101.51171875,101.515625,35475
2023-09-13T10:00:00.000Z,101.51171875,101.6015625,101.37109375,101.56640625,280883
2023-09-13T14:00:00.000Z,101.5625,101.66015625,101.54296875,101.6484375,180066
2023-09-13T18:00:00.000Z,101.6484375,101.65625,101.60546875,101.6328125,71236
2023-09-13T22:00:00.000Z,101.6328125,101.671875,101.6328125,101.6484375,14803
2023-09-14T02:00:00.000Z,101.64453125,101.66015625,101.63671875,101.66015625,5350
2023-09-14T06:00:00.000Z,101.66015625,101.66015625,101.59765625,101.6015625,29899
2023-09-14T10:00:00.000Z,101.60546875,101.67578125,101.5078125,101.578125,265463
2023-09-14T14:00:00.000Z,101.578125,101.6328125,101.546875,101.55859375,107953
2023-09-14T18:00:00.000Z,101.5546875,101.57421875,101.53515625,101.54296875,51776
2023-09-14T22:00:00.000Z,101.546875,101.57421875,101.5390625,101.57421875,10161
2023-09-15T02:00:00.000Z,101.5703125,101.5703125,101.5390625,101.5625,10493
2023-09-15T06:00:00.000Z,101.5625,101.5625,101.48046875,101.48828125,46156
2023-09-15T10:00:00.000Z,101.4921875,101.5234375,101.45703125,101.48828125,146239
2023-09-15T14:00:00.000Z,101.484375,101.55859375,101.46875,101.5234375,139109
2023-09-15T18:00:00.000Z,101.52734375,101.53125,101.48046875,101.4921875,61266
2023-09-17T22:00:00.000Z,101.4921875,101.515625,101.48046875,101.484375,8555
2023-09-18T02:00:00.000Z,101.48046875,101.48828125,101.48046875,101.484375,5321
2023-09-18T06:00:00.000Z,101.484375,101.484375,101.44921875,101.45703125,43987
2023-09-18T10:00:00.000Z,101.453125,101.4765625,101.40625,101.44140625,121670
2023-09-18T14:00:00.000Z,101.44140625,101.4765625,101.4296875,101.44921875,105909
2023-09-18T18:00:00.000Z,101.44921875,101.46484375,101.4296875,101.45703125,70310
2023-09-18T22:00:00.000Z,101.4609375,101.4765625,101.44921875,101.45703125,9392
2023-09-19T02:00:00.000Z,101.4609375,101.4765625,101.453125,101.45703125,8754
2023-09-19T06:00:00.000Z,101.453125,101.46484375,101.4375,101.45703125,31315
2023-09-19T10:00:00.000Z,101.453125,101.46875,101.37890625,101.40625,136846
2023-09-19T14:00:00.000Z,101.40234375,101.4296875,101.3671875,101.38671875,134969
2023-09-19T18:00:00.000Z,101.38671875,101.390625,101.33984375,101.375,133596
2023-09-19T22:00:00.000Z,101.37890625,101.38671875,101.3671875,101.3828125,11046
2023-09-20T02:00:00.000Z,101.3828125,101.38671875,101.37109375,101.3828125,14521
2023-09-20T06:00:00.000Z,101.37890625,101.4140625,101.37109375,101.41015625,52232
2023-09-20T10:00:00.000Z,101.41015625,101.4609375,101.40234375,101.4453125,100658
2023-09-20T14:00:00.000Z,101.4453125,101.46875,101.42578125,101.44140625,140026
2023-09-20T18:00:00.000Z,101.44140625,101.44140625,101.203125,101.203125,371214
2023-09-20T22:00:00.000Z,101.21484375,101.21484375,101.16015625,101.19140625,38545
2023-09-21T02:00:00.000Z,101.1875,101.203125,101.17578125,101.1953125,14354
2023-09-21T06:00:00.000Z,101.19921875,101.25390625,101.1953125,101.25,89610
2023-09-21T10:00:00.000Z,101.24609375,101.28125,101.16796875,101.24609375,261749
2023-09-21T14:00:00.000Z,101.25,101.31640625,101.24609375,101.265625,259028
2023-09-21T18:00:00.000Z,101.265625,101.28125,101.25390625,101.2578125,85078
2023-09-21T22:00:00.000Z,101.2578125,101.28515625,101.2578125,101.26953125,15506
2023-09-22T02:00:00.000Z,101.26953125,101.28125,101.26171875,101.265625,15024
2023-09-22T06:00:00.000Z,101.265625,101.3203125,101.2578125,101.2578125,76163
2023-09-22T10:00:00.000Z,101.2578125,101.34765625,101.2578125,101.34375,126166
2023-09-22T14:00:00.000Z,101.34375,101.3828125,101.3125,101.3203125,133184
2023-09-22T18:00:00.000Z,101.3203125,101.33203125,101.29296875,101.3203125,61144
2023-09-24T22:00:00.000Z,101.32421875,101.33984375,101.3046875,101.31640625,11074
2023-09-25T02:00:00.000Z,101.31640625,101.33203125,101.30859375,101.30859375,13198
2023-09-25T06:00:00.000Z,101.30859375,101.3125,101.27734375,101.29296875,38641
2023-09-25T10:00:00.000Z,101.2890625,101.33203125,101.28125,101.31640625,119981
2023-09-25T14:00:00.000Z,101.31640625,101.3515625,101.2890625,101.29296875,115421
2023-09-25T18:00:00.000Z,101.29296875,101.30859375,101.27734375,101.30078125,82534
2023-09-25T22:00:00.000Z,101.3046875,101.3046875,101.265625,101.265625,10105
2023-09-26T02:00:00.000Z,101.265625,101.27734375,101.2578125,101.265625,13158
2023-09-26T06:00:00.000Z,101.265625,101.3203125,101.25390625,101.3125,61929
2023-09-26T10:00:00.000Z,101.31640625,101.33203125,101.2734375,101.28515625,121888
2023-09-26T14:00:00.000Z,101.28515625,101.3046875,101.2421875,101.2890625,184029
2023-09-26T18:00:00.000Z,101.2890625,101.30859375,101.25390625,101.3046875,123291
2023-09-26T22:00:00.000Z,101.3046875,101.34765625,101.30078125,101.33203125,20127
2023-09-27T02:00:00.000Z,101.33203125,101.33984375,101.30078125,101.30859375,14872
2023-09-27T06:00:00.000Z,101.30859375,101.34765625,101.3046875,101.33203125,31133
2023-09-27T10:00:00.000Z,101.3359375,101.3359375,101.2890625,101.2890625,119050
2023-09-27T14:00:00.000Z,101.29296875,101.30078125,101.14453125,101.16796875,243025
2023-09-27T18:00:00.000Z,101.1640625,101.1953125,101.13671875,101.17578125,145220
2023-09-27T22:00:00.000Z,101.1875,101.203125,101.171875,101.1875,18204
2023-09-28T02:00:00.000Z,101.19140625,101.2265625,101.1875,101.2109375,23951
2023-09-28T06:00:00.000Z,101.2109375,101.2265625,101.17578125,101.21484375,72179
2023-09-28T10:00:00.000Z,101.21484375,101.265625,101.1328125,101.26171875,241367
2023-09-28T14:00:00.000Z,101.26171875,101.28125,101.21484375,101.25390625,211119
2023-09-28T18:00:00.000Z,101.25390625,101.3359375,101.25390625,101.328125,87310
2023-09-28T22:00:00.000Z,101.32421875,101.328125,101.29296875,101.29296875,18499
2023-09-29T02:00:00.000Z,101.296875,101.3359375,101.29296875,101.32421875,9055
2023-09-29T06:00:00.000Z,101.32421875,101.39453125,101.3203125,101.375,106844
2023-09-29T10:00:00.000Z,101.375,101.41796875,101.34765625,101.3828125,173966
2023-09-29T14:00:00.000Z,101.3828125,101.39453125,101.33203125,101.33984375,191777
2023-09-29T18:00:00.000Z,101.33984375,101.375,101.328125,101.359375,210362
2023-10-01T22:00:00.000Z,101.33203125,101.33203125,101.24609375,101.2734375,34683
2023-10-02T02:00:00.000Z,101.27734375,101.2890625,101.26953125,101.28515625,6187
2023-10-02T06:00:00.000Z,101.2890625,101.2890625,101.22265625,101.2265625,59138
2023-10-02T10:00:00.000Z,101.2265625,101.26171875,101.22265625,101.23046875,102048
2023-10-02T14:00:00.000Z,101.2265625,101.265625,101.1875,101.2421875,184153
2023-10-02T18:00:00.000Z,101.2421875,101.26171875,101.21484375,101.234375,97494
2023-10-02T22:00:00.000Z,101.24609375,101.25,101.20703125,101.2265625,16985
2023-10-03T02:00:00.000Z,101.2265625,101.234375,101.203125,101.20703125,10230
2023-10-03T06:00:00.000Z,101.20703125,101.25390625,101.20703125,101.21484375,39127
2023-10-03T10:00:00.000Z,101.2109375,101.28125,101.1796875,101.26953125,180994
2023-10-03T14:00:00.000Z,101.265625,101.26953125,101.13671875,101.16796875,372312
2023-10-03T18:00:00.000Z,101.171875,101.17578125,101.140625,101.140625,112264
2023-10-03T22:00:00.000Z,101.1484375,101.16796875,101.12890625,101.14453125,29436
2023-10-04T02:00:00.000Z,101.140625,101.14453125,101.11328125,101.1171875,26311
2023-10-04T06:00:00.000Z,101.12109375,101.16796875,101.08984375,101.1484375,91039
2023-10-04T10:00:00.000Z,101.1484375,101.27734375,101.1484375,101.25390625,242189
2023-10-04T14:00:00.000Z,101.25,101.33984375,101.19921875,101.3125,242578
2023-10-04T18:00:00.000Z,101.3125,101.35546875,101.30078125,101.328125,104670
2023-10-04T22:00:00.000Z,101.33203125,101.3671875,101.3125,101.3671875,16750
2023-10-05T02:00:00.000Z,101.3671875,101.375,101.359375,101.3671875,14452
2023-10-05T06:00:00.000Z,101.3671875,101.37109375,101.3203125,101.35546875,53599
2023-10-05T10:00:00.000Z,101.359375,101.40625,101.296875,101.39453125,186876
2023-10-05T14:00:00.000Z,101.39453125,101.41015625,101.36328125,101.38671875,155223
2023-10-05T18:00:00.000Z,101.38671875,101.40625,101.3828125,101.39453125,92127
2023-10-05T22:00:00.000Z,101.40234375,101.40234375,101.37109375,101.37890625,14522
2023-10-06T02:00:00.000Z,101.375,101.38671875,101.36328125,101.3671875,12970
2023-10-06T06:00:00.000Z,101.3671875,101.37109375,101.33984375,101.34765625,51140
2023-10-06T10:00:00.000Z,101.3515625,101.359375,101.15234375,101.23828125,390298
2023-10-06T14:00:00.000Z,101.234375,101.30859375,101.234375,101.265625,173353
2023-10-06T18:00:00.000Z,101.265625,101.2890625,101.26171875,101.26953125,54912
2023-10-08T22:00:00.000Z,101.375,101.48828125,101.3515625,101.40234375,54886
2023-10-09T02:00:00.000Z,101.40234375,101.4140625,101.375,101.38671875,8843
2023-10-09T06:00:00.000Z,101.3828125,101.41015625,101.37109375,101.390625,25374
2023-10-09T10:00:00.000Z,101.39453125,101.52734375,101.38671875,101.49609375,76746
2023-10-09T14:00:00.000Z,101.4921875,101.56640625,101.4921875,101.56640625,52275
2023-10-09T18:00:00.000Z,101.5625,101.578125,101.53515625,101.55078125,42330
2023-10-09T22:00:00.000Z,101.55078125,101.5703125,101.5,101.5078125,39913
2023-10-10T02:00:00.000Z,101.50390625,101.5234375,101.484375,101.484375,25943
2023-10-10T06:00:00.000Z,101.48828125,101.5,101.4296875,101.44921875,88203
2023-10-10T10:00:00.000Z,101.44921875,101.4921875,101.3984375,101.47265625,179227
2023-10-10T14:00:00.000Z,101.47265625,101.55859375,101.46484375,101.484375,200755
2023-10-10T18:00:00.000Z,101.484375,101.52734375,101.46484375,101.48828125,100122
2023-10-10T22:00:00.000Z,101.48828125,101.5078125,101.47265625,101.48828125,12642
2023-10-11T02:00:00.000Z,101.484375,101.48828125,101.4140625,101.421875,21475
2023-10-11T06:00:00.000Z,101.42578125,101.53125,101.421875,101.51171875,102512
2023-10-11T10:00:00.000Z,101.5078125,101.51953125,101.38671875,101.40234375,251612
2023-10-11T14:00:00.000Z,101.40625,101.4609375,101.390625,101.41796875,192302
2023-10-11T18:00:00.000Z,101.4140625,101.46484375,101.40234375,101.453125,80492
2023-10-11T22:00:00.000Z,101.44921875,101.46484375,101.4375,101.44140625,7974
2023-10-12T02:00:00.000Z,101.4453125,101.4609375,101.43359375,101.4609375,8490
2023-10-12T06:00:00.000Z,101.45703125,101.47265625,101.421875,101.44140625,50152
2023-10-12T10:00:00.000Z,101.44140625,101.484375,101.26953125,101.2890625,342898
2023-10-12T14:00:00.000Z,101.2890625,101.328125,101.26953125,101.3203125,184131
2023-10-12T18:00:00.000Z,101.31640625,101.33984375,101.2890625,101.296875,115121
2023-10-12T22:00:00.000Z,101.3046875,101.32421875,101.29296875,101.32421875,10702
2023-10-13T02:00:00.000Z,101.32421875,101.3671875,101.31640625,101.35546875,14060
2023-10-13T06:00:00.000Z,101.359375,101.375,101.33984375,101.36328125,60595
2023-10-13T10:00:00.000Z,101.36328125,101.40625,101.3359375,101.33984375,161316
2023-10-13T14:00:00.000Z,101.33984375,101.3515625,101.3046875,101.32421875,154831
2023-10-13T18:00:00.000Z,101.3203125,101.34375,101.3125,101.328125,66413
2023-10-15T22:00:00.000Z,101.30859375,101.32421875,101.24609375,101.296875,20307
2023-10-16T02:00:00.000Z,101.296875,101.3203125,101.2890625,101.3046875,6902
2023-10-16T06:00:00.000Z,101.30078125,101.31640625,101.26953125,101.296875,48071
2023-10-16T10:00:00.000Z,101.29296875,101.3359375,101.25,101.2578125,140421
2023-10-16T14:00:00.000Z,101.2578125,101.28515625,101.234375,101.2578125,136825
2023-10-16T18:00:00.000Z,101.25390625,101.26171875,101.23046875,101.23828125,60019
2023-10-16T22:00:00.000Z,101.234375,101.25,101.22265625,101.23828125,13211
2023-10-17T02:00:00.000Z,101.23828125,101.2421875,101.22265625,101.23046875,18108
2023-10-17T06:00:00.000Z,101.234375,101.2421875,101.21484375,101.21875,42668
2023-10-17T10:00:00.000Z,101.21875,101.23828125,101.07421875,101.0859375,260449
2023-10-17T14:00:00.000Z,101.0859375,101.1015625,100.9921875,101,237458
2023-10-17T18:00:00.000Z,101.00390625,101.03515625,100.97265625,101.02734375,152962
2023-10-17T22:00:00.000Z,101.0234375,101.0546875,101.015625,101.05078125,25747
2023-10-18T02:00:00.000Z,101.05078125,101.07421875,101.046875,101.0625,23621
2023-10-18T06:00:00.000Z,101.0625,101.078125,101.01953125,101.0703125,64093
2023-10-18T10:00:00.000Z,101.07421875,101.10546875,101.015625,101.0625,171798
2023-10-18T14:00:00.000Z,101.0625,101.07421875,100.96484375,101.03125,330220
2023-10-18T18:00:00.000Z,101.03515625,101.0390625,101.00390625,101.00390625,81089
2023-10-18T22:00:00.000Z,101.00390625,101.01953125,100.95703125,100.9765625,22005
2023-10-19T02:00:00.000Z,100.9765625,100.98828125,100.9453125,100.95703125,21512
2023-10-19T06:00:00.000Z,100.9609375,100.9765625,100.9453125,100.96484375,58270
2023-10-19T10:00:00.000Z,100.9609375,101.0390625,100.9375,101.0390625,182899
2023-10-19T14:00:00.000Z,101.03515625,101.125,100.984375,101.09375,437869
2023-10-19T18:00:00.000Z,101.09375,101.14453125,101.08203125,101.125,151360
2023-10-19T22:00:00.000Z,101.12109375,101.14453125,101.10546875,101.1171875,28868
2023-10-20T02:00:00.000Z,101.1171875,101.1640625,101.109375,101.16015625,20259
2023-10-20T06:00:00.000Z,101.15625,101.1796875,101.125,101.125,75409
2023-10-20T10:00:00.000Z,101.12890625,101.24609375,101.1171875,101.234375,215763
2023-10-20T14:00:00.000Z,101.234375,101.3125,101.21875,101.2421875,244178
2023-10-20T18:00:00.000Z,101.24609375,101.29296875,101.23046875,101.27734375,78728
2023-10-22T22:00:00.000Z,101.23828125,101.2578125,101.2109375,101.21875,21018
2023-10-23T02:00:00.000Z,101.21484375,101.21484375,101.16796875,101.1796875,28687
2023-10-23T06:00:00.000Z,101.1796875,101.21875,101.17578125,101.18359375,60039
2023-10-23T10:00:00.000Z,101.1875,101.2421875,101.17578125,101.2421875,147772
2023-10-23T14:00:00.000Z,101.2421875,101.2890625,101.21484375,101.27734375,217459
2023-10-23T18:00:00.000Z,101.27734375,101.34765625,101.2734375,101.328125,122144
2023-10-23T22:00:00.000Z,101.33203125,101.33984375,101.28515625,101.30078125,21461
2023-10-24T02:00:00.000Z,101.30078125,101.3125,101.29296875,101.296875,9682
2023-10-24T06:00:00.000Z,101.296875,101.33203125,101.26953125,101.27734375,75584
2023-10-24T10:00:00.000Z,101.27734375,101.2890625,101.1875,101.2265625,190083
2023-10-24T14:00:00.000Z,101.23046875,101.296875,101.1796875,101.25,238716
2023-10-24T18:00:00.000Z,101.25,101.2578125,101.2109375,101.2109375,109026
2023-10-24T22:00:00.000Z,101.21484375,101.25390625,101.21484375,101.2421875,22799
2023-10-25T02:00:00.000Z,101.2421875,101.24609375,101.2265625,101.23828125,9401
2023-10-25T06:00:00.000Z,101.23828125,101.24609375,101.1953125,101.19921875,42826
2023-10-25T10:00:00.000Z,101.19921875,101.21875,101.1796875,101.2109375,113706
2023-10-25T14:00:00.000Z,101.20703125,101.2109375,101.12109375,101.15625,251818
2023-10-25T18:00:00.000Z,101.15234375,101.171875,101.125,101.140625,117513
2023-10-25T22:00:00.000Z,101.13671875,101.15625,101.125,101.14453125,15302
2023-10-26T02:00:00.000Z,101.1484375,101.1640625,101.1328125,101.140625,13894
2023-10-26T06:00:00.000Z,101.13671875,101.1640625,101.125,101.140625,53929
2023-10-26T10:00:00.000Z,101.13671875,101.25,101.0859375,101.24609375,228445
2023-10-26T14:00:00.000Z,101.24609375,101.3203125,101.22265625,101.28125,193577
2023-10-26T18:00:00.000Z,101.28125,101.296875,101.26171875,101.28515625,90732
2023-10-26T22:00:00.000Z,101.28515625,101.2890625,101.24609375,101.2578125,14678
2023-10-27T02:00:00.000Z,101.26171875,101.28125,101.2578125,101.28125,10364
2023-10-27T06:00:00.000Z,101.28125,101.28125,101.24609375,101.27734375,39694
2023-10-27T10:00:00.000Z,101.27734375,101.31640625,101.24609375,101.3046875,148294
2023-10-27T14:00:00.000Z,101.30078125,101.328125,101.265625,101.32421875,148307
2023-10-27T18:00:00.000Z,101.32421875,101.3515625,101.30859375,101.34375,88371
2023-10-29T22:00:00.000Z,101.34375,101.34375,101.28125,101.3046875,14514
2023-10-30T02:00:00.000Z,101.3046875,101.30859375,101.2890625,101.296875,7495
2023-10-30T06:00:00.000Z,101.29296875,101.3125,101.27734375,101.28515625,42911
2023-10-30T10:00:00.000Z,101.28125,101.28515625,101.21484375,101.23828125,117274
2023-10-30T14:00:00.000Z,101.2421875,101.28125,101.234375,101.2578125,126624
2023-10-30T18:00:00.000Z,101.25390625,101.29296875,101.25,101.25390625,78422
2023-10-30T22:00:00.000Z,101.24609375,101.26953125,101.24609375,101.2578125,10532
2023-10-31T02:00:00.000Z,101.26171875,101.3046875,101.2578125,101.28515625,23870
2023-10-31T06:00:00.000Z,101.28515625,101.31640625,101.27734375,101.296875,51513
2023-10-31T10:00:00.000Z,101.296875,101.32421875,101.1953125,101.21875,218283
2023-10-31T14:00:00.000Z,101.21875,101.23046875,101.19140625,101.203125,153922
2023-10-31T18:00:00.000Z,101.203125,101.234375,101.18359375,101.18359375,251342
2023-10-31T22:00:00.000Z,101.18359375,101.203125,101.1796875,101.1953125,13983
2023-11-01T02:00:00.000Z,101.1953125,101.21484375,101.19140625,101.21484375,10816
2023-11-01T06:00:00.000Z,101.21484375,101.2265625,101.1953125,101.2109375,33746
2023-11-01T10:00:00.000Z,101.21484375,101.29296875,101.20703125,101.25390625,281216
2023-11-01T14:00:00.000Z,101.2578125,101.36328125,101.2578125,101.30859375,261621
2023-11-01T18:00:00.000Z,101.3046875,101.4765625,101.30078125,101.4453125,303580
2023-11-01T22:00:00.000Z,101.44921875,101.48828125,101.4453125,101.4609375,30265
2023-11-02T02:00:00.000Z,101.4609375,101.46484375,101.41796875,101.41796875,34045
2023-11-02T06:00:00.000Z,101.421875,101.44140625,101.3828125,101.4296875,96626
2023-11-02T10:00:00.000Z,101.42578125,101.5078125,101.40625,101.46875,264399
2023-11-02T14:00:00.000Z,101.46875,101.46875,101.33984375,101.37890625,424099
2023-11-02T18:00:00.000Z,101.37890625,101.39453125,101.3515625,101.359375,120665
2023-11-02T22:00:00.000Z,101.3515625,101.3671875,101.33203125,101.34375,13310
2023-11-03T02:00:00.000Z,101.34375,101.359375,101.33984375,101.35546875,10683
2023-11-03T06:00:00.000Z,101.35546875,101.359375,101.32421875,101.33984375,54038
2023-11-03T10:00:00.000Z,101.33984375,101.65625,101.3359375,101.59765625,493682
2023-11-03T14:00:00.000Z,101.6015625,101.70703125,101.51171875,101.65234375,356478
2023-11-03T18:00:00.000Z,101.65234375,101.66015625,101.62109375,101.6328125,106023
2023-11-05T23:00:00.000Z,101.640625,101.640625,101.58203125,101.6015625,47877
2023-11-06T03:00:00.000Z,101.6015625,101.62109375,101.578125,101.58203125,23894
2023-11-06T07:00:00.000Z,101.5859375,101.58984375,101.5546875,101.578125,55801
2023-11-06T11:00:00.000Z,101.58203125,101.58984375,101.51171875,101.515625,175157
2023-11-06T15:00:00.000Z,101.51171875,101.546875,101.50390625,101.5078125,180006
2023-11-06T19:00:00.000Z,101.5078125,101.5078125,101.4375,101.45703125,171264
2023-11-06T23:00:00.000Z,101.45703125,101.48046875,101.453125,101.46484375,18057
2023-11-07T03:00:00.000Z,101.46875,101.4921875,101.46484375,101.4765625,15257
2023-11-07T07:00:00.000Z,101.4765625,101.53515625,101.453125,101.5234375,73354
2023-11-07T11:00:00.000Z,101.51953125,101.5234375,101.421875,101.4453125,233069
2023-11-07T15:00:00.000Z,101.44140625,101.55078125,101.44140625,101.546875,266438
2023-11-07T19:00:00.000Z,101.546875,101.546875,101.48828125,101.48828125,130415
2023-11-07T23:00:00.000Z,101.4921875,101.515625,101.45703125,101.46875,27370
2023-11-08T03:00:00.000Z,101.46484375,101.46484375,101.44140625,101.453125,20393
2023-11-08T07:00:00.000Z,101.453125,101.46484375,101.421875,101.4296875,61998
2023-11-08T11:00:00.000Z,101.4296875,101.4921875,101.42578125,101.4765625,121838
2023-11-08T15:00:00.000Z,101.4765625,101.5078125,101.453125,101.48828125,180946
2023-11-08T19:00:00.000Z,101.484375,101.4921875,101.44921875,101.45703125,96957
2023-11-08T23:00:00.000Z,101.45703125,101.48828125,101.453125,101.48046875,21250
2023-11-09T03:00:00.000Z,101.484375,101.484375,101.4453125,101.46875,18649
2023-11-09T07:00:00.000Z,101.46875,101.4765625,101.4375,101.44921875,70426
2023-11-09T11:00:00.000Z,101.44921875,101.453125,101.3984375,101.4296875,148342
2023-11-09T15:00:00.000Z,101.4296875,101.4296875,101.33984375,101.4140625,218726
2023-11-09T19:00:00.000Z,101.41015625,101.4140625,101.26171875,101.30078125,232243
2023-11-09T23:00:00.000Z,101.3125,101.3125,101.265625,101.3046875,40502
2023-11-10T03:00:00.000Z,101.3046875,101.30859375,101.296875,101.3046875,9765
2023-11-10T07:00:00.000Z,101.30859375,101.32421875,101.2734375,101.29296875,55711
2023-11-10T11:00:00.000Z,101.29296875,101.3828125,101.26953125,101.34765625,146174
2023-11-10T15:00:00.000Z,101.34765625,101.34765625,101.23046875,101.2421875,217472
2023-11-10T19:00:00.000Z,101.2421875,101.25390625,101.203125,101.21484375,89619
2023-11-12T23:00:00.000Z,101.21484375,101.21875,101.19921875,101.20703125,14758
2023-11-13T03:00:00.000Z,101.2109375,101.23046875,101.203125,101.2265625,11157
2023-11-13T07:00:00.000Z,101.22265625,101.23046875,101.1953125,101.22265625,42711
2023-11-13T11:00:00.000Z,101.22265625,101.25,101.18359375,101.19140625,129243
2023-11-13T15:00:00.000Z,101.1875,101.2578125,101.18359375,101.2578125,135524
2023-11-13T19:00:00.000Z,101.2578125,101.28515625,101.25,101.25390625,99974
2023-11-13T23:00:00.000Z,101.25,101.26171875,101.234375,101.2578125,8813
2023-11-14T03:00:00.000Z,101.2578125,101.26171875,101.24609375,101.2578125,8987
2023-11-14T07:00:00.000Z,101.26171875,101.28125,101.25390625,101.2578125,45210
2023-11-14T11:00:00.000Z,101.2578125,101.640625,101.19140625,101.59375,518274
2023-11-14T15:00:00.000Z,101.58984375,101.6484375,101.5703125,101.63671875,218144
2023-11-14T19:00:00.000Z,101.63671875,101.6796875,101.62890625,101.62890625,131374
2023-11-14T23:00:00.000Z,101.6328125,101.6484375,101.58203125,101.61328125,28676
2023-11-15T03:00:00.000Z,101.61328125,101.65234375,101.609375,101.6171875,30795
2023-11-15T07:00:00.000Z,101.62109375,101.65234375,101.5859375,101.59375,113609
2023-11-15T11:00:00.000Z,101.59375,101.66015625,101.48828125,101.5,290825
2023-11-15T15:00:00.000Z,101.5,101.50390625,101.43359375,101.45703125,212758
2023-11-15T19:00:00.000Z,101.453125,101.4921875,101.44140625,101.48046875,92608
2023-11-15T23:00:00.000Z,101.4765625,101.515625,101.47265625,101.50390625,16064
2023-11-16T03:00:00.000Z,101.50390625,101.5234375,101.5,101.5234375,10497
2023-11-16T07:00:00.000Z,101.5234375,101.53515625,101.51171875,101.51953125,30436
2023-11-16T11:00:00.000Z,101.51953125,101.65625,101.50390625,101.62109375,231182
2023-11-16T15:00:00.000Z,101.62109375,101.65625,101.5859375,101.6171875,166688
2023-11-16T19:00:00.000Z,101.6171875,101.625,101.58984375,101.6171875,69745
2023-11-16T23:00:00.000Z,101.6171875,101.63671875,101.6015625,101.609375,15620
2023-11-17T03:00:00.000Z,101.609375,101.609375,101.5859375,101.59375,8225
2023-11-17T07:00:00.000Z,101.59765625,101.6953125,101.58984375,101.67578125,83509
2023-11-17T11:00:00.000Z,101.67578125,101.6796875,101.53125,101.53515625,212069
2023-11-17T15:00:00.000Z,101.53515625,101.546875,101.4765625,101.51953125,197971
2023-11-17T19:00:00.000Z,101.51953125,101.53125,101.484375,101.52734375,87407
2023-11-19T23:00:00.000Z,101.5078125,101.54296875,101.48046875,101.5390625,17160
2023-11-20T03:00:00.000Z,101.53515625,101.54296875,101.5078125,101.5078125,12501
2023-11-20T07:00:00.000Z,101.51171875,101.515625,101.4765625,101.4921875,48950
2023-11-20T11:00:00.000Z,101.4921875,101.5234375,101.46484375,101.5078125,129667
2023-11-20T15:00:00.000Z,101.50390625,101.5078125,101.45703125,101.48046875,159967
2023-11-20T19:00:00.000Z,101.48046875,101.49609375,101.46484375,101.4765625,94554
2023-11-20T23:00:00.000Z,101.4765625,101.5,101.46484375,101.48828125,20246
2023-11-21T03:00:00.000Z,101.4921875,101.5,101.4765625,101.48046875,21085
2023-11-21T07:00:00.000Z,101.48046875,101.49609375,101.47265625,101.48828125,48796
2023-11-21T11:00:00.000Z,101.484375,101.546875,101.47265625,101.53125,181992
2023-11-21T15:00:00.000Z,101.53125,101.578125,101.50390625,101.5078125,224135
2023-11-21T19:00:00.000Z,101.5078125,101.546875,101.4921875,101.546875,103880
2023-11-21T23:00:00.000Z,101.53515625,101.5546875,101.53125,101.53515625,10328
2023-11-22T03:00:00.000Z,101.5390625,101.54296875,101.515625,101.5390625,16350
2023-11-22T07:00:00.000Z,101.5390625,101.54296875,101.5078125,101.5390625,35534
2023-11-22T11:00:00.000Z,101.53515625,101.60546875,101.50390625,101.515625,246191
2023-11-22T15:00:00.000Z,101.515625,101.515625,101.42578125,101.453125,292098
2023-11-22T19:00:00.000Z,101.453125,101.51171875,101.453125,101.49609375,91965
2023-11-22T23:00:00.000Z,101.4921875,101.5078125,101.4921875,101.50390625,3852
2023-11-23T03:00:00.000Z,101.5,101.51171875,101.4921875,101.5078125,4780
2023-11-23T07:00:00.000Z,101.5078125,101.51171875,101.46875,101.47265625,18070
2023-11-23T11:00:00.000Z,101.47265625,101.47265625,101.4375,101.44140625,21450
2023-11-23T15:00:00.000Z,101.44140625,101.453125,101.4375,101.4453125,14635
2023-11-24T00:00:00.000Z,101.4453125,101.45703125,101.41796875,101.42578125,18360
2023-11-24T04:00:00.000Z,101.4296875,101.44921875,101.421875,101.44140625,15318
2023-11-24T08:00:00.000Z,101.4375,101.44140625,101.4140625,101.43359375,47346
2023-11-24T12:00:00.000Z,101.4296875,101.453125,101.40625,101.41796875,136583
2023-11-24T16:00:00.000Z,101.41796875,101.421875,101.3984375,101.41015625,49636
2023-11-26T23:00:00.000Z,101.40625,101.40625,101.35546875,101.3671875,30669
2023-11-27T03:00:00.000Z,101.3671875,101.3984375,101.3671875,101.390625,15661
2023-11-27T07:00:00.000Z,101.390625,101.41796875,101.3828125,101.41796875,58631
2023-11-27T11:00:00.000Z,101.41796875,101.46875,101.40625,101.4453125,201938
2023-11-27T15:00:00.000Z,101.44921875,101.51171875,101.44921875,101.5078125,355878
2023-11-27T19:00:00.000Z,101.5078125,101.5703125,101.5078125,101.5546875,82024
2023-11-27T23:00:00.000Z,101.55859375,101.55859375,101.515625,101.51953125,14529
2023-11-28T03:00:00.000Z,101.51953125,101.5234375,101.5078125,101.51953125,10349
2023-11-28T07:00:00.000Z,101.5234375,101.5390625,101.49609375,101.5,45479
2023-11-28T11:00:00.000Z,101.50390625,101.57421875,101.48046875,101.5625,125567
2023-11-28T15:00:00.000Z,101.5625,101.71875,101.55078125,101.6953125,257053
2023-11-28T19:00:00.000Z,101.6953125,101.7578125,101.69140625,101.7421875,81876
2023-11-28T23:00:00.000Z,101.75,101.8203125,101.7421875,101.80078125,20840
2023-11-29T03:00:00.000Z,101.80078125,101.875,101.78515625,101.84765625,8673
2023-11-29T07:00:00.000Z,101.8515625,101.8671875,101.80078125,101.8046875,24169
2023-11-29T11:00:00.000Z,101.80859375,101.9296875,101.80078125,101.921875,73987
2023-11-29T15:00:00.000Z,101.92578125,101.97265625,101.828125,101.87109375,56755
2023-11-29T19:00:00.000Z,101.875,101.8984375,101.85546875,101.8671875,24342
2023-11-29T23:00:00.000Z,101.87890625,101.921875,101.875,101.8984375,1927
2023-11-30T03:00:00.000Z,101.8984375,101.91015625,101.8828125,101.91015625,1018
2023-11-30T07:00:00.000Z,101.91015625,101.9375,101.8828125,101.91796875,1688
2023-11-30T11:00:00.000Z,101.90234375,101.96875,101.78515625,101.8046875,2026
2023-11-30T15:00:00.000Z,101.8046875,101.83984375,101.78125,101.796875,1096
2023-11-30T19:00:00.000Z,101.80859375,101.84765625,101.7734375,101.84765625,1398
2023-11-30T23:00:00.000Z,102.30078125,102.36328125,102.29296875,102.30078125,34949
2023-12-01T03:00:00.000Z,102.3046875,102.30859375,102.2890625,102.29296875,16270
2023-12-01T07:00:00.000Z,102.296875,102.3515625,102.27734375,102.30859375,50948
2023-12-01T11:00:00.000Z,102.30859375,102.30859375,102.23046875,102.265625,187426
2023-12-01T15:00:00.000Z,102.2734375,102.5859375,102.2734375,102.54296875,649565
2023-12-01T19:00:00.000Z,102.54296875,102.58203125,102.50390625,102.58203125,121070
2023-12-03T23:00:00.000Z,102.57421875,102.57421875,102.4453125,102.4609375,42072
2023-12-04T03:00:00.000Z,102.4609375,102.4765625,102.4453125,102.46484375,22244
2023-12-04T07:00:00.000Z,102.46484375,102.48828125,102.4296875,102.44921875,64579
2023-12-04T11:00:00.000Z,102.44921875,102.46484375,102.37890625,102.42578125,176980
2023-12-04T15:00:00.000Z,102.4296875,102.453125,102.3203125,102.328125,194730
2023-12-04T19:00:00.000Z,102.328125,102.39453125,102.328125,102.37890625,104478
2023-12-04T23:00:00.000Z,102.375,102.40625,102.3671875,102.3671875,14971
2023-12-05T03:00:00.000Z,102.37109375,102.4140625,102.3671875,102.40234375,19988
2023-12-05T07:00:00.000Z,102.40234375,102.4296875,102.375,102.39453125,64216
2023-12-05T11:00:00.000Z,102.390625,102.4453125,102.37109375,102.38671875,221872
2023-12-05T15:00:00.000Z,102.38671875,102.53515625,102.38671875,102.47265625,322250
2023-12-05T19:00:00.000Z,102.47265625,102.51171875,102.453125,102.49609375,142279
2023-12-05T23:00:00.000Z,102.5,102.50390625,102.4296875,102.44140625,23195
2023-12-06T03:00:00.000Z,102.44140625,102.44921875,102.4296875,102.4296875,14267
2023-12-06T07:00:00.000Z,102.4296875,102.48046875,102.41015625,102.421875,71513
2023-12-06T11:00:00.000Z,102.421875,102.5,102.40625,102.4609375,184945
2023-12-06T15:00:00.000Z,102.4609375,102.4765625,102.4140625,102.4609375,247671
2023-12-06T19:00:00.000Z,102.45703125,102.46875,102.421875,102.453125,119388
2023-12-06T23:00:00.000Z,102.44921875,102.46875,102.41796875,102.42578125,20508
2023-12-07T03:00:00.000Z,102.4296875,102.43359375,102.36328125,102.3671875,41493
2023-12-07T07:00:00.000Z,102.37109375,102.43359375,102.37109375,102.43359375,61310
2023-12-07T11:00:00.000Z,102.43359375,102.48828125,102.36328125,102.46875,280103
2023-12-07T15:00:00.000Z,102.46484375,102.51171875,102.44921875,102.48828125,201299
2023-12-07T19:00:00.000Z,102.484375,102.4921875,102.4453125,102.4453125,110442
2023-12-07T23:00:00.000Z,102.4453125,102.45703125,102.40234375,102.41015625,19549
2023-12-08T03:00:00.000Z,102.41015625,102.4296875,102.40625,102.421875,12838
2023-12-08T07:00:00.000Z,102.42578125,102.42578125,102.375,102.3828125,41915
2023-12-08T11:00:00.000Z,102.37890625,102.390625,102.171875,102.234375,374832
2023-12-08T15:00:00.000Z,102.23828125,102.2890625,102.1484375,102.17578125,238957
2023-12-08T19:00:00.000Z,102.17578125,102.203125,102.16796875,102.18359375,67031
2023-12-10T23:00:00.000Z,102.1640625,102.17578125,102.14453125,102.15625,35481
2023-12-11T03:00:00.000Z,102.15625,102.16015625,102.11328125,102.12109375,24094
2023-12-11T07:00:00.000Z,102.125,102.15234375,102.1171875,102.12890625,36783
2023-12-11T11:00:00.000Z,102.12890625,102.1484375,102.07421875,102.10546875,140096
2023-12-11T15:00:00.000Z,102.109375,102.15625,102.07421875,102.15234375,220362
2023-12-11T19:00:00.000Z,102.15625,102.203125,102.15234375,102.19921875,94386
2023-12-11T23:00:00.000Z,102.203125,102.203125,102.1796875,102.19140625,9531
2023-12-12T03:00:00.000Z,102.19140625,102.24609375,102.19140625,102.23046875,17935
2023-12-12T07:00:00.000Z,102.2265625,102.26171875,102.22265625,102.25,50900
2023-12-12T11:00:00.000Z,102.25,102.35546875,102.12109375,102.15234375,341360
2023-12-12T15:00:00.000Z,102.15234375,102.20703125,102.1484375,102.16796875,200599
2023-12-12T19:00:00.000Z,102.171875,102.17578125,102.1328125,102.1484375,147008
2023-12-12T23:00:00.000Z,102.1484375,102.1796875,102.1484375,102.16796875,16394
2023-12-13T03:00:00.000Z,102.1640625,102.16796875,102.140625,102.14453125,31030
2023-12-13T07:00:00.000Z,102.14453125,102.171875,102.140625,102.1640625,45266
2023-12-13T11:00:00.000Z,102.16015625,102.27734375,102.15625,102.22265625,194220
2023-12-13T15:00:00.000Z,102.22265625,102.2890625,102.203125,102.265625,267126
2023-12-13T19:00:00.000Z,102.26953125,102.765625,102.26953125,102.74609375,693716
2023-12-13T23:00:00.000Z,102.74609375,102.9140625,102.7421875,102.9140625,82685
2023-12-14T03:00:00.000Z,102.9140625,102.94921875,102.84375,102.94140625,52800
2023-12-14T07:00:00.000Z,102.94140625,103.046875,102.88671875,102.93359375,167001
2023-12-14T11:00:00.000Z,102.93359375,102.98828125,102.8203125,102.87109375,418303
2023-12-14T15:00:00.000Z,102.8671875,102.96484375,102.8203125,102.8515625,304862
2023-12-14T19:00:00.000Z,102.8515625,102.87109375,102.8046875,102.82421875,212784
2023-12-14T23:00:00.000Z,102.8203125,102.82421875,102.734375,102.7578125,32786
2023-12-15T03:00:00.000Z,102.75390625,102.76953125,102.73046875,102.75390625,23384
2023-12-15T07:00:00.000Z,102.75390625,102.8828125,102.75,102.8359375,66249
2023-12-15T11:00:00.000Z,102.8359375,102.86328125,102.62890625,102.75390625,362890
2023-12-15T15:00:00.000Z,102.75390625,102.80859375,102.6953125,102.69921875,193049
2023-12-15T19:00:00.000Z,102.6953125,102.71875,102.6640625,102.70703125,133393
2023-12-17T23:00:00.000Z,102.69921875,102.73046875,102.68359375,102.72265625,20868
2023-12-18T03:00:00.000Z,102.72265625,102.765625,102.71875,102.74609375,13113
2023-12-18T07:00:00.000Z,102.74609375,102.77734375,102.734375,102.75,32920
2023-12-18T11:00:00.000Z,102.75,102.76953125,102.68359375,102.69140625,130751
2023-12-18T15:00:00.000Z,102.6953125,102.69921875,102.66015625,102.6875,137308
2023-12-18T19:00:00.000Z,102.68359375,102.6953125,102.671875,102.6875,55958
2023-12-18T23:00:00.000Z,102.69140625,102.703125,102.6640625,102.69140625,15578
2023-12-19T03:00:00.000Z,102.69140625,102.71484375,102.66015625,102.6875,18097
2023-12-19T07:00:00.000Z,102.69140625,102.73046875,102.6875,102.72265625,42445
2023-12-19T11:00:00.000Z,102.72265625,102.765625,102.671875,102.734375,108131
2023-12-19T15:00:00.000Z,102.73046875,102.73828125,102.6796875,102.70703125,112791
2023-12-19T19:00:00.000Z,102.70703125,102.7265625,102.6953125,102.70703125,70388
2023-12-19T23:00:00.000Z,102.69921875,102.7265625,102.6953125,102.71875,8923
2023-12-20T03:00:00.000Z,102.71484375,102.7578125,102.71484375,102.75390625,13084
2023-12-20T07:00:00.000Z,102.75390625,102.84375,102.75,102.82421875,104477
2023-12-20T11:00:00.000Z,102.82421875,102.8515625,102.8125,102.83203125,104929
2023-12-20T15:00:00.000Z,102.828125,102.828125,102.765625,102.8203125,135411
2023-12-20T19:00:00.000Z,102.8203125,102.921875,102.81640625,102.9140625,107698
2023-12-20T23:00:00.000Z,102.9140625,102.921875,102.8515625,102.859375,15399
2023-12-21T03:00:00.000Z,102.859375,102.86328125,102.80859375,102.8203125,19882
2023-12-21T07:00:00.000Z,102.81640625,102.8671875,102.8046875,102.82421875,31378
2023-12-21T11:00:00.000Z,102.82421875,102.98046875,102.8203125,102.9375,177374
2023-12-21T15:00:00.000Z,102.9375,102.9375,102.85546875,102.875,129279
2023-12-21T19:00:00.000Z,102.875,102.8984375,102.87109375,102.8828125,57801
2023-12-21T23:00:00.000Z,102.87890625,102.90625,102.8515625,102.8515625,13262
2023-12-22T03:00:00.000Z,102.8515625,102.875,102.84765625,102.875,10761
2023-12-22T07:00:00.000Z,102.875,102.92578125,102.87109375,102.91015625,29508
2023-12-22T11:00:00.000Z,102.9140625,102.9453125,102.8203125,102.921875,169087
2023-12-22T15:00:00.000Z,102.921875,102.94921875,102.86328125,102.921875,110334
2023-12-22T19:00:00.000Z,102.921875,102.93359375,102.91015625,102.9296875,17547
2023-12-25T23:00:00.000Z,102.91015625,102.9140625,102.890625,102.90625,10254
2023-12-26T03:00:00.000Z,102.90234375,102.90625,102.89453125,102.8984375,3755
2023-12-26T07:00:00.000Z,102.90234375,102.90234375,102.88671875,102.8984375,6926
2023-12-26T11:00:00.000Z,102.8984375,102.90234375,102.81640625,102.83984375,79892
2023-12-26T15:00:00.000Z,102.83984375,102.8828125,102.81640625,102.8671875,116812
2023-12-26T19:00:00.000Z,102.87109375,102.8984375,102.84375,102.84765625,72711
2023-12-26T23:00:00.000Z,102.8515625,102.87109375,102.83984375,102.859375,8543
2023-12-27T03:00:00.000Z,102.859375,102.87109375,102.8515625,102.86328125,5181
2023-12-27T07:00:00.000Z,102.86328125,102.88671875,102.8515625,102.87890625,27173
2023-12-27T11:00:00.000Z,102.875,102.91015625,102.875,102.8984375,84555
2023-12-27T15:00:00.000Z,102.90234375,102.99609375,102.8984375,102.9921875,123740
2023-12-27T19:00:00.000Z,102.99609375,102.99609375,102.9609375,102.9765625,62215
2023-12-27T23:00:00.000Z,102.9609375,102.9765625,102.9296875,102.93359375,14534
2023-12-28T03:00:00.000Z,102.93359375,102.94140625,102.9140625,102.921875,12477
2023-12-28T07:00:00.000Z,102.921875,102.94921875,102.91796875,102.9453125,27978
2023-12-28T11:00:00.000Z,102.9453125,102.96484375,102.90625,102.9140625,68577
2023-12-28T15:00:00.000Z,102.91796875,102.94140625,102.87890625,102.89453125,110074
2023-12-28T19:00:00.000Z,102.89453125,102.91015625,102.87109375,102.8984375,56076
2023-12-28T23:00:00.000Z,102.90234375,102.9296875,102.89453125,102.91796875,9489
2023-12-29T03:00:00.000Z,102.91796875,102.92578125,102.91015625,102.9140625,6363
2023-12-29T07:00:00.000Z,102.9140625,102.921875,102.85546875,102.85546875,36576
2023-12-29T11:00:00.000Z,102.85546875,102.890625,102.828125,102.87890625,87119
2023-12-29T15:00:00.000Z,102.87890625,102.96875,102.875,102.94921875,233139
2023-12-29T19:00:00.000Z,102.94921875,102.96875,102.9296875,102.9375,30573
2024-01-01T23:00:00.000Z,102.9296875,102.96875,102.87109375,102.87109375,18405
2024-01-02T03:00:00.000Z,102.87109375,102.890625,102.859375,102.86328125,13754
2024-01-02T07:00:00.000Z,102.86328125,102.875,102.81640625,102.87109375,53553
2024-01-02T11:00:00.000Z,102.87109375,102.87890625,102.75390625,102.8359375,162766
2024-01-02T15:00:00.000Z,102.83984375,102.83984375,102.7734375,102.796875,140912
2024-01-02T19:00:00.000Z,102.796875,102.8203125,102.7734375,102.8046875,88011
2024-01-02T23:00:00.000Z,102.80859375,102.81640625,102.77734375,102.77734375,5919
2024-01-03T03:00:00.000Z,102.78125,102.796875,102.7734375,102.7890625,14243
2024-01-03T07:00:00.000Z,102.7890625,102.7890625,102.71875,102.75390625,48491
2024-01-03T11:00:00.000Z,102.75390625,102.77734375,102.703125,102.72265625,133251
2024-01-03T15:00:00.000Z,102.71875,102.80859375,102.68359375,102.78125,188587
2024-01-03T19:00:00.000Z,102.78125,102.828125,102.72265625,102.79296875,210923
2024-01-03T23:00:00.000Z,102.79296875,102.80859375,102.77734375,102.7890625,14072
2024-01-04T03:00:00.000Z,102.7890625,102.8359375,102.7734375,102.82421875,24541
2024-01-04T07:00:00.000Z,102.82421875,102.84765625,102.7734375,102.7734375,57593
2024-01-04T11:00:00.000Z,102.7734375,102.7734375,102.65234375,102.65625,185183
2024-01-04T15:00:00.000Z,102.65625,102.71484375,102.64453125,102.6640625,173991
2024-01-04T19:00:00.000Z,102.66796875,102.68359375,102.65234375,102.66796875,107877
2024-01-04T23:00:00.000Z,102.66796875,102.69140625,102.66015625,102.66015625,15124
2024-01-05T03:00:00.000Z,102.66015625,102.6640625,102.62109375,102.62890625,17494
2024-01-05T07:00:00.000Z,102.6328125,102.65625,102.57421875,102.58984375,57012
2024-01-05T11:00:00.000Z,102.5859375,102.6484375,102.45703125,102.59375,327092
2024-01-05T15:00:00.000Z,102.59375,102.8125,102.59375,102.66015625,347661
2024-01-05T19:00:00.000Z,102.66015625,102.6796875,102.6328125,102.6640625,77831
2024-01-07T23:00:00.000Z,102.66015625,102.66015625,102.57421875,102.62890625,29976
2024-01-08T03:00:00.000Z,102.62890625,102.63671875,102.60546875,102.6328125,8676
2024-01-08T07:00:00.000Z,102.6328125,102.6953125,102.6171875,102.6640625,45303
2024-01-08T11:00:00.000Z,102.6640625,102.734375,102.6171875,102.73046875,173362
2024-01-08T15:00:00.000Z,102.73046875,102.83203125,102.72265625,102.74609375,211674
2024-01-08T19:00:00.000Z,102.74609375,102.75390625,102.67578125,102.6796875,117951
2024-01-08T23:00:00.000Z,102.68359375,102.70703125,102.67578125,102.6875,13736
2024-01-09T03:00:00.000Z,102.6875,102.69921875,102.66796875,102.67578125,11502
2024-01-09T07:00:00.000Z,102.671875,102.6875,102.65234375,102.6796875,38123
2024-01-09T11:00:00.000Z,102.6796875,102.71875,102.64453125,102.71484375,129403
2024-01-09T15:00:00.000Z,102.71484375,102.7265625,102.6640625,102.66796875,155218
2024-01-09T19:00:00.000Z,102.6640625,102.70703125,102.6640625,102.69921875,65433
2024-01-09T23:00:00.000Z,102.69140625,102.7265625,102.69140625,102.70703125,12580
2024-01-10T03:00:00.000Z,102.70703125,102.72265625,102.703125,102.7109375,11013
2024-01-10T07:00:00.000Z,102.7109375,102.76171875,102.70703125,102.7421875,35778
2024-01-10T11:00:00.000Z,102.74609375,102.7734375,102.734375,102.75,89535
2024-01-10T15:00:00.000Z,102.75,102.75390625,102.68359375,102.69921875,162630
2024-01-10T19:00:00.000Z,102.69921875,102.7109375,102.66796875,102.703125,129911
2024-01-10T23:00:00.000Z,102.6953125,102.72265625,102.69140625,102.69140625,10495
2024-01-11T03:00:00.000Z,102.6953125,102.7265625,102.69140625,102.7265625,13295
2024-01-11T07:00:00.000Z,102.7265625,102.75,102.71484375,102.734375,44551
2024-01-11T11:00:00.000Z,102.734375,102.86328125,102.6328125,102.734375,342129
2024-01-11T15:00:00.000Z,102.734375,102.8046875,102.70703125,102.80078125,227586
2024-01-11T19:00:00.000Z,102.8046875,102.9296875,102.80078125,102.921875,170293
2024-01-11T23:00:00.000Z,102.921875,102.93359375,102.86328125,102.8828125,33694
2024-01-12T03:00:00.000Z,102.87890625,102.88671875,102.859375,102.875,22598
2024-01-12T07:00:00.000Z,102.87109375,102.89453125,102.83203125,102.88671875,46413
2024-01-12T11:00:00.000Z,102.88671875,103.15625,102.83984375,103.0859375,381911
2024-01-12T15:00:00.000Z,103.0859375,103.1171875,103.04296875,103.07421875,201566
2024-01-12T19:00:00.000Z,103.0703125,103.13671875,103.0703125,103.10546875,105333
2024-01-14T23:00:00.000Z,103.08203125,103.0859375,103.02734375,103.05859375,25190
2024-01-15T03:00:00.000Z,103.0546875,103.0703125,103.046875,103.06640625,15671
2024-01-15T07:00:00.000Z,103.06640625,103.06640625,103.03125,103.046875,30726
2024-01-15T11:00:00.000Z,103.046875,103.05078125,102.98828125,103.0234375,36619
2024-01-15T15:00:00.000Z,103.0234375,103.046875,103.01953125,103.03125,12784
2024-01-15T23:00:00.000Z,103.03515625,103.03515625,102.97265625,102.9765625,26018
2024-01-16T03:00:00.000Z,102.98046875,102.9921875,102.9765625,102.98046875,18396
2024-01-16T07:00:00.000Z,102.984375,103.01171875,102.96875,102.98046875,58656
2024-01-16T11:00:00.000Z,102.98046875,103.05859375,102.95703125,103.01953125,220039
2024-01-16T15:00:00.000Z,103.015625,103.08203125,102.875,102.90625,451814
2024-01-16T19:00:00.000Z,102.90625,102.96484375,102.90234375,102.953125,134510
2024-01-16T23:00:00.000Z,102.95703125,102.984375,102.9140625,102.96484375,28129
2024-01-17T03:00:00.000Z,102.9609375,102.96484375,102.890625,102.9140625,31574
2024-01-17T07:00:00.000Z,102.91796875,102.91796875,102.83203125,102.8359375,81245
2024-01-17T11:00:00.000Z,102.8359375,102.85546875,102.671875,102.69921875,380563
2024-01-17T15:00:00.000Z,102.69921875,102.71484375,102.64453125,102.66796875,264122
2024-01-17T19:00:00.000Z,102.66796875,102.7109375,102.6640625,102.671875,119226
2024-01-17T23:00:00.000Z,102.671875,102.73828125,102.671875,102.7265625,26784
2024-01-18T03:00:00.000Z,102.72265625,102.73828125,102.7109375,102.734375,22156
2024-01-18T07:00:00.000Z,102.73046875,102.765625,102.7109375,102.734375,57841
2024-01-18T11:00:00.000Z,102.734375,102.75,102.62890625,102.703125,178844
2024-01-18T15:00:00.000Z,102.703125,102.72265625,102.65625,102.71484375,196133
2024-01-18T19:00:00.000Z,102.7109375,102.71484375,102.66796875,102.69140625,104502
2024-01-18T23:00:00.000Z,102.6875,102.703125,102.64453125,102.66796875,20822
2024-01-19T03:00:00.000Z,102.66796875,102.66796875,102.6328125,102.6640625,17549
2024-01-19T07:00:00.000Z,102.66015625,102.69921875,102.66015625,102.66796875,32763
2024-01-19T11:00:00.000Z,102.671875,102.68359375,102.578125,102.59765625,181093
2024-01-19T15:00:00.000Z,102.59765625,102.640625,102.55078125,102.5546875,238218
2024-01-19T19:00:00.000Z,102.5546875,102.62109375,102.546875,102.61328125,102722
2024-01-21T23:00:00.000Z,102.6015625,102.6171875,102.5703125,102.61328125,30280
2024-01-22T03:00:00.000Z,102.609375,102.61328125,102.5703125,102.578125,23604
2024-01-22T07:00:00.000Z,102.578125,102.6015625,102.55078125,102.59765625,46428
2024-01-22T11:00:00.000Z,102.59765625,102.640625,102.58984375,102.6328125,143939
2024-01-22T15:00:00.000Z,102.62890625,102.6484375,102.6015625,102.609375,104492
2024-01-22T19:00:00.000Z,102.61328125,102.63671875,102.58984375,102.59765625,72881
2024-01-22T23:00:00.000Z,102.59765625,102.61328125,102.59375,102.59375,18906
2024-01-23T03:00:00.000Z,102.59375,102.6328125,102.58984375,102.62109375,12709
2024-01-23T07:00:00.000Z,102.62109375,102.625,102.5625,102.56640625,34968
2024-01-23T11:00:00.000Z,102.5625,102.59765625,102.55078125,102.55078125,102455
2024-01-23T15:00:00.000Z,102.5546875,102.58203125,102.55078125,102.578125,161314
2024-01-23T19:00:00.000Z,102.578125,102.640625,102.57421875,102.63671875,143078
2024-01-23T23:00:00.000Z,102.6328125,102.65625,102.625,102.6484375,18184
2024-01-24T03:00:00.000Z,102.64453125,102.66796875,102.640625,102.6640625,17006
2024-01-24T07:00:00.000Z,102.66015625,102.6953125,102.64453125,102.66015625,44844
2024-01-24T11:00:00.000Z,102.66015625,102.73046875,102.625,102.640625,170103
2024-01-24T15:00:00.000Z,102.63671875,102.6484375,102.546875,102.55078125,203817
2024-01-24T19:00:00.000Z,102.55078125,102.56640625,102.54296875,102.55078125,93186
2024-01-24T23:00:00.000Z,102.55078125,102.5703125,102.5234375,102.5625,21316
2024-01-25T03:00:00.000Z,102.5625,102.5859375,102.55859375,102.56640625,19863
2024-01-25T07:00:00.000Z,102.56640625,102.58203125,102.546875,102.5703125,36302
2024-01-25T11:00:00.000Z,102.5703125,102.640625,102.484375,102.62890625,244382
2024-01-25T15:00:00.000Z,102.625,102.69140625,102.62109375,102.6796875,225208
2024-01-25T19:00:00.000Z,102.67578125,102.71484375,102.671875,102.71484375,87408
2024-01-25T23:00:00.000Z,102.7109375,102.7421875,102.70703125,102.73046875,25365
2024-01-26T03:00:00.000Z,102.7265625,102.7421875,102.72265625,102.734375,7710
2024-01-26T07:00:00.000Z,102.734375,102.73828125,102.6796875,102.68359375,52070
2024-01-26T11:00:00.000Z,102.68359375,102.7265625,102.59375,102.60546875,222585
2024-01-26T15:00:00.000Z,102.60546875,102.625,102.578125,102.58203125,124235
2024-01-26T19:00:00.000Z,102.5859375,102.60546875,102.5703125,102.60546875,58452
2024-01-28T23:00:00.000Z,102.62109375,102.640625,102.6015625,102.62109375,25297
2024-01-29T03:00:00.000Z,102.62109375,102.62890625,102.60546875,102.62890625,9336
2024-01-29T07:00:00.000Z,102.625,102.66015625,102.62109375,102.66015625,52642
2024-01-29T11:00:00.000Z,102.66015625,102.66015625,102.6171875,102.63671875,95027
2024-01-29T15:00:00.000Z,102.6328125,102.65625,102.62890625,102.65234375,89086
2024-01-29T19:00:00.000Z,102.65625,102.6953125,102.65234375,102.6640625,125527
2024-01-29T23:00:00.000Z,102.6640625,102.67578125,102.63671875,102.6640625,14960
2024-01-30T03:00:00.000Z,102.66015625,102.69921875,102.66015625,102.6953125,17120
2024-01-30T07:00:00.000Z,102.6953125,102.70703125,102.66015625,102.671875,42349
2024-01-30T11:00:00.000Z,102.671875,102.7109375,102.65625,102.703125,112971
2024-01-30T15:00:00.000Z,102.703125,102.71875,102.52734375,102.546875,282180
2024-01-30T19:00:00.000Z,102.54296875,102.63671875,102.54296875,102.6328125,147831
2024-01-30T23:00:00.000Z,102.62890625,102.66796875,102.62109375,102.65234375,24249
2024-01-31T03:00:00.000Z,102.65234375,102.66796875,102.64453125,102.65234375,19195
2024-01-31T07:00:00.000Z,102.65234375,102.69921875,102.64453125,102.64453125,62081
2024-01-31T11:00:00.000Z,102.64453125,102.921875,102.640625,102.8671875,382354
2024-01-31T15:00:00.000Z,102.87109375,102.89453125,102.7890625,102.80078125,314237
2024-01-31T19:00:00.000Z,102.796875,102.89453125,102.68359375,102.86328125,578386
2024-01-31T23:00:00.000Z,102.859375,102.86328125,102.7734375,102.78125,53144
2024-02-01T03:00:00.000Z,102.78125,102.796875,102.765625,102.7890625,29598
2024-02-01T07:00:00.000Z,102.7890625,102.85546875,102.76953125,102.8046875,75149
2024-02-01T11:00:00.000Z,102.8046875,102.91015625,102.78515625,102.8984375,196928
2024-02-01T15:00:00.000Z,102.8984375,103.00390625,102.8046875,102.8671875,367482
2024-02-01T19:00:00.000Z,102.8671875,102.890625,102.8515625,102.86328125,111456
2024-02-01T23:00:00.000Z,102.859375,102.87109375,102.828125,102.8359375,16014
2024-02-02T03:00:00.000Z,102.8359375,102.8515625,102.8203125,102.8359375,13923
2024-02-02T07:00:00.000Z,102.8359375,102.83984375,102.7890625,102.80078125,50100
2024-02-02T11:00:00.000Z,102.80078125,102.8203125,102.4765625,102.56640625,650414
2024-02-02T15:00:00.000Z,102.56640625,102.57421875,102.46484375,102.53515625,307440
2024-02-02T19:00:00.000Z,102.53515625,102.57421875,102.51953125,102.5390625,137153
2024-02-04T23:00:00.000Z,102.51953125,102.5234375,102.37890625,102.4296875,81396
2024-02-05T03:00:00.000Z,102.43359375,102.453125,102.42578125,102.4453125,23462
2024-02-05T07:00:00.000Z,102.4453125,102.4453125,102.35546875,102.41015625,88801
2024-02-05T11:00:00.000Z,102.41015625,102.4375,102.37109375,102.41796875,197044
2024-02-05T15:00:00.000Z,102.41796875,102.41796875,102.3203125,102.375,280914
2024-02-05T19:00:00.000Z,102.37890625,102.37890625,102.328125,102.33984375,92858
2024-02-05T23:00:00.000Z,102.33984375,102.3984375,102.3359375,102.39453125,16885
2024-02-06T03:00:00.000Z,102.39453125,102.421875,102.38671875,102.41015625,14330
2024-02-06T07:00:00.000Z,102.41015625,102.4140625,102.3671875,102.37109375,47703
2024-02-06T11:00:00.000Z,102.37109375,102.40625,102.33203125,102.3984375,158050
2024-02-06T15:00:00.000Z,102.40234375,102.51171875,102.38671875,102.50390625,281011
2024-02-06T19:00:00.000Z,102.50390625,102.5078125,102.4453125,102.4609375,61079
2024-02-06T23:00:00.000Z,102.46875,102.49609375,102.45703125,102.48046875,23012
2024-02-07T03:00:00.000Z,102.48046875,102.4921875,102.46484375,102.46484375,13292
2024-02-07T07:00:00.000Z,102.46484375,102.5,102.43359375,102.43359375,51407
2024-02-07T11:00:00.000Z,102.44140625,102.54296875,102.42578125,102.51953125,174229
2024-02-07T15:00:00.000Z,102.52734375,102.53515625,102.4375,102.44921875,191217
2024-02-07T19:00:00.000Z,102.453125,102.453125,102.41015625,102.4140625,85091
2024-02-07T23:00:00.000Z,102.41015625,102.44921875,102.41015625,102.44140625,14606
2024-02-08T03:00:00.000Z,102.44140625,102.4453125,102.421875,102.42578125,8940
2024-02-08T07:00:00.000Z,102.421875,102.4453125,102.40625,102.41796875,32202
2024-02-08T11:00:00.000Z,102.41796875,102.421875,102.3671875,102.3828125,128513
2024-02-08T15:00:00.000Z,102.3828125,102.3984375,102.3671875,102.37109375,121286
2024-02-08T19:00:00.000Z,102.375,102.375,102.33984375,102.35546875,109707
2024-02-08T23:00:00.000Z,102.3671875,102.38671875,102.3515625,102.3828125,15972
2024-02-09T03:00:00.000Z,102.37890625,102.37890625,102.359375,102.359375,9469
2024-02-09T07:00:00.000Z,102.359375,102.3671875,102.32421875,102.33203125,43415
2024-02-09T11:00:00.000Z,102.33203125,102.41796875,102.26953125,102.30859375,284478
2024-02-09T15:00:00.000Z,102.30859375,102.3203125,102.27734375,102.296875,119258
2024-02-09T19:00:00.000Z,102.29296875,102.30078125,102.28515625,102.296875,74242
2024-02-11T23:00:00.000Z,102.28515625,102.31640625,102.28125,102.3125,9065
2024-02-12T03:00:00.000Z,102.3125,102.31640625,102.29296875,102.296875,6217
2024-02-12T07:00:00.000Z,102.296875,102.33203125,102.28515625,102.31640625,36055
2024-02-12T11:00:00.000Z,102.32421875,102.3515625,102.28515625,102.2890625,95998
2024-02-12T15:00:00.000Z,102.28515625,102.33203125,102.26953125,102.328125,116947
2024-02-12T19:00:00.000Z,102.33203125,102.3359375,102.28515625,102.296875,73938
2024-02-12T23:00:00.000Z,102.30078125,102.3125,102.28125,102.296875,9873
2024-02-13T03:00:00.000Z,102.29296875,102.3046875,102.28125,102.3046875,6334
2024-02-13T07:00:00.000Z,102.3046875,102.3046875,102.27734375,102.2890625,49892
2024-02-13T11:00:00.000Z,102.29296875,102.40625,101.97265625,102.0546875,454093
2024-02-13T15:00:00.000Z,102.05859375,102.0625,101.97265625,101.9765625,215383
2024-02-13T19:00:00.000Z,101.9765625,101.9765625,101.8984375,101.92578125,168934
2024-02-13T23:00:00.000Z,101.94140625,101.9765625,101.90625,101.95703125,32094
2024-02-14T03:00:00.000Z,101.9609375,102,101.95703125,101.99609375,29582
2024-02-14T07:00:00.000Z,102,102.03515625,101.99609375,102.015625,66635
2024-02-14T11:00:00.000Z,102.015625,102.03125,101.9609375,102.015625,204072
2024-02-14T15:00:00.000Z,102.01171875,102.11328125,102.00390625,102.07421875,257270
2024-02-14T19:00:00.000Z,102.078125,102.08984375,102.0546875,102.0703125,113177
2024-02-14T23:00:00.000Z,102.0703125,102.1015625,102.05859375,102.09765625,18414
2024-02-15T03:00:00.000Z,102.1015625,102.1015625,102.06640625,102.078125,18068
2024-02-15T07:00:00.000Z,102.078125,102.10546875,102.05859375,102.0859375,59631
2024-02-15T11:00:00.000Z,102.08984375,102.21484375,102.0859375,102.14453125,292256
2024-02-15T19:00:00.000Z,102.1171875,102.125,102.07421875,102.0859375,81230
2024-02-15T23:00:00.000Z,102.08984375,102.1015625,102.04296875,102.046875,17279
2024-02-16T03:00:00.000Z,102.04296875,102.05078125,102.01953125,102.03125,14847
2024-02-16T07:00:00.000Z,102.03125,102.0390625,102,102.02734375,46422
2024-02-16T11:00:00.000Z,102.02734375,102.04296875,101.8203125,101.9375,358403
2024-02-16T15:00:00.000Z,101.9375,101.9765625,101.90234375,101.94140625,175455
2024-02-16T19:00:00.000Z,101.94140625,101.9765625,101.94140625,101.96875,73614
