time,open,high,low,close,volume
2016-01-04T16:00:00.000Z,1934.1626,1959.9225,1914.5358,1958.9561,40525
2016-01-05T16:00:00.000Z,1958.095,1959.0814,1930.1901,1935.2036,36138
2016-01-06T16:00:00.000Z,1924.3372,1944.9611,1902.2334,1923.9741,35129
2016-01-07T16:00:00.000Z,1918.0636,1920.0364,1876.1661,1881.2603,46660
2016-01-10T16:00:00.000Z,1879.4357,1889.1866,1865.3112,1877.0208,36561
2016-01-11T16:00:00.000Z,1880.981,1880.981,1855.2091,1858.0885,31020
2016-01-12T16:00:00.000Z,1854.9095,1873.8492,1850.0302,1857.1206,26500
2016-01-13T16:00:00.000Z,1857.1315,1886.941,1852.0376,1880.9729,37713
2016-01-14T16:00:00.000Z,1878.0616,1910.6606,1875.0309,1898,51137
2016-01-17T16:00:00.000Z,1896.0668,1947.3328,1889.0668,1937.0668,67931
2016-01-18T16:00:00.000Z,1941.3451,1954.7997,1933.27,1949.0334,39723
2016-01-19T16:00:00.000Z,1950,1950,1921.2213,1928.9631,40671
2016-01-20T16:00:00.000Z,1926.0845,1935.9288,1916.4717,1922.969,29500
2016-01-21T16:00:00.000Z,1921.9987,1959.9977,1921.9987,1934.0367,46857
2016-01-24T16:00:00.000Z,1935.9634,1956.8881,1930.1886,1938.1885,37414
2016-01-25T16:00:00.000Z,1940.1127,1946.9248,1931.1503,1944.7369,24704
2016-01-26T16:00:00.000Z,1949.549,1965.3599,1935.1138,1944.699,38897
2016-01-27T16:00:00.000Z,1941.8274,1945.6847,1894.8259,1897.7189,70546
2016-01-28T16:00:00.000Z,1890.9689,1918.3594,1890.0026,1908.7021,43137
2016-01-31T16:00:00.000Z,1910.6257,1944.1362,1909.6603,1923.3473,46043
2016-02-01T16:00:00.000Z,1923.3837,1933.0548,1911.6805,1917.5811,36113
2016-02-02T16:00:00.000Z,1919.5204,1934.0726,1911.5524,1922.4564,36908
2016-02-03T16:00:00.000Z,1924.4165,1964.4973,1923.448,1963.5288,41449
2016-02-04T16:00:00.000Z,1964.5046,1971.288,1926.9071,1943.8142,26346
2016-02-14T16:00:00.000Z,1932.1865,1970.7189,1932.1865,1955.8125,20045
2016-02-15T16:00:00.000Z,1955.8174,1985.6042,1955.787,1968.8174,35333
2016-02-16T16:00:00.000Z,1965.9084,1974.6823,1955.3282,1960.9087,27167
2016-02-17T16:00:00.000Z,1962.8282,1977.6851,1956.8986,1974.6512,26834
2016-02-18T16:00:00.000Z,1979.4631,1998.286,1969.7845,1991.642,42460
2016-02-21T16:00:00.000Z,1992.6086,2082.4219,1989.7164,2082.2795,92060
2016-02-22T16:00:00.000Z,2075.5381,2098.9431,2046.329,2057.186,95570
2016-02-23T16:00:00.000Z,2053.3308,2063.3945,2038.5813,2062.2913,56304
2016-02-24T16:00:00.000Z,2071.8984,2081.2656,2044.5593,2052.3391,63791
2016-02-25T16:00:00.000Z,2052.3552,2067.5752,2028.1638,2057.8306,61526
2016-02-28T16:00:00.000Z,2056.8513,2087.8879,2043.3129,2087.8518,78958
2016-02-29T16:00:00.000Z,2090.7847,2125.8616,2077.2749,2108.012,80585
2016-03-01T16:00:00.000Z,2110.8962,2122.1001,2086.2847,2109.2539,70336
2016-03-02T16:00:00.000Z,2110.9995,2138.6072,2109.1833,2125.752,84794
2016-03-03T16:00:00.000Z,2120.4001,2173.4453,2117.5017,2172.3931,114264
2016-03-06T16:00:00.000Z,2172.1687,2254.293,2172.1687,2254.293,57369
2016-03-07T16:00:00.000Z,2388.0215,2388.0417,2246.4609,2388.0415,172414
2016-03-08T16:00:00.000Z,2346.7544,2364.6123,2173.9656,2216.0139,234016
2016-03-09T16:00:00.000Z,2230.5278,2344.8767,2218.2571,2264.0332,242412
2016-03-10T16:00:00.000Z,2255.9907,2282.0742,2224.4751,2228.2009,112279
2016-03-13T16:00:00.000Z,2188.9197,2290.7502,2186.355,2190.8521,126932
2016-03-14T16:00:00.000Z,2184.0229,2205.4172,2138.9233,2152.8442,136287
2016-03-15T16:00:00.000Z,2147.5625,2176.5396,2143.7996,2173.3108,81778
2016-03-16T16:00:00.000Z,2174.9104,2256.7002,2174.9104,2252.6089,139584
2016-03-17T16:00:00.000Z,2256.0222,2330.8569,2252.0105,2308.4849,176388
2016-03-20T16:00:00.000Z,2281.3855,2391.1755,2281.3855,2341.8237,182768
2016-03-21T16:00:00.000Z,2345.6201,2367.3125,2333.3394,2341.7188,95497
2016-03-22T16:00:00.000Z,2337.0198,2410.0056,2323.0583,2382.7283,136608
2016-03-23T16:00:00.000Z,2379.8616,2391.9509,2290.322,2307.3193,177202
2016-03-24T16:00:00.000Z,2300.7615,2381.897,2300.0195,2381.897,137522
2016-03-27T16:00:00.000Z,2387.1494,2411.312,2314.6023,2318.9485,163887
2016-03-28T16:00:00.000Z,2324.0664,2357.2412,2317.4868,2342.6274,139579
2016-03-29T16:00:00.000Z,2343.092,2347.6611,2292.6619,2304.7832,135223
2016-03-30T16:00:00.000Z,2306.2183,2344.4775,2302.491,2344.4775,104854
2016-03-31T16:00:00.000Z,2345.344,2436.7163,2343.1658,2428.1846,179977
2016-04-04T16:00:00.000Z,2440.0608,2477.9529,2404.0037,2469.5452,148152
2016-04-05T16:00:00.000Z,2471.6323,2503.3425,2442.6487,2452.2178,192889
2016-04-06T16:00:00.000Z,2448.4629,2495.9514,2440.8257,2482.3364,134351
2016-04-07T16:00:00.000Z,2475.6443,2513.8018,2469.4321,2506.135,227199
2016-04-10T16:00:00.000Z,2512.9961,2639.6948,2512.9961,2610.0164,263062
2016-04-11T16:00:00.000Z,2596.1216,2648.4631,2577.1277,2647.4988,236335
2016-04-12T16:00:00.000Z,2616.8718,2668.0398,2578.3899,2605.0176,403524
2016-04-13T16:00:00.000Z,2582.1104,2595.127,2532.4453,2546.3816,218694
2016-04-14T16:00:00.000Z,2535.0554,2551.3328,2507.6702,2512.137,208274
2016-04-17T16:00:00.000Z,2500.2561,2640.2454,2491.408,2615.1462,242360
2016-04-18T16:00:00.000Z,2627.749,2724.9353,2619.6528,2724.9353,351024
2016-04-19T16:00:00.000Z,2747.4844,2880.2783,2746.8208,2863.083,586590
2016-04-20T16:00:00.000Z,2863.1226,2995.04,2837.9514,2990.2012,655328
2016-04-21T16:00:00.000Z,2986.3613,2986.3613,2831.6421,2849.9653,464795
2016-04-24T16:00:00.000Z,2828.0476,2990.7151,2810.3804,2858.1282,282133
2016-04-25T16:00:00.000Z,2839.5505,2854.1423,2711.8118,2712.4275,239531
2016-04-26T16:00:00.000Z,2713.8999,2726.2722,2612.0259,2652.644,315587
2016-04-27T16:00:00.000Z,2655.9072,2713.9751,2615.8538,2707.1907,263879
2016-04-28T16:00:00.000Z,2709.8247,2774.5073,2704.7307,2752.0977,232135
2016-05-02T16:00:00.000Z,2723.8882,2723.8882,2590.2229,2592.2588,173823
2016-05-03T16:00:00.000Z,2574.9756,2592.1958,2521.0383,2536.4111,200168
2016-05-04T16:00:00.000Z,2531.0249,2564.9783,2462.5796,2469.2847,174477
2016-05-05T16:00:00.000Z,2479.0615,2504.2322,2425.582,2501.6462,161072
2016-05-08T16:00:00.000Z,2507.0315,2524.1248,2317.6394,2317.6394,196493
2016-05-09T16:00:00.000Z,2267.9871,2328.6414,2243.093,2310.061,210433
2016-05-10T16:00:00.000Z,2319.3652,2341.2004,2275.78,2315.8457,177056
2016-05-11T16:00:00.000Z,2325.322,2326.1711,2251.3181,2251.3181,123475
2016-05-12T16:00:00.000Z,2213.3748,2235.9705,2152.2136,2191.9792,176044
2016-05-15T16:00:00.000Z,2186.4297,2275.3887,2170.7322,2241.0095,209216
2016-05-16T16:00:00.000Z,2242.1882,2310.2634,2221.3096,2305.9688,158266
2016-05-17T16:00:00.000Z,2304.8745,2316.2739,2202.1265,2239.386,205317
2016-05-18T16:00:00.000Z,2234.4482,2257.3147,2204.8765,2226.4592,128305
2016-05-19T16:00:00.000Z,2208.1934,2260.8132,2199.9504,2251.3469,122873
2016-05-22T16:00:00.000Z,2258.896,2265.157,2103.4536,2120.2639,175797
2016-05-23T16:00:00.000Z,2122.7888,2161.7998,2096.7488,2148.9441,133466
2016-05-24T16:00:00.000Z,2159.1567,2168.7754,2095.3171,2101.0183,122505
2016-05-25T16:00:00.000Z,2101.3003,2151.572,2088.3352,2149.7673,135142
2016-05-26T16:00:00.000Z,2164.4492,2255.7144,2138.376,2255.677,314235
2016-05-29T16:00:00.000Z,2260.8704,2279.4741,2113.4846,2227.0515,355731
2016-05-30T16:00:00.000Z,2222.6724,2252.3105,2192.8066,2197.5195,169888
2016-05-31T16:00:00.000Z,2186.5051,2190.8894,2142.7927,2163.4792,208394
2016-06-01T16:00:00.000Z,2152.6287,2191.1184,2147.7131,2150.5627,194296
2016-06-02T16:00:00.000Z,2146.8713,2197.9631,2145.9519,2173.4109,141213
2016-06-05T16:00:00.000Z,2194.2363,2268.436,2167.8728,2253.075,207345
2016-06-06T16:00:00.000Z,2260.2412,2301.7578,2249.1191,2280.4749,157115
2016-06-07T16:00:00.000Z,2269.9404,2320.1541,2236.2419,2296.1982,205874
2016-06-12T16:00:00.000Z,2288.8906,2374.1582,2279.9961,2332.3801,144396
2016-06-13T16:00:00.000Z,2344.5098,2353.7039,2251.9607,2252.875,179929
2016-06-14T16:00:00.000Z,2241.8984,2281.7041,2224.3591,2247.6726,136881
2016-06-15T16:00:00.000Z,2266.835,2302.9565,2246.6787,2248.4978,162187
2016-06-16T16:00:00.000Z,2239.24,2260.6348,2194.5063,2256.7375,158161
2016-06-19T16:00:00.000Z,2252.8015,2277.4426,2223.0503,2232.7271,125475
2016-06-20T16:00:00.000Z,2224.3022,2293.1853,2219.644,2255.7744,144131
2016-06-21T16:00:00.000Z,2251.4199,2316.4993,2245.6333,2308.1794,158896
2016-06-22T16:00:00.000Z,2309.4258,2323.8594,2288.5835,2301.1519,101265
2016-06-23T16:00:00.000Z,2312.8801,2340.6475,2257.2673,2291.4377,155053
2016-06-26T16:00:00.000Z,2295.376,2440.8059,2290.9751,2439.5654,208934
2016-06-27T16:00:00.000Z,2441.4556,2461.0181,2397.7515,2435.6265,131172
2016-06-28T16:00:00.000Z,2439.6333,2456.6833,2393.4697,2403.0781,135271
2016-06-29T16:00:00.000Z,2399.6025,2503.1887,2395.5171,2495.553,176713
2016-06-30T16:00:00.000Z,2493.2429,2532.1885,2454.2524,2502.8123,135106
2016-07-03T16:00:00.000Z,2499.2231,2603.3472,2499.2231,2561.3547,193162
2016-07-04T16:00:00.000Z,2568.3606,2591.7532,2432.4465,2526.7988,192344
2016-07-05T16:00:00.000Z,2520.4736,2552.1816,2448.5156,2512.679,176425
2016-07-06T16:00:00.000Z,2496.696,2626.0667,2487.0305,2549.4109,316942
2016-07-07T16:00:00.000Z,2557.104,2590.7844,2505.6448,2588.1802,223146
2016-07-10T16:00:00.000Z,2616.9246,2634.6877,2514.4316,2582.051,166413
2016-07-11T16:00:00.000Z,2591.0149,2702.5857,2584.3003,2690.7922,200102
2016-07-12T16:00:00.000Z,2691.0259,2735.1831,2649.127,2656.2908,166004
2016-07-13T16:00:00.000Z,2657.6777,2680.8533,2606.1792,2652.4431,143597
2016-07-14T16:00:00.000Z,2646.6792,2691.3286,2615.9326,2654.0151,138616
2016-07-17T16:00:00.000Z,2660.1184,2665.606,2488.613,2488.613,194218
2016-07-18T16:00:00.000Z,2466.4783,2484.001,2391.5442,2424.7703,184016
2016-07-19T16:00:00.000Z,2431.2793,2478.9731,2421.4399,2456.3982,133324
2016-07-20T16:00:00.000Z,2456.0867,2591.3386,2427.5542,2563.0063,260608
2016-07-21T16:00:00.000Z,2568.6543,2568.6543,2477.46,2487.2874,192231
2016-07-24T16:00:00.000Z,2484.9287,2575.1277,2461.8447,2548.0991,236978
2016-07-25T16:00:00.000Z,2549.6833,2593.5212,2516.6123,2592.7644,183189
2016-07-26T16:00:00.000Z,2590.0361,2660.3315,2568.6494,2616.0635,316256
2016-07-27T16:00:00.000Z,2624.3835,2675.2551,2607.3779,2666.7412,246449
2016-07-28T16:00:00.000Z,2656.9812,2672.8635,2569.5984,2592.3386,178328
2016-07-31T16:00:00.000Z,2596.6208,2709.2332,2566.4211,2691.4282,222213
2016-08-01T16:00:00.000Z,2684.4373,2700.0623,2657.4873,2681.1624,142868
2016-08-02T16:00:00.000Z,2685.7764,2690.6116,2635.9624,2664.2944,147365
2016-08-03T16:00:00.000Z,2660.3699,2676.9609,2581.1826,2616.8835,190236
2016-08-04T16:00:00.000Z,2623.7327,2707.55,2612.4224,2700.4954,154402
2016-08-07T16:00:00.000Z,2700.7156,2790.6482,2682.4316,2777.4346,209832
2016-08-08T16:00:00.000Z,2772.8816,2795.3638,2702.0962,2740.2214,156504
2016-08-09T16:00:00.000Z,2734.7878,2784.8025,2714.7498,2741.4392,137058
2016-08-10T16:00:00.000Z,2740.5505,2757.0005,2685.6963,2743.4639,165208
2016-08-11T16:00:00.000Z,2736.6919,2747.0869,2708.9783,2729.3188,95649
2016-08-14T16:00:00.000Z,2706.5559,2730.5332,2658.8184,2709.8328,164446
2016-08-15T16:00:00.000Z,2705.2493,2835.6748,2702.2451,2792.541,190546
2016-08-16T16:00:00.000Z,2790.8362,2828.3047,2762.9155,2764.6348,142363
2016-08-17T16:00:00.000Z,2755.2117,2808.5935,2743.5083,2774.2629,154655
2016-08-18T16:00:00.000Z,2770.3818,2784.1885,2723.7117,2773.3369,144639
2016-08-21T16:00:00.000Z,2773.8691,2806.6045,2760.7607,2766.061,149961
2016-08-22T16:00:00.000Z,2768.8528,2846.6226,2752.5171,2826.2444,191295
2016-08-23T16:00:00.000Z,2820.3318,2835.4241,2806.7532,2816.4229,106556
2016-08-24T16:00:00.000Z,2849.6926,2855.4553,2733.7612,2808.4622,216103
2016-08-25T16:00:00.000Z,2801.4998,2819.4189,2760.3286,2762.0662,131052
2016-08-28T16:00:00.000Z,2754.2883,2788.2939,2702.4924,2781.291,210628
2016-08-29T16:00:00.000Z,2784.5518,2796.6399,2726.0046,2727.4236,157656
2016-08-30T16:00:00.000Z,2723.0046,2759.0027,2674.2744,2677.3066,162845
2016-08-31T16:00:00.000Z,2671.9319,2700.1455,2645.7014,2684.8545,155270
2016-09-01T16:00:00.000Z,2679.5381,2743.1755,2667.7251,2695.0317,146372
2016-09-04T16:00:00.000Z,2699.5356,2736.5437,2695.9114,2699.5305,141614
2016-09-05T16:00:00.000Z,2696.8594,2716.8518,2658.9653,2671.4399,140140
2016-09-06T16:00:00.000Z,2664.8591,2676.3909,2593.1252,2600.1738,196482
2016-09-07T16:00:00.000Z,2599.5974,2643.114,2593.0256,2622.2563,152274
2016-09-08T16:00:00.000Z,2613.54,2636.2769,2588.8044,2624.2424,155502
2016-09-11T16:00:00.000Z,2612.4561,2630.7219,2558.8621,2569.6294,167863
2016-09-12T16:00:00.000Z,2563.8804,2600.9346,2545.6472,2558.0994,145105
2016-09-13T16:00:00.000Z,2552.584,2587.7263,2541.7246,2570.0662,124721
2016-09-18T16:00:00.000Z,2521.8113,2572.6533,2518.1804,2556.0757,103911
2016-09-19T16:00:00.000Z,2556.3896,2578.0369,2531.0942,2561.4753,156536
2016-09-20T16:00:00.000Z,2560.1326,2571.2766,2530.4331,2542.3845,152608
2016-09-21T16:00:00.000Z,2542.1509,2609.2759,2535.5269,2574.5005,186805
2016-09-22T16:00:00.000Z,2580.2317,2611.0276,2571.6633,2609.4724,139497
2016-09-25T16:00:00.000Z,2622.3572,2647.6223,2605.248,2622.9722,121631
2016-09-26T16:00:00.000Z,2616.6208,2625.7488,2553.1306,2576.4353,129404
2016-09-27T16:00:00.000Z,2570.2595,2591.9392,2558.0632,2589.0107,94346
2016-09-28T16:00:00.000Z,2594.7244,2639.5117,2568.4573,2570.1653,153487
2016-09-29T16:00:00.000Z,2569.0654,2584.8306,2537.6787,2547.7622,108655
2016-10-09T16:00:00.000Z,2567.1021,2581.2732,2514.7563,2570.45,93122
2016-10-10T16:00:00.000Z,2577.6062,2669.9272,2575.0757,2669.9272,208496
2016-10-11T16:00:00.000Z,2672.3813,2715.7644,2653.5962,2703.2205,215628
2016-10-12T16:00:00.000Z,2710.3347,2715.5354,2663.4963,2688.7014,148910
2016-10-13T16:00:00.000Z,2687.9102,2735.7151,2676.6113,2712.293,167372
2016-10-16T16:00:00.000Z,2705.2065,2744.5991,2694.3342,2732.0369,166655
2016-10-17T16:00:00.000Z,2730.2263,2734.2263,2686.4265,2719.9121,130206
2016-10-18T16:00:00.000Z,2728.6506,2815.9529,2723.4033,2745.0881,263347
2016-10-19T16:00:00.000Z,2739.2761,2804.0508,2739.2761,2794.1609,148586
2016-10-20T16:00:00.000Z,2803.95,2814.417,2740.4341,2780.7207,145581
2016-10-23T16:00:00.000Z,2779.5957,2800.1563,2740.7893,2794.9714,124980
2016-10-24T16:00:00.000Z,2799.7983,2892.9719,2795.9858,2872.7952,233448
2016-10-25T16:00:00.000Z,2875.2229,2903.6926,2819.4871,2843.9177,181002
2016-10-26T16:00:00.000Z,2850.9639,2878.5198,2806.9812,2836.8928,143539
2016-10-27T16:00:00.000Z,2849.2534,2906.6091,2830.0662,2896.2646,147305
2016-10-30T16:00:00.000Z,2902.8337,2976.6482,2870.1699,2958.312,242427
2016-10-31T16:00:00.000Z,2958.1084,3062.0215,2921.4705,3022.0471,282753
2016-11-01T16:00:00.000Z,3042.4351,3109.6289,3031.6777,3048.6133,351532
2016-11-02T16:00:00.000Z,3057.8669,3100.3879,3037.3657,3097.8701,250932
2016-11-03T16:00:00.000Z,3112.8621,3133.8447,3078.2004,3102.8933,283420
2016-11-06T16:00:00.000Z,3123.7717,3291.7439,3069.5625,3259.7483,380922
2016-11-07T16:00:00.000Z,3262.3127,3288.8477,3142.2649,3195.0103,263873
2016-11-08T16:00:00.000Z,3197.3667,3388.1299,3183.0715,3365.0574,323776
2016-11-09T16:00:00.000Z,3355.488,3489.9873,3290.3875,3330.9329,403400
2016-11-10T16:00:00.000Z,3337.7861,3474.7341,3306.3135,3460.0903,272329
2016-11-13T16:00:00.000Z,3477.2974,3571.7561,3274.678,3327.2881,343593
2016-11-14T16:00:00.000Z,3332.0498,3381.2983,3196.0471,3196.084,204231
2016-11-15T16:00:00.000Z,3168.1938,3204.302,3083.1731,3183.4912,271600
2016-11-16T16:00:00.000Z,3193.1123,3209.6333,3112.3975,3190.6628,200815
2016-11-17T16:00:00.000Z,3205.4597,3223.7559,3123.696,3151.0991,204429
2016-11-20T16:00:00.000Z,3165.8425,3178.0076,3057.0469,3119.7566,202917
2016-11-21T16:00:00.000Z,3119.7942,3310.6838,3119.7942,3310.6838,248769
2016-11-22T16:00:00.000Z,3334.2502,3422.0337,3305.0039,3396.1235,289975
2016-11-23T16:00:00.000Z,3379.5513,3468.9973,3311.9502,3382.6716,290516
2016-11-24T16:00:00.000Z,3362.0852,3598.0581,3362.0852,3543.27,315559
2016-11-27T16:00:00.000Z,3563.5691,3639.8955,3486.2336,3614.2209,301486
2016-11-28T16:00:00.000Z,3589.8066,3631.3601,3384.0129,3385.5085,288379
2016-11-29T16:00:00.000Z,3383.844,3399.6257,3268.4246,3268.4343,192886
2016-11-30T16:00:00.000Z,3279.1731,3567.6526,3279.1731,3539.8416,428421
2016-12-01T16:00:00.000Z,3549.2017,3570.3308,3421.3813,3517.4563,453537
2016-12-04T16:00:00.000Z,3509.8474,3628.3313,3452.8308,3590.1501,454450
2016-12-05T16:00:00.000Z,3600.8506,3674.1907,3577.0134,3644.05,393396
2016-12-06T16:00:00.000Z,3641.4341,3849.3645,3641.4341,3755.5237,459184
2016-12-07T16:00:00.000Z,3763.3396,3799.75,3658.9841,3764.1992,436840
2016-12-08T16:00:00.000Z,3786.5532,3786.5532,3600.0984,3742.5781,472899
2016-12-11T16:00:00.000Z,3764.814,3899.9458,3700.6484,3777.3701,334927
2016-12-12T16:00:00.000Z,3786.2944,3843.4924,3751.9556,3828.3054,188796
2016-12-13T16:00:00.000Z,3821.0078,3828.0632,3687.9021,3731.3335,214391
2016-12-14T16:00:00.000Z,3730.0161,3812.1726,3668.2441,3794.6274,206904
2016-12-15T16:00:00.000Z,3762.5337,3779.1287,3688.0007,3688.0007,158612
2016-12-18T16:00:00.000Z,3669.9617,3706.5845,3569.0579,3571.7603,197619
2016-12-19T16:00:00.000Z,3561.2544,3614.113,3529.0144,3589.4915,164203
2016-12-20T16:00:00.000Z,3589.6304,3632.9094,3528.2051,3601.3623,168722
2016-12-21T16:00:00.000Z,3599.7905,3599.7905,3426.7866,3431.1426,186685
2016-12-22T16:00:00.000Z,3418.2847,3475.2769,3364.5784,3395.792,176564
2016-12-25T16:00:00.000Z,3388.5305,3424.4456,3230.5862,3309.4399,213897
2016-12-26T16:00:00.000Z,3314.7681,3407.7197,3270.2554,3398.7485,164968
2016-12-27T16:00:00.000Z,3402.677,3485.2813,3369.5032,3413.3728,177903
2016-12-28T16:00:00.000Z,3408.7886,3430.2146,3329.0637,3360.4617,165169
2016-12-29T16:00:00.000Z,3356.8069,3398.9463,3291.9304,3312.7141,139862
2017-01-02T16:00:00.000Z,3318.7383,3405.1521,3293.3408,3305.8406,126888
2017-01-03T16:00:00.000Z,3311.9233,3390.8464,3271.709,3374.3638,183276
2017-01-04T16:00:00.000Z,3373.6851,3423.075,3340.2112,3362.7815,154941
2017-01-05T16:00:00.000Z,3356.2925,3381.4893,3262.656,3279.1782,216763
2017-01-08T16:00:00.000Z,3279.9534,3450.8472,3257.5959,3450.8472,184179
2017-01-09T16:00:00.000Z,3449.8125,3562.8752,3417.7126,3562.8752,180534
2017-01-10T16:00:00.000Z,3573.4927,3594.9365,3503.8779,3569.6973,132139
2017-01-11T16:00:00.000Z,3562.4438,3656.1533,3542.9717,3591.489,153639
2017-01-12T16:00:00.000Z,3604.3303,3625.7849,3531.3167,3565.5125,141902
2017-01-15T16:00:00.000Z,3562.0481,3772.9133,3549.2551,3718.8608,176238
2017-01-16T16:00:00.000Z,3715.834,3752.2502,3576.5293,3629.1982,153489
2017-01-17T16:00:00.000Z,3627.7754,3705.3958,3593.9446,3618.9368,124914
2017-01-18T16:00:00.000Z,3611.2849,3632.0491,3500.8459,3548.2805,202706
2017-01-19T16:00:00.000Z,3545.3518,3585.2231,3448.9534,3449.9277,135083
2017-01-22T16:00:00.000Z,3437.4844,3501.1272,3417.8528,3459.4739,111458
2017-01-23T16:00:00.000Z,3460.2422,3627.7759,3454.5537,3581.9604,145712
2017-01-24T16:00:00.000Z,3597.3259,3602.1099,3524.6096,3596.803,89168
2017-01-25T16:00:00.000Z,3593.79,3671.1511,3587.7949,3656.6301,99313
2017-02-02T16:00:00.000Z,3650.6509,3650.6509,3366.7168,3379.7988,134327
2017-02-05T16:00:00.000Z,3364.9045,3406.8948,3343.0159,3382.0671,123323
2017-02-06T16:00:00.000Z,3383.9954,3478.3757,3374.2805,3464.6206,140426
2017-02-07T16:00:00.000Z,3457.8413,3538.6433,3426.1702,3528.6023,124895
2017-02-08T16:00:00.000Z,3533.0774,3570.1221,3481.0466,3484.8125,123086
2017-02-09T16:00:00.000Z,3472.0928,3679.0012,3460.978,3615.5425,206683
2017-02-12T16:00:00.000Z,3625.7324,3729.0432,3618.5647,3724.9727,130096
2017-02-13T16:00:00.000Z,3732.5681,3739.5581,3664.7161,3723.0273,93071
2017-02-14T16:00:00.000Z,3730.166,3737.1997,3646.8162,3671.8533,126756
2017-02-15T16:00:00.000Z,3637.5327,3781.3159,3623.1504,3647.7041,181449
2017-02-16T16:00:00.000Z,3657.5884,3747.5408,3654.4971,3733.4063,138876
2017-02-19T16:00:00.000Z,3754.5823,3785.366,3702.2261,3753.7583,172300
2017-02-20T16:00:00.000Z,3770.7944,3833.3943,3749.6521,3769.8491,145930
2017-02-21T16:00:00.000Z,3768.8398,3780.6094,3638.8901,3670.6802,193080
2017-02-22T16:00:00.000Z,3654.9243,3699.5444,3572.825,3599.8022,178237
2017-02-23T16:00:00.000Z,3624.3555,3630.4314,3462.4929,3581.9434,260683
2017-02-26T16:00:00.000Z,3595.3103,3740.4043,3566.8508,3713.9834,209964
2017-02-27T16:00:00.000Z,3709.2817,3709.2817,3534.0659,3534.3596,214819
2017-02-28T16:00:00.000Z,3542.5769,3626.2268,3535.0847,3580.7361,215235
2017-03-01T16:00:00.000Z,3585.7424,3610.6909,3540.9387,3564.2036,209885
2017-03-02T16:00:00.000Z,3567.6931,3567.6931,3439.3076,3555.72,252918
2017-03-05T16:00:00.000Z,3566.2634,3566.2634,3418.8606,3451.4001,318891
2017-03-06T16:00:00.000Z,3432.5129,3481.5376,3424.8745,3458.6448,174405
2017-03-07T16:00:00.000Z,3454.8743,3463.6807,3383.2695,3396.1455,210666
2017-03-08T16:00:00.000Z,3388.2561,3398.6484,3302.2988,3344.8721,200966
2017-03-09T16:00:00.000Z,3338.9033,3425.0835,3334.5049,3382.9016,255798
2017-03-12T16:00:00.000Z,3381.6252,3526.5891,3341.6978,3519.4434,295415
2017-03-13T16:00:00.000Z,3518.7896,3523.7363,3445.7532,3479.2864,189000
2017-03-14T16:00:00.000Z,3460.5691,3589.0891,3442.8062,3543.8054,258172
2017-03-15T16:00:00.000Z,3533.6609,3571.176,3472.2458,3534.3533,206184
2017-03-16T16:00:00.000Z,3531.1038,3548.1826,3467.7485,3492.8945,206833
2017-03-19T16:00:00.000Z,3489.5544,3555.4558,3461.6636,3473.5615,207410
2017-03-20T16:00:00.000Z,3466.9487,3476.4619,3382.9055,3395.0854,244902
2017-03-21T16:00:00.000Z,3378.3123,3384.2598,3267.4165,3280.3469,230360
2017-03-22T16:00:00.000Z,3279.5151,3324.0156,3261.3928,3264.0686,189725
2017-03-23T16:00:00.000Z,3245.0073,3316.6331,3218.0425,3274.2446,261485
2017-03-26T16:00:00.000Z,3266.3318,3270.8267,3101.9268,3165.6377,275911
2017-03-27T16:00:00.000Z,3170.2869,3211.4653,3136.5657,3149.1499,231404
2017-03-28T16:00:00.000Z,3166.9758,3266.6599,3158.2883,3255.1086,278626
2017-03-29T16:00:00.000Z,3243.8789,3269.0017,3217.4001,3236.6858,232355
2017-03-30T16:00:00.000Z,3225.0439,3292.6345,3188.3611,3216.8005,309506
2017-04-04T16:00:00.000Z,3274.0869,3294.0269,3216.9939,3222.9475,299244
2017-04-05T16:00:00.000Z,3225.3176,3245.8796,3177.2107,3202.6104,377095
2017-04-06T16:00:00.000Z,3173.1824,3185.03,3078.9644,3124.1133,378002
2017-04-09T16:00:00.000Z,3116.2468,3149.9202,3095.0378,3108.5518,296302
2017-04-10T16:00:00.000Z,3077.5537,3107.0596,3051.3083,3065.1899,264482
2017-04-11T16:00:00.000Z,3044.7439,3063.03,2934.7881,2940.5107,345494
2017-04-12T16:00:00.000Z,2931.9675,3008.3613,2918.8413,2972.7793,331948
2017-04-13T16:00:00.000Z,2978.5012,3057.6582,2975.7974,3001.6953,331947
2017-04-16T16:00:00.000Z,3010.8389,3056.8767,2953.0991,2993.5586,268512
2017-04-17T16:00:00.000Z,2984.7068,2998.3125,2889.606,2898.1228,250339
2017-04-18T16:00:00.000Z,2896.4897,2940.4404,2887.6609,2907.9497,226806
2017-04-19T16:00:00.000Z,2930.6379,2961.01,2819.7683,2940.7661,395155
2017-04-20T16:00:00.000Z,2954.2754,3002.4373,2910.8484,2967.8345,331280
2017-04-23T16:00:00.000Z,2962.1682,2972.7239,2892.9336,2962.2168,289723
2017-04-24T16:00:00.000Z,2961.4675,3012.4978,2939.6453,2996.0171,325163
2017-04-25T16:00:00.000Z,3001.6709,3088.2769,2976.8018,3025.4998,302332
2017-04-26T16:00:00.000Z,3022.728,3064.051,3005.0344,3064.051,222332
2017-04-27T16:00:00.000Z,3076.033,3149.2251,3067.2424,3148.5581,330993
2017-05-01T16:00:00.000Z,3186.3557,3192.7554,3118.6707,3141.0527,235542
2017-05-02T16:00:00.000Z,3143.8677,3146.5325,3080.5276,3110.9216,329562
2017-05-03T16:00:00.000Z,3074.6162,3094.9331,2890.2563,2890.4883,508508
2017-05-04T16:00:00.000Z,2907.4456,2914.0532,2844.5073,2885.8552,378918
2017-05-07T16:00:00.000Z,2906.2192,2972.9509,2880.6072,2929.3948,474982
2017-05-08T16:00:00.000Z,2921.126,2933.2791,2860.2639,2893.6599,379056
2017-05-09T16:00:00.000Z,2889.3696,2949.5894,2883.781,2928.1211,436749
2017-05-10T16:00:00.000Z,2942.0784,2966.2593,2853.6267,2949.6726,570098
2017-05-11T16:00:00.000Z,2953.4426,2953.4426,2839.1799,2840.1055,456696
2017-05-14T16:00:00.000Z,2850.0269,2952.2615,2843.1094,2915.7415,403999
2017-05-15T16:00:00.000Z,2930.1692,2931.0906,2877.8074,2915.8125,286733
2017-05-16T16:00:00.000Z,2934.0994,3045.408,2913.3188,3032.6201,506364
2017-05-17T16:00:00.000Z,3029.8923,3060.2512,2993.7676,3043.6323,329920
2017-05-18T16:00:00.000Z,2998.4172,3122.9272,2987.6479,3112.4526,432453
2017-05-21T16:00:00.000Z,3116.6934,3224.7017,3105.5696,3166.1089,441020
2017-05-22T16:00:00.000Z,3169.5149,3182.5967,3129.6948,3148.3259,266021
2017-05-23T16:00:00.000Z,3141.7449,3194.6714,3070.6875,3123.4636,499424
2017-05-24T16:00:00.000Z,3132.5664,3205.3962,3113.3027,3127.4146,491515
2017-05-25T16:00:00.000Z,3127.6211,3146.8167,3047.6411,3111.0134,441606
2017-05-30T16:00:00.000Z,3136.6863,3179.6897,3027.3792,3031.9834,396469
2017-05-31T16:00:00.000Z,3025.6138,3051.1152,2977.0359,3015.55,383518
2017-06-01T16:00:00.000Z,3025.1973,3043.9087,2978.2942,3005.8711,436976
2017-06-04T16:00:00.000Z,2984.6655,3015.6929,2919.6323,2930.1343,419471
2017-06-05T16:00:00.000Z,2916.637,2954.2817,2900.2957,2932.5854,298673
2017-06-06T16:00:00.000Z,2929.2654,2965.614,2925.7339,2949.9661,208919
2017-06-07T16:00:00.000Z,2956.1001,3008.9087,2914.9192,2966.6292,318302
2017-06-08T16:00:00.000Z,2969.03,3071.1709,2961.4636,3064.8464,422533
2017-06-11T16:00:00.000Z,3069.0693,3135.1936,3052.9009,3092.4258,489681
2017-06-12T16:00:00.000Z,3091.5781,3106.9236,2996.2483,2996.2483,377680
2017-06-13T16:00:00.000Z,2992.9854,3109.8823,2962.5215,3107.6917,553263
2017-06-14T16:00:00.000Z,3116.1482,3185.3843,3054.9507,3171.9358,707650
2017-06-15T16:00:00.000Z,3167.2856,3224.5154,3137.0398,3153.0938,612022
2017-06-18T16:00:00.000Z,3162.5994,3259.8752,3148.4102,3223.658,587856
2017-06-19T16:00:00.000Z,3228.1414,3241.2104,3192.1714,3214.5762,523476
2017-06-20T16:00:00.000Z,3201.8882,3214.2974,3153.2605,3185.7742,531971
2017-06-21T16:00:00.000Z,3201.2578,3254.855,3172.759,3181.1267,614895
2017-06-22T16:00:00.000Z,3188.5205,3228.7117,3168.7131,3224.937,555234
2017-06-25T16:00:00.000Z,3231.8215,3288.5623,3203.8809,3273.3113,552680
2017-06-26T16:00:00.000Z,3271.1091,3340.9807,3256.6724,3334.7925,489733
2017-06-27T16:00:00.000Z,3338.6367,3395.7371,3335.8953,3375.4023,464387
2017-06-28T16:00:00.000Z,3377.0193,3414.9141,3341.3088,3364.2532,661739
2017-06-29T16:00:00.000Z,3358.0103,3380.6523,3326.2891,3367.25,536743
2017-07-02T16:00:00.000Z,3352.6326,3450.217,3352.6326,3443.3828,576248
2017-07-03T16:00:00.000Z,3434.8735,3460.1509,3361.136,3375.0293,493184
2017-07-04T16:00:00.000Z,3385.325,3463.8875,3378.2568,3412.0896,458840
2017-07-05T16:00:00.000Z,3395.2336,3405.3115,3314.002,3395.2905,580285
2017-07-06T16:00:00.000Z,3390.405,3435.2361,3347.7722,3425.8843,497023
2017-07-09T16:00:00.000Z,3424.2429,3471.7288,3407.0115,3434.9431,442043
2017-07-10T16:00:00.000Z,3427.7239,3582.1309,3420.8,3548.5972,434818
2017-07-11T16:00:00.000Z,3547.4192,3605.583,3545.0078,3568.6462,359138
2017-07-12T16:00:00.000Z,3573.1555,3662.6775,3555.9016,3660.1934,420642
2017-07-13T16:00:00.000Z,3652.575,3655.2104,3540.6365,3574.8979,506807
2017-07-16T16:00:00.000Z,3566.075,3697.8882,3565.5278,3672.3555,510146
2017-07-17T16:00:00.000Z,3674.5632,3684.7136,3618.759,3632.4631,411431
2017-07-18T16:00:00.000Z,3643.4338,3717.5286,3636.9238,3705.1985,419157
2017-07-19T16:00:00.000Z,3705.2102,3705.2102,3578.1763,3590.1221,672325
2017-07-20T16:00:00.000Z,3592.1624,3621.8931,3539.4629,3598.1206,432246
2017-07-23T16:00:00.000Z,3604.1436,3620.2029,3511.5898,3560.1499,443185
2017-07-24T16:00:00.000Z,3574.28,3619.8972,3543.1433,3605.8945,368397
2017-07-25T16:00:00.000Z,3619.0627,3690.8721,3592.3782,3618.9304,438133
2017-07-26T16:00:00.000Z,3607.5093,3640.1687,3553.3154,3634.0696,441364
2017-07-27T16:00:00.000Z,3630.1892,3672.4214,3596.3936,3625.8809,438644
2017-07-30T16:00:00.000Z,3637.616,3777.699,3623.947,3767.4277,570035
2017-07-31T16:00:00.000Z,3756.6807,3792.5354,3725.5525,3734.7305,292892
2017-08-01T16:00:00.000Z,3726.8977,3786.2061,3712.0159,3764.5039,315643
2017-08-02T16:00:00.000Z,3761.0247,3825.9211,3751.8806,3794.2056,463780
2017-08-03T16:00:00.000Z,3800.9089,3893.623,3780.0886,3879.3484,415388
2017-08-06T16:00:00.000Z,3875.251,4068.5752,3853.8032,4008.2102,565341
2017-08-07T16:00:00.000Z,4003.0522,4070.7495,3937.6445,3969.5735,431848
2017-08-08T16:00:00.000Z,3976.0093,4084.3818,3936.4312,4081.2749,511559
2017-08-09T16:00:00.000Z,4067.8904,4122.1309,4007.6035,4047.2019,495816
2017-08-10T16:00:00.000Z,4021.458,4090.2988,3940.7656,3964.3633,568619
2017-08-13T16:00:00.000Z,3966.5735,3997.9287,3895.4937,3910.2966,578487
2017-08-14T16:00:00.000Z,3897.8347,3910.9553,3809.5249,3869.3572,696608
2017-08-15T16:00:00.000Z,3863.5906,3898.2869,3838.2395,3850.5774,625495
2017-08-16T16:00:00.000Z,3865.4556,3998.312,3860.1299,3962.1492,997461
2017-08-17T16:00:00.000Z,3951.1729,4050.3135,3937.1826,4035.0405,765655
2017-08-20T16:00:00.000Z,4014.4304,4118.7158,3960.6816,4083.3662,839860
2017-08-21T16:00:00.000Z,4083.8818,4098.79,4010.9456,4059.2012,671712
2017-08-22T16:00:00.000Z,4050.4287,4050.4287,3822.051,3886.5732,1111411
2017-08-23T16:00:00.000Z,3881.4121,3990.6792,3856.832,3974.2458,945120
2017-08-24T16:00:00.000Z,3959.1082,4150.7993,3955.6807,4062.4211,714198
2017-08-27T16:00:00.000Z,4058.365,4113.1367,3951.228,4088.8699,535770
2017-08-28T16:00:00.000Z,4092.6638,4123.312,4015.5933,4061.5378,612914
2017-08-29T16:00:00.000Z,4067.9917,4096.7812,3992.8245,4073.8376,485327
2017-08-30T16:00:00.000Z,4057.564,4079.5476,3951.0259,4076.5991,652686
2017-08-31T16:00:00.000Z,4065.3838,4255.1602,4050.5535,4254.7549,647772
2017-09-03T16:00:00.000Z,4255.1899,4386.9224,4247.041,4284.8477,731854
2017-09-04T16:00:00.000Z,4277.2998,4359.9541,4274.4399,4336.1724,549704
2017-09-05T16:00:00.000Z,4336.7432,4379.8984,4215.6694,4221.2905,674606
2017-09-06T16:00:00.000Z,4225.5449,4264.9902,4192.7007,4216.0483,548810
2017-09-07T16:00:00.000Z,4211.4927,4292.3271,4127.7808,4149.0156,687498
2017-09-10T16:00:00.000Z,4147.7812,4177.0078,4073.761,4158.8125,464985
2017-09-11T16:00:00.000Z,4160.21,4194.2158,4086.2378,4173.1855,517650
2017-09-12T16:00:00.000Z,4169.689,4215.6338,4096.7402,4117.1973,486538
2017-09-13T16:00:00.000Z,4116.7896,4169.1011,4050.3381,4076.8608,676592
2017-09-14T16:00:00.000Z,4081.9873,4105.4116,4032.7041,4062.5259,499190
2017-09-17T16:00:00.000Z,4067.8572,4086.7065,3983.7324,4042.2456,506412
2017-09-18T16:00:00.000Z,4039.6794,4073.759,3977.2678,3978.8772,380907
2017-09-19T16:00:00.000Z,3972.554,4021.5308,3923.7961,3988.1211,436198
2017-09-20T16:00:00.000Z,4009.7302,4042.0388,3882.2334,3887.1169,577361
2017-09-21T16:00:00.000Z,3879.9893,3892.0115,3736.4631,3760.8389,460659
2017-09-24T16:00:00.000Z,3779.325,3831.2896,3752.9146,3813.1899,405910
2017-09-25T16:00:00.000Z,3806.3596,3862.0857,3801.825,3838.3457,331597
2017-09-26T16:00:00.000Z,3840.3113,3920.2917,3835.2891,3910.1694,456543
2017-09-27T16:00:00.000Z,3924.105,3961.7876,3814.0698,3870.8613,554606
2017-09-28T16:00:00.000Z,3882.8445,3968.9031,3780.521,3968.9031,510482
2017-10-08T16:00:00.000Z,4031.4873,4086.0088,3957.3044,3992.9854,362550
2017-10-09T16:00:00.000Z,3988.5205,3988.8101,3838.3411,3838.4797,571118
2017-10-10T16:00:00.000Z,3833.2751,3885.6313,3797.7627,3803.0574,455640
2017-10-11T16:00:00.000Z,3806.6169,4011.2715,3787.6978,3986.5874,734256
2017-10-12T16:00:00.000Z,3984.939,4113.2861,3959.6824,4113.2861,626199
2017-10-15T16:00:00.000Z,4135.1162,4220.1284,4112.7402,4154.0127,636972
2017-10-16T16:00:00.000Z,4156.2363,4165.0156,4014.4705,4039.4243,732241
2017-10-17T16:00:00.000Z,4035.5593,4079.8955,3997.3616,4020.9094,490451
2017-10-18T16:00:00.000Z,4013.7139,4019.2925,3879.3201,3901.5256,683169
2017-10-19T16:00:00.000Z,3898.4023,4097.7554,3872.5867,4096.9521,695781
2017-10-22T16:00:00.000Z,4089.7866,4091.8911,3940.158,4026.9956,731191
2017-10-23T16:00:00.000Z,4022.1775,4096.3916,3985.6919,4061.6304,589472
2017-10-24T16:00:00.000Z,4064.74,4125.4473,3993.2615,4030.1833,630716
2017-10-25T16:00:00.000Z,3997.542,4021.4626,3913.1736,3925.1895,746128
2017-10-26T16:00:00.000Z,3921.8901,3930.187,3802.0835,3816.2051,785852
2017-10-29T16:00:00.000Z,3815.9805,3856.8235,3789.7979,3811.2944,523760
2017-10-30T16:00:00.000Z,3807.4248,3909.1152,3796.6616,3860.8962,701452
2017-10-31T16:00:00.000Z,3863.0386,3871.3079,3762.98,3763.7688,834899
2017-11-01T16:00:00.000Z,3766.2983,3852.3938,3734.3252,3810.6204,871068
2017-11-02T16:00:00.000Z,3806.3472,3874.8816,3788.6924,3800.1902,607166
2017-11-05T16:00:00.000Z,3803.301,3950.7642,3796.9849,3940.5242,640950
2017-11-06T16:00:00.000Z,3939.2156,3964.9692,3884.3853,3904.1526,439589
2017-11-07T16:00:00.000Z,3892.0381,3925.5847,3849.4863,3904.2378,499774
2017-11-08T16:00:00.000Z,3911.4102,3983.1592,3880.4119,3911.1272,636678
2017-11-09T16:00:00.000Z,3912.6804,3987.1323,3888.582,3977.6753,591880
2017-11-12T16:00:00.000Z,3995.8645,4028.135,3953.9482,4008.5569,573613
2017-11-13T16:00:00.000Z,4007.9189,4049.4104,3980.7708,4023.1897,415221
2017-11-14T16:00:00.000Z,4025.8694,4052.1514,3920.0989,3962.9155,515488
2017-11-15T16:00:00.000Z,3969.6331,3978.136,3927.1433,3947.1455,406121
2017-11-16T16:00:00.000Z,3941.1958,3959.0129,3863.7766,3865.478,509918
2017-11-19T16:00:00.000Z,3862.4434,3921.1108,3855.1833,3919.2397,428906
2017-11-20T16:00:00.000Z,3918.4353,3976.959,3902.3367,3954.7373,424073
2017-11-21T16:00:00.000Z,3957.0757,3992.4446,3928.9531,3979.8552,415129
2017-11-22T16:00:00.000Z,3981.2483,3997.4514,3907.3489,3928.2405,521598
2017-11-23T16:00:00.000Z,3921.5349,3923.3284,3862.1589,3920.8159,512446
2017-11-26T16:00:00.000Z,3919.8733,3980.4429,3889.5723,3910.3103,590264
2017-11-27T16:00:00.000Z,3906.7234,3992.0759,3906.428,3980.5618,569845
2017-11-28T16:00:00.000Z,3975.9092,4030.9009,3936.5854,4017.4329,569878
2017-11-29T16:00:00.000Z,4021.4846,4086.5029,4001.1045,4010.3103,600459
2017-11-30T16:00:00.000Z,4007.8503,4046.7419,3983.0447,4021.8198,490338
2017-12-03T16:00:00.000Z,4018.303,4135.5972,3992.2229,4106.0347,569835
2017-12-04T16:00:00.000Z,4103.144,4133.6367,4061.5635,4083.3879,402271
2017-12-05T16:00:00.000Z,4078.7505,4082.2876,3952.3181,3970.9722,492453
2017-12-06T16:00:00.000Z,3973.9084,3989.3831,3811.6333,3874.6621,548277
2017-12-07T16:00:00.000Z,3871.8115,3976.7781,3866.113,3962.6772,422234
2017-12-10T16:00:00.000Z,3964.6113,4018.2578,3928.144,3959.3577,466922
2017-12-11T16:00:00.000Z,3965.7097,4022.3557,3929.6636,3947.8245,398920
2017-12-12T16:00:00.000Z,3942.8542,3952.6948,3884.9468,3907.3674,425394
2017-12-13T16:00:00.000Z,3910.8801,3956.7771,3886.2466,3905.2495,436253
2017-12-14T16:00:00.000Z,3898.7825,3968.1653,3892.7656,3955.322,442035
2017-12-17T16:00:00.000Z,3960.2036,4016.9792,3899.5247,3965.1221,578224
2017-12-18T16:00:00.000Z,3965.8794,3966.6924,3860.2051,3865.7666,540924
2017-12-19T16:00:00.000Z,3855.2273,3900.7712,3838.719,3869.4458,386481
2017-12-20T16:00:00.000Z,3883.4553,3938.8171,3862.1089,3901.8962,479233
2017-12-21T16:00:00.000Z,3902.72,3989.0847,3890.3599,3979.3247,425158
2017-12-24T16:00:00.000Z,3983.7024,3986.0012,3845.8181,3848.3687,403831
2017-12-25T16:00:00.000Z,3834.2549,3890.6614,3833.4175,3880.8687,293318
2017-12-26T16:00:00.000Z,3872.115,3905.3059,3855.385,3865.9758,359084
2017-12-27T16:00:00.000Z,3843.9702,3876.4097,3826.2576,3857.9155,328010
2017-12-28T16:00:00.000Z,3843.3706,3900.6282,3833.8857,3852.9551,407387
2018-01-01T16:00:00.000Z,3856.6953,3938.511,3845.7676,3925.0125,299794
2018-01-02T16:00:00.000Z,3919.198,3930.3579,3863.0005,3865.865,261401
2018-01-03T16:00:00.000Z,3857.2905,3895.6892,3847.7778,3877.4404,300489
2018-01-04T16:00:00.000Z,3869.8013,3872.843,3794.7974,3843.3022,452441
2018-01-07T16:00:00.000Z,3838.6946,3861.5967,3772.2029,3861.5967,399935
2018-01-08T16:00:00.000Z,3859.312,3890.1475,3850.8936,3860.0127,311175
2018-01-09T16:00:00.000Z,3861.2837,3902.5305,3829.5874,3877.4297,362129
2018-01-10T16:00:00.000Z,3885.4192,3903.6128,3858.0112,3871.9026,267624
2018-01-11T16:00:00.000Z,3874.0276,3883.8381,3814.2551,3830.7629,265065
2018-01-14T16:00:00.000Z,3824.0212,3847.9714,3793.1482,3837.0139,228180
2018-01-15T16:00:00.000Z,3839.5659,3876.6846,3821.4587,3822.4333,309673
2018-01-16T16:00:00.000Z,3810.5518,3855.4846,3804.7114,3833.7119,330106
2018-01-17T16:00:00.000Z,3830.6321,3862.8374,3819.7095,3850.8533,278309
2018-01-18T16:00:00.000Z,3859.9551,3917.2178,3810.5935,3913.5127,486986
2018-01-21T16:00:00.000Z,3918.8455,3934.239,3875.2561,3889.5981,321783
2018-01-22T16:00:00.000Z,3895.6313,3911.6165,3863.0754,3894.8069,334593
2018-01-23T16:00:00.000Z,3890.3005,3934.9307,3875.1204,3930.426,265371
2018-01-24T16:00:00.000Z,3930.0654,3999.1274,3912.8499,3963.6797,369681
2018-01-25T16:00:00.000Z,3956.7622,3977.1101,3926.8438,3952.3037,232954
2018-01-28T16:00:00.000Z,3948.186,3966.6433,3930.3784,3953.8469,161126
2018-01-29T16:00:00.000Z,3947.8057,3958.6321,3903.8977,3929.1123,225483
2018-01-30T16:00:00.000Z,3931.9326,3980.2078,3897.0828,3922.4883,222927
2018-01-31T16:00:00.000Z,3934.6448,3985.7278,3923.2102,3957.783,346950
2018-02-01T16:00:00.000Z,3948.1528,4025.8809,3944.3518,4017.4548,433385
2018-02-04T16:00:00.000Z,4018.1008,4031.7502,3979.396,4015.7495,282485
2018-02-05T16:00:00.000Z,4023.7061,4036.1394,3981.4727,3997.2834,279404
2018-02-06T16:00:00.000Z,4002.7661,4012.9236,3972.8252,3998.303,226725
2018-02-07T16:00:00.000Z,4000.2664,4026.4971,3986.646,4014.6091,241843
2018-02-08T16:00:00.000Z,4015.0938,4029.3552,3937.4097,3946.5081,318816
2018-02-11T16:00:00.000Z,3940.5278,3971.4792,3932.426,3959.9255,169158
2018-02-12T16:00:00.000Z,3952.8347,3993.3687,3945.1626,3971.738,154249
2018-02-13T16:00:00.000Z,3968.2861,3988.198,3955.2212,3970.5728,131525
2018-02-21T16:00:00.000Z,3975.6851,3985.6584,3894.2263,3914.4268,183204
2018-02-22T16:00:00.000Z,3900.2998,3970.2695,3876.8542,3960.2498,359947
2018-02-25T16:00:00.000Z,3963.6143,4067.1345,3956.917,4064.5115,314554
2018-02-26T16:00:00.000Z,4064.8738,4083.8218,4024.3364,4080.5916,238927
2018-02-27T16:00:00.000Z,4069.2295,4086.6748,4054.7664,4070.1479,228785
2018-02-28T16:00:00.000Z,4065.6382,4105.8252,4060.7891,4076.6636,224569
2018-03-01T16:00:00.000Z,4063.8201,4105.1611,4048.4041,4102.0225,280100
2018-03-04T16:00:00.000Z,4093.0239,4096.7788,4020.6848,4029.613,326870
2018-03-05T16:00:00.000Z,4024.9829,4041.4133,3996.7039,4023.7725,246825
2018-03-06T16:00:00.000Z,4024.0503,4028.0413,3930.5391,3931.3938,349225
2018-03-07T16:00:00.000Z,3923.0098,3952.2297,3866.627,3868.4419,314921
2018-03-08T16:00:00.000Z,3854.4573,3871.1353,3740.9475,3780.8364,465047
2018-03-11T16:00:00.000Z,3812.2688,3825.3677,3761.5117,3793.3164,321587
2018-03-12T16:00:00.000Z,3799.9724,3820.3179,3761.887,3778.2925,266734
2018-03-13T16:00:00.000Z,3785.8535,3836.1548,3742.7361,3819.1672,337957
2018-03-14T16:00:00.000Z,3829.0334,3841.1726,3796.7778,3822.907,235402
2018-03-15T16:00:00.000Z,3811.7957,3857.4028,3796.803,3833.7756,328362
2018-03-18T16:00:00.000Z,3833.0195,3846.4607,3742.019,3771.8872,433539
2018-03-19T16:00:00.000Z,3761.7627,3796.7749,3732.6179,3764.334,390063
2018-03-20T16:00:00.000Z,3759.6221,3789.0991,3674.3513,3681.1074,518332
2018-03-21T16:00:00.000Z,3684.532,3713.8872,3657.9978,3693.906,409182
2018-03-22T16:00:00.000Z,3670.0859,3678.696,3459.593,3485.9119,720307
2018-03-25T16:00:00.000Z,3485.3862,3514.1255,3420.6223,3438.4824,464167
2018-03-26T16:00:00.000Z,3433.842,3537.8386,3432.1638,3499.9268,460326
2018-03-27T16:00:00.000Z,3512.4688,3542.8049,3455.7993,3490.97,504836
2018-03-28T16:00:00.000Z,3504.2307,3545.2913,3470.5869,3539.8381,386160
2018-03-29T16:00:00.000Z,3545.7979,3636.9263,3518.7332,3635.4709,401957
2018-04-01T16:00:00.000Z,3625.5149,3690.9263,3591.6277,3607.1133,374083
2018-04-02T16:00:00.000Z,3600.6138,3639.095,3559.7261,3583.376,426011
2018-04-03T16:00:00.000Z,3584.0137,3601.5806,3548.4646,3564.7817,336581
2018-04-08T16:00:00.000Z,3545.1599,3636.8721,3540.1948,3633.408,344084
2018-04-09T16:00:00.000Z,3627.2881,3664.4595,3603.6277,3646.6189,346900
2018-04-10T16:00:00.000Z,3630.2217,3645.3953,3569.0793,3579.9656,397278
2018-04-11T16:00:00.000Z,3569.7285,3612.0652,3547.3489,3593.8401,388286
2018-04-12T16:00:00.000Z,3573.4651,3633.7751,3555.2537,3625.9036,372556
2018-04-15T16:00:00.000Z,3625.9832,3634.8823,3536.085,3548.5996,368267
2018-04-16T16:00:00.000Z,3546.344,3618.0198,3531.229,3578.5225,388107
2018-04-17T16:00:00.000Z,3600.427,3677.7302,3596.3767,3644.104,440196
2018-04-18T16:00:00.000Z,3664.2986,3696.7573,3637.1589,3676.7546,391783
2018-04-19T16:00:00.000Z,3660.0869,3674.196,3628.6699,3641.0845,312136
2018-04-22T16:00:00.000Z,3648.698,3733.9595,3639.7261,3727.4932,366941
2018-04-23T16:00:00.000Z,3700.5159,3749.5383,3700.5159,3719.9343,347130
2018-04-24T16:00:00.000Z,3707.4783,3732.3499,3684.9834,3710.6763,287450
2018-04-25T16:00:00.000Z,3708.1106,3745.2781,3672.9438,3700.303,315895
2018-04-26T16:00:00.000Z,3682.9751,3722.9839,3675.0496,3713.5168,291476
2018-05-01T16:00:00.000Z,3760.2505,3809.948,3740.8857,3805.4111,275192
2018-05-02T16:00:00.000Z,3802.2493,3802.8708,3726.3777,3738.6218,308451
2018-05-03T16:00:00.000Z,3734.0933,3754.9973,3714.7827,3737.8308,238025
2018-05-06T16:00:00.000Z,3729.3401,3774.627,3707.5911,3745.8682,327256
2018-05-07T16:00:00.000Z,3746.2058,3763.1064,3726.8445,3733.6123,202413
2018-05-08T16:00:00.000Z,3715.8196,3719.8982,3666.3098,3675.981,321574
2018-05-09T16:00:00.000Z,3677.7942,3714.0786,3666.3916,3712.1921,302087
2018-05-10T16:00:00.000Z,3737.2747,3776.77,3717.9683,3762.1553,289276
2018-05-13T16:00:00.000Z,3772.1472,3781.7261,3745.5471,3766.2915,207663
2018-05-14T16:00:00.000Z,3769.6907,3812.2495,3743.8242,3792.4092,374334
2018-05-15T16:00:00.000Z,3791.4436,3844.7285,3774.0544,3806.9409,392845
2018-05-16T16:00:00.000Z,3806.0017,3843.3049,3785.6672,3838.311,320562
2018-05-17T16:00:00.000Z,3854.1736,3861.0813,3785.8462,3793.7517,338232
2018-05-20T16:00:00.000Z,3786.2097,3828.2454,3739.1008,3750.1479,374007
2018-05-21T16:00:00.000Z,3754.8418,3786.2527,3738.969,3754.946,270739
2018-05-22T16:00:00.000Z,3753.5945,3756.1013,3674.2566,3701.9241,340053
2018-05-23T16:00:00.000Z,3694.5896,3762.9746,3686.854,3762.9065,304487
2018-05-24T16:00:00.000Z,3770.7241,3818.9856,3734.6953,3755.0029,477511
2018-05-27T16:00:00.000Z,3742.9578,3818.1626,3741.4971,3775.7712,369007
2018-05-28T16:00:00.000Z,3777.4775,3858.5979,3768.3035,3840.4834,387719
2018-05-29T16:00:00.000Z,3847.5149,3883.8054,3825.0623,3858.4336,368743
2018-05-30T16:00:00.000Z,3853.7625,3910.0654,3843.876,3890.5039,345867
2018-05-31T16:00:00.000Z,3886.7971,3950.9746,3877.5811,3890.3376,370701
2018-06-03T16:00:00.000Z,3895.428,3916.8188,3842.5212,3857.8481,359044
2018-06-04T16:00:00.000Z,3847.5591,3900.7002,3828.3167,3899.6692,360662
2018-06-05T16:00:00.000Z,3901.9395,3930.957,3877.3391,3909.6277,341721
2018-06-06T16:00:00.000Z,3918.5068,3989.4539,3906.3987,3934.6382,392181
2018-06-07T16:00:00.000Z,3934.7141,3948.3374,3908.0378,3928.0952,239917
2018-06-10T16:00:00.000Z,3914.7478,3947.146,3886.8562,3926.9768,274173
2018-06-11T16:00:00.000Z,3940.0557,3966.1152,3896.0161,3966.0242,311752
2018-06-12T16:00:00.000Z,3963.53,3998.5159,3941.876,3957.3196,320032
2018-06-13T16:00:00.000Z,3958.1826,3978.4067,3944.9038,3971.9731,303602
2018-06-14T16:00:00.000Z,3967.822,3986.3582,3933.2629,3961.3577,269401
2018-06-18T16:00:00.000Z,3910.4265,3928.6956,3816.3833,3840.8643,397452
2018-06-19T16:00:00.000Z,3832.9636,3903.7966,3825.8044,3900.0137,277431
2018-06-20T16:00:00.000Z,3890.8879,3922.3118,3860.2151,3862.9495,316757
2018-06-21T16:00:00.000Z,3860.7078,3874.4141,3840.0388,3859.6213,260080
2018-06-24T16:00:00.000Z,3861.1985,3877.4233,3822.0481,3836.2944,297186
2018-06-25T16:00:00.000Z,3824.3899,3833.4385,3767.5095,3789.4363,325414
2018-06-26T16:00:00.000Z,3781.4392,3838.0735,3778.5361,3812.074,291067
2018-06-27T16:00:00.000Z,3826.9092,3869.1196,3820.6614,3855.5608,303686
2018-06-28T16:00:00.000Z,3851.6409,3909.8604,3851.6409,3906.322,248858
2018-07-01T16:00:00.000Z,3899.6038,3899.6038,3830.4026,3840.9077,299002
2018-07-02T16:00:00.000Z,3852.3838,3853.1597,3811.3213,3846.7126,225948
2018-07-03T16:00:00.000Z,3851.0442,3893.5869,3836.7517,3865.3384,239180
2018-07-04T16:00:00.000Z,3871.8884,3882.2002,3807.6804,3826.8574,378371
2018-07-05T16:00:00.000Z,3825.177,3863.1082,3776.2253,3822.5112,393926
2018-07-08T16:00:00.000Z,3819.4736,3868.5583,3795.4832,3866.76,278146
2018-07-09T16:00:00.000Z,3878.8557,3916.7529,3874.9849,3907.6594,282797
2018-07-10T16:00:00.000Z,3913.011,3942.2395,3877.0388,3925.1423,307481
2018-07-11T16:00:00.000Z,3926.0637,4005.7466,3922.6917,3996.0735,363382
2018-07-12T16:00:00.000Z,3989.0417,4026.4451,3982.3486,4000.4429,302306
2018-07-15T16:00:00.000Z,3977.5789,4047.1389,3976.7417,4024.6873,320520
2018-07-16T16:00:00.000Z,4012.4453,4023.938,3972.1465,4016.8428,363746
2018-07-17T16:00:00.000Z,4011.4167,4018.4204,3992.0146,4005.5122,231568
2018-07-18T16:00:00.000Z,4012.8394,4066.7412,3988.5229,3990.8301,417072
2018-07-19T16:00:00.000Z,3986.3982,4043.6108,3983.0222,4029.2949,332090
2018-07-22T16:00:00.000Z,4019.4077,4060.325,4009.6062,4050.0049,231440
2018-07-23T16:00:00.000Z,4050.9448,4063.8696,4019.8074,4021.8462,243282
2018-07-24T16:00:00.000Z,4022.9839,4078.6035,4021.7676,4072.0232,253033
2018-07-25T16:00:00.000Z,4061.8081,4072.0706,4034.2864,4067.6389,269077
2018-07-26T16:00:00.000Z,4072.6838,4171.4443,4063.915,4163.252,334170
2018-07-29T16:00:00.000Z,4154.4233,4166.3018,4127.6514,4138.6831,265108
2018-07-30T16:00:00.000Z,4137.8833,4189.6831,4132.8042,4172.8638,245190
2018-07-31T16:00:00.000Z,4170.1606,4223.8345,4134.1182,4138.1763,345643
2018-08-01T16:00:00.000Z,4125.0059,4141.6133,4089.6812,4134.4692,319207
2018-08-02T16:00:00.000Z,4131.647,4183.1953,4128.8271,4181.7256,279836
2018-08-05T16:00:00.000Z,4183.8843,4207.1353,4113.7192,4199.75,393721
2018-08-06T16:00:00.000Z,4206.4375,4243.5039,4196.3345,4211.4814,297353
2018-08-07T16:00:00.000Z,4211.1157,4222.2578,4161.9653,4169.4419,286595
2018-08-08T16:00:00.000Z,4151.2075,4198.2212,4119.1143,4177.8589,338462
2018-08-09T16:00:00.000Z,4179.9487,4190.6152,4123.9878,4125.8657,276882
2018-08-12T16:00:00.000Z,4122.1216,4222.9731,4110.6348,4218.417,341673
2018-08-13T16:00:00.000Z,4218.623,4224.7773,4162.6948,4175.7607,242822
2018-08-14T16:00:00.000Z,4175.0396,4201.4272,4160.3604,4185.5342,232693
2018-08-15T16:00:00.000Z,4174.4629,4193.3262,4113.7705,4134.3394,390094
2018-08-16T16:00:00.000Z,4140.6992,4239.5703,4124.9307,4208.8335,475144
2018-08-19T16:00:00.000Z,4204.6147,4362.8711,4191.6055,4355.6699,584470
2018-08-20T16:00:00.000Z,4334.8228,4383.6064,4291.1025,4312.8315,433424
2018-08-21T16:00:00.000Z,4302.5854,4364.4561,4291.0205,4296.0342,329654
2018-08-22T16:00:00.000Z,4293.8638,4326.7388,4255.9297,4265.8926,347503
2018-08-23T16:00:00.000Z,4262.0869,4340.2827,4251.9297,4340.2827,277170
2018-08-26T16:00:00.000Z,4335.0293,4337.3003,4227.1216,4240.2515,345650
2018-08-27T16:00:00.000Z,4243.0752,4304.8345,4235.9956,4299.7905,271413
2018-08-28T16:00:00.000Z,4300.4854,4308.6362,4221.707,4227.3711,360637
2018-08-29T16:00:00.000Z,4217.7661,4231.2417,4160.0308,4191.3452,426284
2018-08-30T16:00:00.000Z,4185.168,4193.3516,4090.8772,4110.1748,383796
2018-09-02T16:00:00.000Z,4098.9424,4151.5483,4098.4165,4144.5381,341622
2018-09-03T16:00:00.000Z,4145.9072,4178.8032,4113.1978,4162.8975,283999
2018-09-04T16:00:00.000Z,4155.5703,4160.1904,4099.624,4121.04,283533
2018-09-05T16:00:00.000Z,4136.6821,4159.0029,4115.9023,4156.3789,257839
2018-09-06T16:00:00.000Z,4162.9932,4236.373,4119.9224,4131.0483,466505
2018-09-09T16:00:00.000Z,4130.8623,4206.4048,4123.8608,4170.8853,361339
2018-09-10T16:00:00.000Z,4150.7905,4150.7905,3983.3899,3991.9167,602747
2018-09-11T16:00:00.000Z,4007.96,4028.0947,3928.2183,3986.5767,467193
2018-09-12T16:00:00.000Z,3974.0193,4029.9153,3965.2429,4022.1614,378567
2018-09-13T16:00:00.000Z,4014.0464,4029.335,3982.6089,4000.2029,333739
2018-09-16T16:00:00.000Z,4002.1045,4038.9214,3961.8782,3978.1501,393520
2018-09-17T16:00:00.000Z,3978.7539,4031.7112,3956.4817,4021.5002,471036
2018-09-18T16:00:00.000Z,4042.0237,4051.1006,3968.3274,3980.2102,447818
2018-09-19T16:00:00.000Z,3986.1489,4018.9851,3951.5854,3976.5881,406068
2018-09-20T16:00:00.000Z,3970.7439,4011.8381,3954.7573,4008.8857,315252
2018-09-24T16:00:00.000Z,4010.6829,4012.9875,3929.2876,3946.9785,280812
2018-09-25T16:00:00.000Z,3949.4771,3954.2246,3884.0398,3923.8274,439300
2018-09-26T16:00:00.000Z,3928.7542,3956.418,3874.0632,3879.6804,360359
2018-09-27T16:00:00.000Z,3871.0171,3874.1653,3796.0337,3859.3445,403370
2018-10-07T16:00:00.000Z,3867.5818,3878.1296,3821.0161,3872.1501,241657
2018-10-08T16:00:00.000Z,3867.572,3931.8364,3863.9875,3927.0374,274638
2018-10-09T16:00:00.000Z,3929.9653,3956.9153,3898.9983,3918.9263,297986
2018-10-10T16:00:00.000Z,3890.1201,3907.0046,3815.8582,3887.6797,491214
2018-10-11T16:00:00.000Z,3893.811,3935.7864,3856.8435,3909.4453,355605
2018-10-14T16:00:00.000Z,3907.4446,3958.8984,3880.7332,3942.7175,377179
2018-10-15T16:00:00.000Z,3947.5234,3950.5796,3896.3391,3920.2842,351919
2018-10-16T16:00:00.000Z,3915.0847,3948.01,3876.1692,3938.9971,362169
2018-10-17T16:00:00.000Z,3950.2405,3950.2405,3826.252,3827.9324,528297
2018-10-18T16:00:00.000Z,3820.759,3867.135,3809.2563,3832.9268,437210
2018-10-21T16:00:00.000Z,3839.7727,3898.9714,3832.4226,3871.7593,397121
2018-10-22T16:00:00.000Z,3872.8535,3881.2639,3836.5139,3845.9626,334846
2018-10-23T16:00:00.000Z,3830.6426,3896.4685,3829.3745,3894.7761,299145
2018-10-24T16:00:00.000Z,3897.4612,3925.7673,3856.4177,3918.085,458566
2018-10-25T16:00:00.000Z,3916.0481,3938.0698,3881.6597,3897.5085,302500
2018-10-28T16:00:00.000Z,3899.5435,3911.3914,3788.071,3808.7361,511117
2018-10-29T16:00:00.000Z,3819.5542,3860.1406,3806.7642,3813.6587,343133
2018-10-30T16:00:00.000Z,3807.3862,3819.1365,3723.4985,3770.6548,599582
2018-10-31T16:00:00.000Z,3774.9238,3784.8789,3628.3779,3638.5244,640019
2018-11-01T16:00:00.000Z,3646.8708,3720.2012,3632.665,3711.7185,647743
2018-11-04T16:00:00.000Z,3704.395,3737.8389,3681.6208,3735.4509,462639
2018-11-05T16:00:00.000Z,3734.5002,3746.0261,3671.6836,3683.7424,437132
2018-11-06T16:00:00.000Z,3672.2576,3704.1755,3651.6814,3671.1458,455217
2018-11-07T16:00:00.000Z,3675.866,3691.9358,3599.8027,3669.1799,646673
2018-11-08T16:00:00.000Z,3655.2207,3661.7927,3578.6843,3581.8455,473192
2018-11-11T16:00:00.000Z,3570.2195,3593.021,3504.4946,3549.3787,544362
2018-11-12T16:00:00.000Z,3540.7898,3572.5566,3531.7646,3555.8938,301230
2018-11-13T16:00:00.000Z,3539.5381,3568.7278,3504.8484,3558.3374,458131
2018-11-14T16:00:00.000Z,3550.7805,3575.198,3496.5798,3556.9919,546471
2018-11-15T16:00:00.000Z,3554.1777,3591.1641,3532.4397,3555.0532,439615
2018-11-18T16:00:00.000Z,3536.3767,3593.1135,3518.3792,3549.7632,419850
2018-11-19T16:00:00.000Z,3540.0955,3563.1396,3500.53,3506.2214,380327
2018-11-20T16:00:00.000Z,3471.3218,3546.3652,3433.8623,3541.241,614397
2018-11-21T16:00:00.000Z,3537.5969,3552.5259,3502.708,3506.1414,388885
2018-11-22T16:00:00.000Z,3498.1997,3506.8279,3393.9263,3394.1636,475156
2018-11-25T16:00:00.000Z,3368.8364,3403.6563,3254.7051,3286.5696,603635
2018-11-26T16:00:00.000Z,3280.6716,3361.1357,3255.7781,3269.564,490419
2018-11-27T16:00:00.000Z,3250.2307,3328.8047,3239.5996,3308.7324,426014
2018-11-28T16:00:00.000Z,3297.1245,3337.8259,3280.781,3303.2634,339134
2018-11-29T16:00:00.000Z,3298.5527,3319.9146,3234.8015,3283.438,417246
2018-12-02T16:00:00.000Z,3271.7659,3472.1394,3226.7954,3340.054,641441
2018-12-03T16:00:00.000Z,3324.272,3393.9497,3312.9507,3379.2935,418909
2018-12-04T16:00:00.000Z,3392.3914,3466.1511,3375.7896,3466.1511,513814
2018-12-05T16:00:00.000Z,3459.7002,3459.7002,3381.1941,3391.6235,384242
2018-12-06T16:00:00.000Z,3363.8914,3433.5261,3350.3701,3414.7063,442742
2018-12-09T16:00:00.000Z,3409.0469,3415.2307,3345.3247,3350.3574,374071
2018-12-10T16:00:00.000Z,3341.95,3371.7593,3312.8103,3370.3333,338586
2018-12-11T16:00:00.000Z,3386.5168,3402.7146,3365.4387,3370.7817,329983
2018-12-12T16:00:00.000Z,3368.8833,3528.5442,3367.5862,3513.5891,664771
2018-12-13T16:00:00.000Z,3499.145,3500.2329,3466.0381,3481.2424,435054
2018-12-16T16:00:00.000Z,3478.199,3502.6843,3453.0503,3473.9155,404642
2018-12-17T16:00:00.000Z,3466.272,3484.4236,3441.3159,3467.3237,353497
2018-12-18T16:00:00.000Z,3461.24,3501.9231,3454.8464,3475.8625,483323
2018-12-19T16:00:00.000Z,3472.4885,3501.2241,3457.217,3479.446,428538
2018-12-20T16:00:00.000Z,3506.6794,3518.9792,3458.5942,3483.3345,429012
2018-12-23T16:00:00.000Z,3479.7043,3482.9734,3427.5156,3437.939,330295
2018-12-24T16:00:00.000Z,3430.2642,3432.022,3356.8113,3387.4231,389619
2018-12-25T16:00:00.000Z,3380.7322,3389.9829,3360.7244,3372.4326,263580
2018-12-26T16:00:00.000Z,3365.4026,3405.54,3318.1223,3336.0718,586222
2018-12-27T16:00:00.000Z,3326.1707,3356.3887,3323.1948,3340.8425,301395
2019-01-01T16:00:00.000Z,3330.2212,3348.2048,3275.6333,3285.8472,261786
2019-01-02T16:00:00.000Z,3282.5295,3346.2117,3275.623,3337.9395,351335
2019-01-03T16:00:00.000Z,3335.1716,3363.2476,3310.8464,3349.0137,341164
2019-01-06T16:00:00.000Z,3356.0022,3399.7886,3338.8091,3396.1631,296739
2019-01-07T16:00:00.000Z,3393.9888,3397.906,3373.3748,3387.6567,278409
2019-01-08T16:00:00.000Z,3392.9788,3438.2102,3380.3464,3407.3376,373484
2019-01-09T16:00:00.000Z,3407.4595,3425.1748,3395.9548,3406.3499,248191
2019-01-10T16:00:00.000Z,3406.1926,3425.7307,3386.6929,3423.6006,274112
2019-01-13T16:00:00.000Z,3420.2222,3448.0764,3405.969,3444.4375,241649
2019-01-14T16:00:00.000Z,3443.7346,3443.7346,3389.062,3403.0039,259883
2019-01-15T16:00:00.000Z,3402.8567,3427.8054,3394.7568,3421.678,203777
2019-01-16T16:00:00.000Z,3418.9243,3452.5513,3416.708,3440.8381,238222
2019-01-17T16:00:00.000Z,3433.6797,3507.165,3424.146,3500.6228,311546
2019-01-20T16:00:00.000Z,3501.2031,3521.9565,3484.886,3498.8694,285039
2019-01-21T16:00:00.000Z,3503.2036,3594.1194,3495.2561,3527.0496,506687
2019-01-22T16:00:00.000Z,3532.7222,3548.5129,3517.2737,3537.5652,232992
2019-01-23T16:00:00.000Z,3537.7061,3573.0679,3534.2244,3567.6006,249316
2019-01-24T16:00:00.000Z,3568.4766,3626.1489,3563.52,3585.5125,306388
2019-01-27T16:00:00.000Z,3591.915,3624.5212,3561.8879,3566.085,298371
2019-01-28T16:00:00.000Z,3570.3621,3576.3564,3538.1418,3564.7468,208624
2019-01-29T16:00:00.000Z,3564.5942,3634.0061,3549.3569,3558.6846,356681
2019-01-30T16:00:00.000Z,3563.7463,3586.2773,3551.0437,3584.4146,232739
2019-01-31T16:00:00.000Z,3580.8562,3621.4114,3576.614,3619.7144,189221
2019-02-10T16:00:00.000Z,3719.5786,3755.6572,3675.6794,3678.2764,250774
2019-02-11T16:00:00.000Z,3671.3806,3688.8096,3633.1292,3646.4548,233921
2019-02-12T16:00:00.000Z,3640.6279,3666.0613,3573.0442,3580.7766,323936
2019-02-13T16:00:00.000Z,3581.877,3596.7649,3548.249,3576.2314,262259
2019-02-14T16:00:00.000Z,3571.9485,3582.1843,3499.7026,3504.0452,336233
2019-02-17T16:00:00.000Z,3517.3235,3596.6624,3517.3235,3588.9646,371443
2019-02-18T16:00:00.000Z,3597.7588,3645.1331,3587.4849,3600.7258,397825
2019-02-19T16:00:00.000Z,3594.5337,3625.0378,3541.8293,3614.5122,388216
2019-02-20T16:00:00.000Z,3613.2395,3648.6577,3600.7205,3627.3042,370824
2019-02-21T16:00:00.000Z,3626.1985,3669.4683,3618.5688,3664.1033,301642
2019-02-24T16:00:00.000Z,3679.9075,3704.0149,3637.0415,3640.2646,314517
2019-02-25T16:00:00.000Z,3633.8245,3719.3401,3627.3945,3701.8081,431029
2019-02-26T16:00:00.000Z,3706.1028,3717.8337,3667.5811,3691.9297,287397
2019-02-27T16:00:00.000Z,3702.8306,3735.5249,3677.0847,3734.0635,339701
2019-02-28T16:00:00.000Z,3739.2629,3780.0676,3725.634,3780.0676,288132
2019-03-03T16:00:00.000Z,3776.2058,3792.2729,3733.75,3749.9307,370505
2019-03-04T16:00:00.000Z,3752.1082,3755.0559,3706.469,3731.6375,332176
2019-03-05T16:00:00.000Z,3740.2053,3747.9578,3661.3984,3663.3616,390179
2019-03-06T16:00:00.000Z,3660.5239,3718.8149,3657.2319,3700.5691,324271
2019-03-07T16:00:00.000Z,3698.5715,3699.5698,3640.3511,3659.5625,321086
2019-03-10T16:00:00.000Z,3613.5398,3652.7273,3609.1436,3629.0605,312006
2019-03-11T16:00:00.000Z,3632.1501,3703.012,3630.8276,3701.4233,355953
2019-03-12T16:00:00.000Z,3709.3567,3719.2905,3658.7153,3661.7793,297284
2019-03-13T16:00:00.000Z,3649.0752,3690.9714,3629.7886,3638.0391,341246
2019-03-14T16:00:00.000Z,3635.6213,3645.6758,3583.9966,3599.3015,439034
2019-03-17T16:00:00.000Z,3600.5881,3649.1741,3595.96,3620.4756,400674
2019-03-18T16:00:00.000Z,3614.3403,3640.0918,3589.313,3608.0498,291569
2019-03-19T16:00:00.000Z,3616.2717,3643.0024,3585.8167,3594.8877,378169
2019-03-20T16:00:00.000Z,3593.0496,3631.4944,3591.7844,3596.2334,282199
2019-03-21T16:00:00.000Z,3585.7275,3621.6689,3578.0603,3615.5916,280117
2019-03-24T16:00:00.000Z,3610.0559,3615.1875,3559.3352,3561.6414,317031
2019-03-25T16:00:00.000Z,3562.1875,3572.3779,3535.5964,3554.8264,245116
2019-03-26T16:00:00.000Z,3553.5178,3562.9089,3538.8865,3557.5452,219869
2019-03-27T16:00:00.000Z,3553.7524,3585.458,3532.3472,3548.9041,368073
2019-03-28T16:00:00.000Z,3536.2891,3612.2976,3526.8452,3605.3682,359087
2019-03-31T16:00:00.000Z,3597.8425,3638.5835,3586.9338,3632.5947,268274
2019-04-01T16:00:00.000Z,3625.5835,3647.1565,3598.7837,3632.6284,303268
2019-04-02T16:00:00.000Z,3626.9229,3685.1128,3622.7539,3680.1692,340730
2019-04-03T16:00:00.000Z,3671.3257,3696.6465,3656.7393,3695.687,248990
2019-04-07T16:00:00.000Z,3720.5999,3807.9263,3704.519,3789.9531,380282
2019-04-08T16:00:00.000Z,3784.9929,3829.4587,3766.3977,3789.6914,323944
2019-04-09T16:00:00.000Z,3776.3496,3792.343,3745.0781,3781.5391,260860
2019-04-10T16:00:00.000Z,3769.6506,3785.3906,3740.4124,3783.0771,248527
2019-04-11T16:00:00.000Z,3779.4148,3811.7278,3731.0566,3772.0813,342590
2019-04-14T16:00:00.000Z,3789.0281,3830.7842,3772.8027,3821.9631,348850
2019-04-15T16:00:00.000Z,3815.0176,3815.0176,3753.1057,3759.137,278435
2019-04-16T16:00:00.000Z,3754.5647,3778.9583,3734.9822,3777.1477,271028
2019-04-17T16:00:00.000Z,3764.5176,3768.7092,3696.5112,3702.3059,264480
2019-04-18T16:00:00.000Z,3689.5198,3739.2478,3679.8442,3733.5911,234258
2019-04-21T16:00:00.000Z,3739.6106,3793.4646,3732.876,3749.4871,310672
2019-04-22T16:00:00.000Z,3748.0999,3766.0222,3731.0693,3731.0693,172942
2019-04-23T16:00:00.000Z,3712.8345,3725.3792,3696.7429,3710.5601,201057
2019-04-24T16:00:00.000Z,3703.8601,3740.6313,3673.6399,3676.5603,282181
2019-04-25T16:00:00.000Z,3670.7556,3707.8359,3670.7556,3698.28,234483
2019-04-28T16:00:00.000Z,3702.562,3724.2766,3685.6667,3723.4705,210059
2019-04-29T16:00:00.000Z,3726.9644,3801.4304,3721.5,3789.7881,397330
2019-05-05T16:00:00.000Z,3701.0493,3739.4971,3682.9988,3707.0193,289524
2019-05-06T16:00:00.000Z,3709.7405,3764.7866,3698.2866,3722.562,301013
2019-05-07T16:00:00.000Z,3707.439,3711.4094,3665.0798,3677.3022,271928
2019-05-08T16:00:00.000Z,3660.5195,3674.1501,3622.3948,3657.3762,320657
2019-05-09T16:00:00.000Z,3644.0647,3674.019,3643.5583,3667.8967,244597
2019-05-12T16:00:00.000Z,3660.6924,3675.7161,3595.8364,3595.8364,293555
2019-05-13T16:00:00.000Z,3589.4634,3611.3599,3564.5378,3579.1553,298944
2019-05-14T16:00:00.000Z,3577.3684,3624.8101,3562.282,3617.7302,206394
2019-05-15T16:00:00.000Z,3614.8445,3642.0881,3597.5103,3632.0261,283789
2019-05-16T16:00:00.000Z,3637.23,3674.241,3625.4109,3651.9463,318527
2019-05-19T16:00:00.000Z,3643.7568,3660.4812,3581.8242,3613.0422,397307
2019-05-20T16:00:00.000Z,3610.3613,3739.1682,3603.8206,3730.4751,517062
2019-05-21T16:00:00.000Z,3730.9558,3776.2649,3691.1375,3725.7302,416242
2019-05-22T16:00:00.000Z,3723.4893,3724.4114,3682.0654,3690.551,286432
2019-05-23T16:00:00.000Z,3674.2463,3698.8804,3617.0566,3693.6267,418000
2019-05-26T16:00:00.000Z,3710.3533,3724.0457,3633.7427,3634.5386,499776
2019-05-27T16:00:00.000Z,3629.8237,3661.6057,3609.8374,3637.5339,320849
2019-05-28T16:00:00.000Z,3629.1748,3651.4556,3607.541,3635.6274,326126
2019-05-29T16:00:00.000Z,3629.8267,3651.5906,3595.219,3603.8967,374346
2019-05-30T16:00:00.000Z,3599.6702,3619.5078,3582.0491,3588.9246,260858
2019-06-02T16:00:00.000Z,3578.4761,3612.9204,3535.1157,3541.2175,434233
2019-06-03T16:00:00.000Z,3551.5034,3578.7141,3521.1123,3571.6052,294114
2019-06-04T16:00:00.000Z,3577.822,3580.7615,3541.3823,3569.4109,272483
2019-06-05T16:00:00.000Z,3562.6694,3571.2041,3499.3679,3557.8894,510473
2019-06-09T16:00:00.000Z,3539.0728,3555.5063,3492.1421,3535.9119,272444
2019-06-10T16:00:00.000Z,3532.0398,3625.2581,3522.4353,3613.8435,440142
2019-06-11T16:00:00.000Z,3617.5591,3639.7141,3577.9302,3582.5168,292424
2019-06-12T16:00:00.000Z,3576.4424,3608.6252,3565.4941,3598.1685,290404
2019-06-13T16:00:00.000Z,3612.6697,3619.4724,3585.085,3589.2307,286844
2019-06-16T16:00:00.000Z,3584.1016,3593.7739,3535.156,3547.9504,261401
2019-06-17T16:00:00.000Z,3541.5947,3566.1909,3523.1226,3564.887,228767
2019-06-18T16:00:00.000Z,3569.3613,3629.5007,3552.4841,3613.3015,402284
2019-06-19T16:00:00.000Z,3598.9338,3677.0547,3595.321,3667.9531,411336
2019-06-20T16:00:00.000Z,3666.782,3722.8159,3636.4211,3722.0156,416450
2019-06-23T16:00:00.000Z,3714.4761,3881.8638,3704.3049,3808.2507,789967
2019-06-24T16:00:00.000Z,3834.8953,3896.8477,3834.176,3877.5515,545860
2019-06-25T16:00:00.000Z,3894.9905,3907.863,3862.1396,3882.1768,409125
2019-06-26T16:00:00.000Z,3891.636,3962.5686,3855.9348,3863.4495,583759
2019-06-27T16:00:00.000Z,3868.4502,3920.3413,3868.0911,3916.4771,368198
2019-06-30T16:00:00.000Z,3926.145,3995.1294,3910.2417,3946.9207,401836
2019-07-01T16:00:00.000Z,3937.8125,3944.7756,3852.2717,3884.5374,429374
2019-07-02T16:00:00.000Z,3874.2346,3923.6045,3832.8894,3873.3638,377594
2019-07-03T16:00:00.000Z,3864.6875,3893.7603,3827.5269,3856.2012,364737
2019-07-04T16:00:00.000Z,3847.2266,3889.4033,3799.0762,3821.0273,344439
2019-07-07T16:00:00.000Z,3815.783,3843.9255,3807.7737,3831.3787,227886
2019-07-08T16:00:00.000Z,3831.4702,3921.082,3828.2783,3867.707,330304
2019-07-09T16:00:00.000Z,3865.4565,3877.9326,3828.4546,3843.7263,231413
2019-07-10T16:00:00.000Z,3832.9502,3856.1909,3805.134,3833.0552,299600
2019-07-11T16:00:00.000Z,3830.0256,3836.5732,3786.0708,3795.6792,239700
2019-07-14T16:00:00.000Z,3788.5159,3852.3975,3758.5574,3851.5525,287187
2019-07-15T16:00:00.000Z,3849.9976,3869.8176,3834.2991,3849.8096,258614
2019-07-16T16:00:00.000Z,3845.0649,3883.0298,3827.7876,3871.3401,270769
2019-07-17T16:00:00.000Z,3863.3577,3875.1389,3809.5806,3810.6809,206415
2019-07-18T16:00:00.000Z,3804.7166,3854.2439,3792.6396,3851.2998,232200
2019-07-21T16:00:00.000Z,3855.7407,3856.5977,3797.4028,3808.552,284932
2019-07-22T16:00:00.000Z,3813.1033,3859.5457,3804.4402,3808.615,257853
2019-07-23T16:00:00.000Z,3795.7913,3800.4294,3743.3965,3774.3079,319859
2019-07-24T16:00:00.000Z,3768.3035,3817.6016,3762.8352,3809.9597,215602
2019-07-25T16:00:00.000Z,3823.1047,3830.4622,3775.2246,3785.4788,248048
2019-07-28T16:00:00.000Z,3781.0068,3793.0483,3739.1885,3740.6831,240809
2019-07-29T16:00:00.000Z,3738.2805,3762.0088,3723.4756,3730.1157,282333
2019-07-30T16:00:00.000Z,3715.7756,3781.9102,3715.7756,3749.1362,282701
2019-07-31T16:00:00.000Z,3738.3059,3762.2505,3723.8123,3723.8362,215535
2019-08-01T16:00:00.000Z,3721.0046,3721.3748,3621.4822,3684.8926,347985
2019-08-04T16:00:00.000Z,3685.7031,3694.9724,3618.1201,3628.7898,275181
2019-08-05T16:00:00.000Z,3626.3743,3640.7676,3594.0107,3596.8826,257390
2019-08-06T16:00:00.000Z,3593.0659,3625.3215,3578.9016,3600.8789,277718
2019-08-07T16:00:00.000Z,3608.5681,3635.6899,3566.3169,3583.6985,225425
2019-08-08T16:00:00.000Z,3586.9431,3599.2029,3499.7908,3544.146,378241
2019-08-11T16:00:00.000Z,3544.4026,3608.2712,3521.9001,3607.8586,379555
2019-08-12T16:00:00.000Z,3600.7759,3622.6042,3572.2456,3583.0925,238958
2019-08-13T16:00:00.000Z,3592.9312,3640.1743,3576.2043,3607.928,223191
2019-08-14T16:00:00.000Z,3614.3186,3639.3845,3605.5378,3630.8542,263316
2019-08-15T16:00:00.000Z,3625.4961,3647.6262,3608.4958,3631.6121,178587
2019-08-18T16:00:00.000Z,3624.1177,3643.2874,3612.9619,3640.3967,212579
2019-08-19T16:00:00.000Z,3647.4265,3654.0146,3591.5369,3600.5322,226289
2019-08-20T16:00:00.000Z,3594.6396,3601.2219,3547.2053,3601.1807,260974
2019-08-21T16:00:00.000Z,3591.2944,3602.7156,3559.4961,3589.8777,218237
2019-08-22T16:00:00.000Z,3588.731,3611.0291,3579.7207,3595.7449,188157
2019-08-25T16:00:00.000Z,3577.3887,3599.0771,3516.1895,3523.9746,264869
2019-08-26T16:00:00.000Z,3500.0901,3511.5059,3423.4421,3425.5066,312976
2019-08-27T16:00:00.000Z,3411.7922,3444.8738,3372.7581,3441.7024,275718
2019-08-28T16:00:00.000Z,3437.1604,3461.4526,3398.2673,3402.2566,200096
2019-08-29T16:00:00.000Z,3417.6411,3461.5503,3414.3826,3459.5801,245873
2019-09-01T16:00:00.000Z,3443.9478,3501.1985,3416.6565,3497.4272,269134
2019-09-02T16:00:00.000Z,3485.416,3502.2339,3463.3027,3486.5083,168209
2019-09-03T16:00:00.000Z,3481.3218,3513.2908,3462.8088,3498.2034,190096
2019-09-04T16:00:00.000Z,3505.4463,3525.1829,3474.4656,3475.4465,286432
2019-09-05T16:00:00.000Z,3474.6409,3478.7139,3424.8455,3425.4365,218939
2019-09-08T16:00:00.000Z,3450.4626,3552.1572,3447.4409,3543.0991,528633
2019-09-09T16:00:00.000Z,3549.7754,3566.5684,3523.0244,3538.5017,272995
2019-09-10T16:00:00.000Z,3532.5464,3547.5713,3514.1875,3528.3828,180700
2019-09-11T16:00:00.000Z,3528.5791,3574.6604,3507.5103,3574.3125,263571
2019-09-15T16:00:00.000Z,3584.2612,3585.1677,3549.1646,3572.6189,179447
2019-09-16T16:00:00.000Z,3574.1326,3574.7734,3526.332,3541.3718,189868
2019-09-17T16:00:00.000Z,3535.2705,3553.647,3516.7498,3517.072,208783
2019-09-18T16:00:00.000Z,3504.564,3508.1125,3420.4883,3433.0754,332265
2019-09-19T16:00:00.000Z,3417.8882,3430.2854,3387.6047,3404.2952,249292
2019-09-22T16:00:00.000Z,3402.1824,3508.8677,3392.9495,3501.1729,317901
2019-09-23T16:00:00.000Z,3508.4678,3533.6011,3482.4089,3489.283,298845
2019-09-24T16:00:00.000Z,3499.4033,3517.7202,3490.8354,3496.4688,199832
2019-09-25T16:00:00.000Z,3498.9487,3511.9207,3435.0847,3444.9983,309127
2019-09-26T16:00:00.000Z,3453.1594,3454.6106,3418.0977,3424.8782,178760
2019-09-29T16:00:00.000Z,3429.8777,3501.5781,3422.7852,3444.6462,270005
2019-10-07T16:00:00.000Z,3424.0066,3438.0269,3391.0815,3396.2573,151115
2019-10-08T16:00:00.000Z,3399.4829,3418.0981,3361.1296,3404.8953,282139
2019-10-09T16:00:00.000Z,3409.761,3412.3684,3359.5203,3377.7007,264955
2019-10-10T16:00:00.000Z,3374.801,3376.2139,3326.0129,3349.3303,304496
2019-10-13T16:00:00.000Z,3351.7449,3378.2754,3324.0217,3326.0945,277566
2019-10-14T16:00:00.000Z,3322.1726,3328.8767,3277.4487,3313.384,292703
2019-10-15T16:00:00.000Z,3311.51,3322.3052,3263.741,3271.7617,263139
2019-10-16T16:00:00.000Z,3268.0608,3287.8652,3249.573,3280.9172,217412
2019-10-17T16:00:00.000Z,3286.5232,3286.5232,3226.259,3267.9656,242144
2019-10-20T16:00:00.000Z,3263.9783,3277.1328,3248.6619,3254.0989,170107
2019-10-21T16:00:00.000Z,3261.3728,3284.8813,3249.2329,3279.6299,183230
2019-10-22T16:00:00.000Z,3285.7212,3306.5242,3266.3921,3281.1685,206546
2019-10-23T16:00:00.000Z,3282.9204,3326.7859,3277.1045,3320.627,304329
2019-10-24T16:00:00.000Z,3319.1733,3330.4202,3288.9045,3325.2153,201760
2019-10-27T16:00:00.000Z,3328.5515,3340.0757,3297.0166,3305.051,185267
2019-10-28T16:00:00.000Z,3303.1614,3327.2424,3291.0107,3323.1826,182418
2019-10-29T16:00:00.000Z,3321.4204,3331.5061,3293.8096,3329.3381,207216
2019-10-30T16:00:00.000Z,3334.3896,3350.4792,3310.3735,3316.1975,250609
2019-10-31T16:00:00.000Z,3311.7195,3322.7751,3288.0554,3322.4436,211127
2019-11-03T16:00:00.000Z,3320.2275,3327.6021,3297.7542,3311.6553,179399
2019-11-04T16:00:00.000Z,3316.9583,3349.8528,3299.3955,3347.4453,235088
2019-11-05T16:00:00.000Z,3354.6216,3370.3501,3346.6914,3353.0256,230622
2019-11-06T16:00:00.000Z,3356.3115,3361.1858,3320.03,3324.5591,173892
2019-11-07T16:00:00.000Z,3324.6179,3328.8225,3310.0908,3319.3638,190932
2019-11-10T16:00:00.000Z,3308.9392,3311.6067,3270.8308,3287.3428,249278
2019-11-11T16:00:00.000Z,3286.1672,3343.5247,3278.2029,3341.3662,264289
2019-11-12T16:00:00.000Z,3338.04,3352.9956,3325.085,3339.7112,141581
2019-11-13T16:00:00.000Z,3347.1375,3434.387,3332.7637,3428.5762,397855
2019-11-14T16:00:00.000Z,3428.165,3453.6929,3422.6904,3441.999,252778
2019-11-17T16:00:00.000Z,3438.5239,3444.9978,3400.9915,3422.5994,278542
2019-11-18T16:00:00.000Z,3420.6069,3453.0608,3410.9053,3447.1582,292985
2019-11-19T16:00:00.000Z,3452.2385,3505.1572,3450.2109,3473.3823,302053
2019-11-20T16:00:00.000Z,3476.8154,3488.177,3432.4517,3443.4124,290531
2019-11-21T16:00:00.000Z,3443.1631,3486.2046,3436.6003,3471.9087,231327
2019-11-24T16:00:00.000Z,3481.8088,3526.3196,3463.9194,3516.5891,304475
2019-11-25T16:00:00.000Z,3484.5508,3493.8469,3447.6887,3466.4824,252854
2019-11-26T16:00:00.000Z,3456.4089,3477.949,3442.4731,3457.165,198552
2019-11-27T16:00:00.000Z,3451.9067,3504.2834,3441.8774,3492.7649,249408
2019-11-28T16:00:00.000Z,3493.5876,3515.5034,3465.6699,3494.3914,245465
2019-12-01T16:00:00.000Z,3486.2446,3547.2756,3462.9417,3536.72,359770
2019-12-02T16:00:00.000Z,3534.9673,3541.0278,3503.1868,3504.0747,176162
2019-12-03T16:00:00.000Z,3491.1313,3538.5576,3484.25,3521.2058,234995
2019-12-04T16:00:00.000Z,3525.4565,3565.2241,3524.3,3531.79,241202
2019-12-05T16:00:00.000Z,3520.3379,3546.3662,3510.6519,3533.2715,196748
2019-12-08T16:00:00.000Z,3536.0581,3618.2834,3522.7349,3597.8511,357859
2019-12-09T16:00:00.000Z,3585.2566,3614.8499,3580.2729,3600.1145,187318
2019-12-10T16:00:00.000Z,3594.241,3646.5662,3593.2932,3638.7644,255485
2019-12-11T16:00:00.000Z,3641.8413,3674.8733,3622.6492,3662.2148,355033
2019-12-12T16:00:00.000Z,3656.3977,3659.1748,3617.4158,3630.7451,277223
2019-12-15T16:00:00.000Z,3619.2131,3655.4895,3586.6421,3594.0427,384003
2019-12-16T16:00:00.000Z,3584.4141,3608.0186,3564.0874,3601.5107,222952
2019-12-17T16:00:00.000Z,3591.3147,3609.7385,3581.9124,3588.4526,212242
2019-12-18T16:00:00.000Z,3586.4543,3618.7852,3570.4133,3590.0522,262296
2019-12-19T16:00:00.000Z,3586.7969,3600.0911,3563.2507,3570.646,232372
2019-12-22T16:00:00.000Z,3567.4734,3627.3484,3566.0339,3607.8767,271391
2019-12-23T16:00:00.000Z,3598.0376,3608.8555,3571.5195,3587.4983,272643
2019-12-24T16:00:00.000Z,3583.6792,3591.8774,3551.125,3551.125,186659
2019-12-25T16:00:00.000Z,3543.7754,3582.0203,3525.8057,3580.4761,230211
2019-12-26T16:00:00.000Z,3565.2881,3588.0537,3560.1418,3575.0437,138839
2019-12-29T16:00:00.000Z,3571.5803,3591.3894,3564.8174,3578.4526,145327
2019-12-30T16:00:00.000Z,3570.2041,3618.7131,3561.3777,3597.5066,273390
2020-01-01T16:00:00.000Z,3609.686,3615.7983,3564.873,3569.7883,161080
2020-01-02T16:00:00.000Z,3568.8923,3584.54,3555.5688,3558.0466,116835
2020-01-05T16:00:00.000Z,3551.3645,3578.6895,3551.3645,3573.3501,124303
2020-01-06T16:00:00.000Z,3574.7041,3589.3787,3569.2476,3579.7063,100861
2020-01-07T16:00:00.000Z,3583.4482,3638.6357,3579.7637,3632.9907,193288
2020-01-08T16:00:00.000Z,3631.2529,3635.2002,3576.0112,3576.0112,177245
2020-01-09T16:00:00.000Z,3578.1716,3599.8196,3575.9539,3588.814,107423
2020-01-12T16:00:00.000Z,3584.71,3585.5623,3548.7844,3551.5728,122048
2020-01-13T16:00:00.000Z,3547.6682,3583.1731,3537.3865,3581.9915,113187
2020-01-14T16:00:00.000Z,3582.5229,3599.8533,3560.7434,3562.115,138327
2020-01-15T16:00:00.000Z,3558.3103,3598.7988,3557.4526,3575.1125,145413
2020-01-16T16:00:00.000Z,3566.8337,3619.2949,3561.2354,3609.6902,149935
2020-01-19T16:00:00.000Z,3616.5232,3630.6228,3599.3499,3610.125,126447
2020-01-20T16:00:00.000Z,3610.2878,3611.6768,3549.8533,3569.3105,169758
2020-01-21T16:00:00.000Z,3559.7258,3559.7258,3493.9888,3542.2883,193978
2020-01-22T16:00:00.000Z,3526.364,3529.51,3481.3643,3494.968,158251
2020-02-02T16:00:00.000Z,3224.1616,3279.9038,3221.5413,3226.4688,223077
2020-02-03T16:00:00.000Z,3213.2966,3322.2673,3212.9307,3295.2117,218276
2020-02-04T16:00:00.000Z,3285.0784,3310.5137,3273.0603,3293.865,145462
2020-02-05T16:00:00.000Z,3295.6118,3307.3586,3273.6738,3298.748,153534
2020-02-06T16:00:00.000Z,3292.8535,3328.1423,3283.5742,3314.2131,109894
2020-02-09T16:00:00.000Z,3293.144,3318.3655,3277.0457,3303.9172,148906
2020-02-10T16:00:00.000Z,3307.3159,3445.1184,3299.7156,3368.1392,328570
2020-02-11T16:00:00.000Z,3380.4551,3398.4087,3360.3374,3388.5908,160813
2020-02-12T16:00:00.000Z,3386.2285,3402.9194,3372.0476,3385.2883,158568
2020-02-13T16:00:00.000Z,3382.9749,3403.5161,3366.074,3399.7136,139418
2020-02-16T16:00:00.000Z,3391.2678,3430.8625,3385.3564,3423.6882,151580
2020-02-17T16:00:00.000Z,3422.9834,3432.1016,3400.5698,3407.8232,170609
2020-02-18T16:00:00.000Z,3408.043,3411.605,3385.1191,3398.9312,124314
2020-02-19T16:00:00.000Z,3405.2864,3459.0164,3401.6689,3441.3665,233631
2020-02-20T16:00:00.000Z,3442.0903,3470.8994,3438.4231,3464.0852,186994
2020-02-23T16:00:00.000Z,3465.0066,3485.5947,3439.4211,3465.3418,224423
2020-02-24T16:00:00.000Z,3429.9648,3481.1174,3426.4644,3472.9832,228660
2020-02-25T16:00:00.000Z,3463.3445,3469.8962,3431.2019,3445.6814,181344
2020-02-26T16:00:00.000Z,3437.3545,3451.2581,3410.7258,3423.1707,177839
2020-02-27T16:00:00.000Z,3390.5896,3393.2981,3339.6555,3358.3606,305943
2020-03-01T16:00:00.000Z,3364.8625,3464.9333,3358.0088,3447.2593,301280
2020-03-02T16:00:00.000Z,3472.4485,3476.5837,3431.5117,3441.5071,186704
2020-03-03T16:00:00.000Z,3440.1113,3475.4878,3427.9656,3472.5974,180183
2020-03-04T16:00:00.000Z,3482.0139,3496.1514,3461.3386,3466.6394,179397
2020-03-05T16:00:00.000Z,3453.8059,3468.8523,3440.7817,3444.7168,140519
2020-03-08T16:00:00.000Z,3384.2539,3448.2131,3384.2539,3446.3145,279355
2020-03-09T16:00:00.000Z,3442.7429,3476.9966,3432.9832,3460.1167,219331
2020-03-10T16:00:00.000Z,3476.1343,3499.6648,3459.5208,3464.4507,204574
2020-03-11T16:00:00.000Z,3464.7241,3475.3896,3431.7227,3474.3308,233484
2020-03-12T16:00:00.000Z,3449.3604,3499.1667,3422.8662,3497.5698,347855
2020-03-15T16:00:00.000Z,3502.2334,3512.5833,3457.1492,3469.04,205916
2020-03-16T16:00:00.000Z,3458.6655,3466.8948,3437.8774,3461.1885,241810
2020-03-17T16:00:00.000Z,3458.6577,3492.4951,3409.7524,3422.3545,342894
2020-03-18T16:00:00.000Z,3412.8386,3419.7891,3237.0168,3388.8662,739702
2020-03-19T16:00:00.000Z,3402.0024,3408.2439,3284.1958,3304.353,488527
2020-03-22T16:00:00.000Z,3239.0591,3250.7832,3145.5415,3182.571,616276
2020-03-23T16:00:00.000Z,3203.6797,3272.1309,3178.4287,3257.8271,534442
2020-03-24T16:00:00.000Z,3294.5808,3295.6006,3231.8933,3252.0315,393426
2020-03-25T16:00:00.000Z,3246.0115,3249.114,3196.2239,3213.6797,435453
2020-03-26T16:00:00.000Z,3211.793,3237.0198,3191.8984,3220.4863,345420
2020-03-29T16:00:00.000Z,3192.1252,3193.4436,3121.6824,3144.6387,559828
2020-03-30T16:00:00.000Z,3147.426,3161.8784,3121.0234,3124.5271,349535
2020-03-31T16:00:00.000Z,3118.3171,3122.1592,3029.8567,3048.0063,639705
2020-04-01T16:00:00.000Z,3009.761,3114.9763,2967.583,3103.77,672258
2020-04-02T16:00:00.000Z,3109.8911,3114.4387,3036.396,3065.9131,447740
2020-04-06T16:00:00.000Z,3082.0696,3102.7449,3058.8162,3085.3542,342905
2020-04-07T16:00:00.000Z,3067.5745,3148.1321,3060.9399,3122.3413,450254
2020-04-08T16:00:00.000Z,3140.1428,3175.9343,3127.3364,3166.2708,444138
2020-04-09T16:00:00.000Z,3163.9026,3220.2175,3151.5476,3219.4802,418252
2020-04-12T16:00:00.000Z,3210.0676,3262.8306,3194.1033,3234.3616,405778
2020-04-13T16:00:00.000Z,3231.9465,3259.0469,3204.0945,3211.4456,331942
2020-04-14T16:00:00.000Z,3213.7573,3240.0852,3190.2712,3205.3882,336632
2020-04-15T16:00:00.000Z,3202.5083,3246.6179,3185.396,3240.6606,385660
2020-04-16T16:00:00.000Z,3263.866,3281.9233,3222.2078,3241.2739,324573
2020-04-19T16:00:00.000Z,3247.4561,3252.7686,3216.5566,3223.1758,222250
2020-04-20T16:00:00.000Z,3203.8352,3215.075,3164.8806,3190.2239,287268
2020-04-21T16:00:00.000Z,3179.0605,3214.8535,3153.7559,3214.0337,286610
2020-04-22T16:00:00.000Z,3221.6914,3222.8801,3165.4592,3175.4006,263287
2020-04-23T16:00:00.000Z,3174.6211,3199.3127,3164.4182,3188.5793,217862
2020-04-26T16:00:00.000Z,3195.595,3197.8704,3163.0002,3172.1855,209150
2020-04-27T16:00:00.000Z,3153.9617,3181.5872,3127.4031,3149.6665,331666
2020-04-28T16:00:00.000Z,3155.1936,3167.8113,3145.9404,3157.3083,175602
2020-04-29T16:00:00.000Z,3179.1096,3219.332,3167.239,3205.708,321029
2020-05-05T16:00:00.000Z,3219.7222,3256.4563,3216.8403,3241.0867,212574
2020-05-06T16:00:00.000Z,3246.072,3298.2129,3234.9182,3297.1501,288217
2020-05-07T16:00:00.000Z,3297.9482,3343.6426,3296.8943,3319.6653,287564
2020-05-10T16:00:00.000Z,3319.8972,3331.8872,3302.5549,3321.186,211375
2020-05-11T16:00:00.000Z,3318.9829,3328.3301,3307.9878,3326.5935,172491
2020-05-12T16:00:00.000Z,3341.8179,3353.0549,3299.5078,3330.3938,263820
2020-05-13T16:00:00.000Z,3328.4019,3356.73,3314.9875,3337.968,278409
2020-05-14T16:00:00.000Z,3339.8616,3374.2927,3326.7112,3358.6982,274633
2020-05-17T16:00:00.000Z,3362.426,3451.3374,3351.8784,3430.5891,382265
2020-05-18T16:00:00.000Z,3426.1948,3480.3486,3425.5317,3458.5535,258269
2020-05-19T16:00:00.000Z,3438.9619,3454.8496,3421.426,3436.2581,220776
2020-05-20T16:00:00.000Z,3436.8027,3466.4031,3431.1851,3458.8391,223784
2020-05-21T16:00:00.000Z,3461.8999,3487.0984,3401.9111,3405.2944,359205
2020-05-24T16:00:00.000Z,3408.5701,3429.7944,3383.7009,3393.9082,272399
2020-05-25T16:00:00.000Z,3392.3816,3417.4895,3383.7554,3394.9153,215356
2020-05-26T16:00:00.000Z,3389.7004,3422.9294,3372.0115,3406.2212,227368
2020-05-27T16:00:00.000Z,3409.2063,3436.9094,3400.1658,3431.3428,320843
2020-05-28T16:00:00.000Z,3436.1211,3526.3062,3432.3662,3523.437,469997
2020-05-31T16:00:00.000Z,3518.0586,3558.4792,3508.8323,3531.3586,535217
2020-06-01T16:00:00.000Z,3526.9438,3578.2175,3521.1248,3557.8357,325020
2020-06-02T16:00:00.000Z,3560.4202,3565.5293,3496.0825,3509.4578,460193
2020-06-03T16:00:00.000Z,3506.0073,3550.9053,3471.2566,3472.252,391138
2020-06-04T16:00:00.000Z,3479.5168,3509.9302,3462.262,3498.3462,259575
2020-06-07T16:00:00.000Z,3502.9932,3554.1057,3484.3281,3524.0769,349113
2020-06-08T16:00:00.000Z,3520.9375,3543.7361,3485.627,3527.1477,298834
2020-06-09T16:00:00.000Z,3519.9329,3540.781,3492.8408,3498.1216,328530
2020-06-10T16:00:00.000Z,3495.4946,3549.7649,3489.8669,3518.3135,401882
2020-06-11T16:00:00.000Z,3509.3184,3563.998,3485.3848,3561.4939,444162
2020-06-14T16:00:00.000Z,3569.7273,3577.6299,3507.3936,3515.1782,413820
2020-06-15T16:00:00.000Z,3515.7544,3547.3979,3515.7544,3544.1704,208884
2020-06-16T16:00:00.000Z,3541.0642,3571.7478,3515.1074,3531.5796,302319
2020-06-17T16:00:00.000Z,3530.4448,3596.2852,3530.4448,3596.1829,631737
2020-06-18T16:00:00.000Z,3601.9844,3650.0574,3599.3342,3637.9451,479293
2020-06-21T16:00:00.000Z,3641.9404,3647.8826,3595.3013,3612.6926,358475
2020-06-22T16:00:00.000Z,3612.9324,3614.895,3584.9609,3584.9609,264212
2020-06-23T16:00:00.000Z,3590.4978,3598.6218,3571.1775,3584.7632,267231
2020-06-28T16:00:00.000Z,3567.0457,3572.1892,3535.8938,3540.1165,351490
2020-06-29T16:00:00.000Z,3545.6494,3581.2944,3544.3892,3555.5488,278801
2020-06-30T16:00:00.000Z,3553.3315,3562.4365,3518.2085,3539.1538,283115
2020-07-01T16:00:00.000Z,3538.5078,3543.2869,3521.3584,3533.6055,200508
2020-07-02T16:00:00.000Z,3540.0154,3577.5156,3533.7427,3569.2856,343538
2020-07-05T16:00:00.000Z,3577.3987,3580.7051,3549.1177,3567.762,262453
2020-07-06T16:00:00.000Z,3571.917,3599.3599,3563.7363,3587.4905,240937
2020-07-07T16:00:00.000Z,3588.416,3649.707,3585.3555,3647.22,361858
2020-07-08T16:00:00.000Z,3652.177,3688.1865,3648.1431,3670.4561,256819
2020-07-09T16:00:00.000Z,3664.0073,3678.2019,3636.5217,3646.3694,260851
2020-07-12T16:00:00.000Z,3656.9702,3725.1938,3655.366,3695.9644,325913
2020-07-13T16:00:00.000Z,3688.0615,3717.4214,3668.354,3706.8672,241578
2020-07-14T16:00:00.000Z,3711.1204,3734.2998,3690.4814,3717.8896,245591
2020-07-15T16:00:00.000Z,3712.8989,3720.7759,3675.4534,3681.5515,321396
2020-07-16T16:00:00.000Z,3683.5547,3707.1707,3668.2236,3699.8911,212091
2020-07-19T16:00:00.000Z,3701.4934,3724.2021,3672.4626,3680.4385,258155
2020-07-20T16:00:00.000Z,3684.552,3733.8108,3681.0261,3729.8188,238473
2020-07-21T16:00:00.000Z,3732.553,3773.6345,3730.4556,3743.6934,275563
2020-07-22T16:00:00.000Z,3733.2961,3780.2976,3730.1064,3777.3936,226784
2020-07-23T16:00:00.000Z,3772.1799,3781.0964,3690.6533,3711.8206,390248
2020-07-26T16:00:00.000Z,3716.8171,3736.5725,3682.186,3688.7891,233270
2020-07-27T16:00:00.000Z,3687.0691,3726.5474,3680.1687,3686.1667,214777
2020-07-28T16:00:00.000Z,3680.7002,3739.8157,3669.5967,3724.427,265247
2020-07-29T16:00:00.000Z,3730.4456,3771.8628,3719.9336,3752.9163,279332
2020-07-30T16:00:00.000Z,3759.24,3786.7009,3704.7983,3778.5349,454386
2020-08-02T16:00:00.000Z,3770.2427,3854.821,3762.4758,3839.3801,449471
2020-08-03T16:00:00.000Z,3839.7527,3855.1738,3829.7244,3848.8379,244760
2020-08-04T16:00:00.000Z,3832.6326,3865.5828,3822.7439,3839.2705,289096
2020-08-05T16:00:00.000Z,3845.0525,3877.8987,3832.9248,3841.0837,344539
2020-08-06T16:00:00.000Z,3835.8621,3861.821,3810.9104,3836.5457,344557
2020-08-09T16:00:00.000Z,3839.3928,3849.9297,3806.3843,3827.7988,259369
2020-08-10T16:00:00.000Z,3833.8132,3865.4917,3800.3223,3807.6514,337258
2020-08-11T16:00:00.000Z,3806.6499,3831.4731,3795.3977,3827.269,270724
2020-08-12T16:00:00.000Z,3836.2122,3867.2058,3811.7896,3840.7593,341983
2020-08-13T16:00:00.000Z,3843.8254,3858.2236,3832.1099,3846.5881,254780
2020-08-16T16:00:00.000Z,3837.9846,3886.3469,3835.6094,3875.1643,304440
2020-08-17T16:00:00.000Z,3880.207,3916.8948,3876.5061,3914.2932,295538
2020-08-18T16:00:00.000Z,3908.561,3927.1304,3897.1499,3901.7031,342701
2020-08-19T16:00:00.000Z,3890.8811,3931.1125,3881.0176,3906.1387,420542
2020-08-20T16:00:00.000Z,3903.7727,3917.5796,3878.7747,3899.4954,308747
2020-08-23T16:00:00.000Z,3893.7178,3903.0881,3864.5337,3870.5703,268066
2020-08-24T16:00:00.000Z,3875.4202,3903.2261,3853.9275,3865.3413,343477
2020-08-25T16:00:00.000Z,3867.4138,3868.7397,3831.2522,3852.3008,328471
2020-08-26T16:00:00.000Z,3857.6289,3886.9016,3854.5403,3867.429,266049
2020-08-27T16:00:00.000Z,3863.8906,3889.7595,3850.0801,3888.0825,262615
2020-08-30T16:00:00.000Z,3885.2393,3944.6816,3872.0986,3935.6196,400653
2020-08-31T16:00:00.000Z,3932.8281,3965.6589,3930.6682,3958.3689,239517
2020-09-01T16:00:00.000Z,3958.7329,3989.0508,3950.1287,3954.5273,380645
2020-09-02T16:00:00.000Z,3954.9836,3968.8953,3946.3135,3953.4692,379821
2020-09-03T16:00:00.000Z,3951.2542,3953.3398,3893.5193,3922.2473,364517
2020-09-06T16:00:00.000Z,3933.2363,3942.7744,3861.9365,3875.4766,423988
2020-09-07T16:00:00.000Z,3878.7053,3905.9478,3853.3386,3855.541,337456
2020-09-08T16:00:00.000Z,3835.469,3848.0313,3764.3706,3770.2915,540426
2020-09-09T16:00:00.000Z,3777.946,3793.2935,3735.0239,3746.3958,346321
2020-09-10T16:00:00.000Z,3751.7637,3790.4033,3740.6445,3786.9419,345163
2020-09-13T16:00:00.000Z,3791.2131,3810.8765,3774.8357,3790.6033,276961
2020-09-14T16:00:00.000Z,3795.2124,3806.8997,3732.1301,3734.0421,298723
2020-09-15T16:00:00.000Z,3731.5786,3743.6963,3680.8298,3692.8125,409363
2020-09-16T16:00:00.000Z,3691.5495,3707.8241,3674.5169,3686.7259,310948
2020-09-17T16:00:00.000Z,3688.4668,3731.4537,3680.4435,3718.9285,274492
2020-09-20T16:00:00.000Z,3716.3271,3716.7921,3649.6227,3659.2599,327402
2020-09-21T16:00:00.000Z,3651.3039,3663.3644,3613.8959,3648.5991,300214
2020-09-22T16:00:00.000Z,3650.8537,3670.3009,3621.8456,3655.9849,300360
2020-09-23T16:00:00.000Z,3657.044,3678.1184,3639.8728,3662.804,275872
2020-09-24T16:00:00.000Z,3662.0767,3673.5002,3640.4951,3649.1393,253870
2020-09-27T16:00:00.000Z,3652.0967,3673.6334,3633.1653,3654.5656,273853
2020-09-28T16:00:00.000Z,3649.8962,3659.2045,3622.1172,3656.3359,276211
2020-09-29T16:00:00.000Z,3654.7005,3686.2919,3645,3670.9222,272120
2020-10-08T16:00:00.000Z,3699.5686,3752.562,3690.3251,3746.6187,222795
2020-10-11T16:00:00.000Z,3745.0704,3773.2493,3745.0704,3766.4777,207940
2020-10-12T16:00:00.000Z,3769.2451,3771.1855,3740.358,3753.7947,192236
2020-10-13T16:00:00.000Z,3754.4875,3762.928,3724.9321,3728.7286,201935
2020-10-14T16:00:00.000Z,3725.0015,3730.1379,3673.0333,3693.8428,307679
2020-10-15T16:00:00.000Z,3688.7416,3707.3904,3672.229,3705.4231,219194
2020-10-18T16:00:00.000Z,3703.1981,3724.2664,3680.4782,3704.174,311350
2020-10-19T16:00:00.000Z,3706.9974,3716.9926,3693.8618,3705.4747,162935
2020-10-20T16:00:00.000Z,3706.871,3751.0815,3701.8244,3746.7346,245376
2020-10-21T16:00:00.000Z,3750.4164,3785.8433,3748.6777,3767.6208,317948
2020-10-22T16:00:00.000Z,3770.4711,3797.4447,3744.4955,3746.3612,326492
2020-10-25T16:00:00.000Z,3749.4921,3768.7683,3733.8524,3753.3767,235715
2020-10-26T16:00:00.000Z,3751.6146,3774.6593,3746.6116,3768.488,183938
2020-10-27T16:00:00.000Z,3773.2802,3808.9569,3762.6504,3808.2968,274724
2020-10-28T16:00:00.000Z,3804.7788,3814.6939,3775.5977,3799.1728,249171
2020-10-29T16:00:00.000Z,3796.8231,3831.2573,3779.8384,3821.8258,264914
2020-11-01T16:00:00.000Z,3825.184,3838.7084,3808.9627,3831.6526,212618
2020-11-02T16:00:00.000Z,3832.4423,3843.7453,3810.8617,3817.7853,165742
2020-11-03T16:00:00.000Z,3815.736,3852.884,3815.736,3840.1957,240877
2020-11-04T16:00:00.000Z,3843.3082,3882.3793,3839.5713,3854.336,254743
2020-11-05T16:00:00.000Z,3856.2334,3882.7377,3852.2307,3870.3119,182107
2020-11-08T16:00:00.000Z,3873.6466,3943.8935,3873.6466,3930.8837,295345
2020-11-09T16:00:00.000Z,3949.0446,3953.2068,3877.0572,3885.6729,264327
2020-11-10T16:00:00.000Z,3887.188,3916.7367,3886.5172,3894.9498,178317
2020-11-11T16:00:00.000Z,3891.9522,3912.5444,3871.6706,3872.1246,248497
2020-11-12T16:00:00.000Z,3871.9428,3914.5245,3868.5079,3912.1656,233018
2020-11-15T16:00:00.000Z,3907.0688,3939.8571,3889.0743,3937.1674,307385
2020-11-16T16:00:00.000Z,3938.5035,3995.6933,3938.4512,3993.0035,330036
2020-11-17T16:00:00.000Z,3992.0217,4003.1396,3972.3541,3984.005,193859
2020-11-18T16:00:00.000Z,3985.6046,4029.3308,3985.6046,4012.7163,280559
2020-11-19T16:00:00.000Z,4007.9918,4024.0587,3993.2385,4019.1562,209582
2020-11-22T16:00:00.000Z,4018.0344,4048.3859,3949.1188,3949.7241,400896
2020-11-23T16:00:00.000Z,3949.0069,3978.5369,3943.1906,3971.8543,222920
2020-11-24T16:00:00.000Z,3973.4962,3985.7084,3950.0126,3967.5946,296514
2020-11-25T16:00:00.000Z,3969.4344,4028.8714,3963.1244,4021.0501,303022
2020-11-26T16:00:00.000Z,4018.8207,4087.4721,4017.8695,4078.9079,354814
2020-11-29T16:00:00.000Z,4077.0663,4114.1386,4071.6685,4098.4594,472917
2020-11-30T16:00:00.000Z,4090.5943,4107.9922,4067.2238,4092.6067,303688
2020-12-01T16:00:00.000Z,4093.4034,4179.2634,4092.4706,4173.9314,414061
2020-12-02T16:00:00.000Z,4170.7448,4173.5537,4120.6949,4144.1085,381305
2020-12-03T16:00:00.000Z,4134.8299,4197.2328,4103.6507,4194.9285,471320
2020-12-06T16:00:00.000Z,4192.9195,4291.1449,4181.6156,4254.5224,690872
2020-12-07T16:00:00.000Z,4246.9286,4297.0302,4240.8286,4246.3853,549676
2020-12-08T16:00:00.000Z,4232.0521,4318.495,4203.5559,4307.2469,668257
2020-12-09T16:00:00.000Z,4305.6866,4412.1219,4305.6866,4382.6545,823187
2020-12-10T16:00:00.000Z,4380.0634,4549.7635,4310.024,4356.0161,1154930
2020-12-13T16:00:00.000Z,4361.1081,4412.8142,4325.0341,4339.472,686680
2020-12-14T16:00:00.000Z,4333.513,4414.6022,4283.7591,4394.8374,624971
2020-12-15T16:00:00.000Z,4401.1531,4438.4289,4379.2349,4429.898,586451
2020-12-16T16:00:00.000Z,4442.1548,4466.8119,4414.6698,4459.0804,527456
2020-12-17T16:00:00.000Z,4459.7376,4617.5528,4458.5439,4616.049,692571
2020-12-20T16:00:00.000Z,4612.9955,4750.5497,4590.0677,4750.5497,610035
2020-12-21T16:00:00.000Z,4807.9367,4943.746,4669.2816,4711.2354,1773422
2020-12-22T16:00:00.000Z,4722.3338,4737.1619,4560.0242,4619.8226,1403031
2020-12-23T16:00:00.000Z,4612.5329,4680.1568,4589.5521,4591.2828,932146
2020-12-24T16:00:00.000Z,4577.8247,4598.6907,4481.9851,4595.3416,1323549
2020-12-27T16:00:00.000Z,4589.9042,4633.7252,4419.4763,4424.5633,1144776
2020-12-28T16:00:00.000Z,4415.4597,4482.5474,4392.4348,4402.4093,1114233
2020-12-29T16:00:00.000Z,4407.4529,4471.0744,4343.6268,4433.3876,1238481
2020-12-30T16:00:00.000Z,4431.8948,4560.5507,4431.8948,4549.0519,967959
2021-01-03T16:00:00.000Z,4509.8161,4525.3581,4420.261,4485.2373,716642
2021-01-04T16:00:00.000Z,4488.591,4526.6726,4460.4042,4489.6395,548421
2021-01-05T16:00:00.000Z,4493.0359,4579.2612,4454.0006,4510.6156,902181
2021-01-06T16:00:00.000Z,4515.8487,4674.3819,4514.0936,4648.5992,931051
2021-01-07T16:00:00.000Z,4640.6912,4689.0759,4603.3717,4639.0646,758131
2021-01-10T16:00:00.000Z,4643.851,4649.8145,4438.5403,4453.2758,1144572
2021-01-11T16:00:00.000Z,4452.1913,4463.0265,4392.6035,4454.8865,761493
2021-01-12T16:00:00.000Z,4452.1121,4459.2267,4395.7261,4430.9016,556698
2021-01-13T16:00:00.000Z,4435.141,4448.2701,4401.8492,4421.576,501007
2021-01-14T16:00:00.000Z,4427.3296,4518.6355,4426.8034,4482.586,718255
2021-01-17T16:00:00.000Z,4481.4752,4530.7799,4450.3971,4493.813,507851
2021-01-18T16:00:00.000Z,4492.4538,4492.4538,4362.2481,4373.5901,715077
2021-01-19T16:00:00.000Z,4374.9843,4422.849,4354.258,4402.7815,560975
2021-01-20T16:00:00.000Z,4399.5093,4452.0087,4334.5087,4420.372,912584
2021-01-21T16:00:00.000Z,4412.9728,4440.6022,4340.8516,4351.4711,600626
2021-01-24T16:00:00.000Z,4340.8235,4431.2582,4282.4555,4413.357,945055
2021-01-25T16:00:00.000Z,4407.9997,4463.4551,4403.8143,4417.1575,705035
2021-01-26T16:00:00.000Z,4423.2619,4521.6079,4413.4582,4509.526,787043
2021-01-27T16:00:00.000Z,4504.5291,4537.0395,4413.1827,4414.7612,884304
2021-01-28T16:00:00.000Z,4408.8832,4441.9674,4349.8925,4378.1093,731109
2021-01-31T16:00:00.000Z,4385.627,4424.4725,4324.786,4326.2918,609991
2021-02-01T16:00:00.000Z,4326.0337,4357.5822,4272.7402,4288.5139,635650
2021-02-02T16:00:00.000Z,4289.9137,4344.5532,4279.0095,4319.2164,556961
2021-02-03T16:00:00.000Z,4327.5135,4383.0312,4319.5113,4367.7724,532820
2021-02-04T16:00:00.000Z,4373.3081,4440.1489,4353.0473,4429.5607,530341
2021-02-07T16:00:00.000Z,4429.9645,4537.6322,4413.1496,4524.817,605124
2021-02-08T16:00:00.000Z,4522.5397,4597.8137,4509.5606,4592.2697,510625
2021-02-09T16:00:00.000Z,4592.9461,4593.2988,4545.3875,4588.5198,371091
2021-02-17T16:00:00.000Z,4648.9998,4723.3524,4648.9998,4687.9972,380459
2021-02-18T16:00:00.000Z,4690.677,4734.9878,4623.9576,4670.0131,524029
2021-02-21T16:00:00.000Z,4671.4825,4879.6849,4647.27,4799.2587,772493
2021-02-22T16:00:00.000Z,4791.5476,4850.5745,4749.9702,4778.8037,551651
2021-02-23T16:00:00.000Z,4773.3196,4813.5339,4730.305,4792.6783,516367
2021-02-24T16:00:00.000Z,4794.6768,4928.0914,4777.3362,4884.4136,794485
2021-02-25T16:00:00.000Z,4870.7971,4902.4088,4815.3557,4864.6265,643247
2021-02-28T16:00:00.000Z,4849.7695,4896.146,4786.8225,4821.2627,752969
2021-03-01T16:00:00.000Z,4821.6345,4889.5686,4797.1794,4883.6225,658365
2021-03-02T16:00:00.000Z,4926.1635,5058.3825,4926.1635,5002.2096,971466
2021-03-03T16:00:00.000Z,5004.82,5029.2315,4969.4141,4993.0868,633537
2021-03-04T16:00:00.000Z,4969.0672,4969.2052,4771.7118,4853.2747,1049427
2021-03-07T16:00:00.000Z,4875.0913,5004.9053,4857.1738,4933.6317,704453
2021-03-08T16:00:00.000Z,4934.5424,4988.0252,4785.6664,4795.1681,922401
2021-03-09T16:00:00.000Z,4829.9923,4829.9923,4748.3282,4786.7532,721259
2021-03-10T16:00:00.000Z,4808.2114,4910.9123,4733.4832,4890.3792,854575
2021-03-11T16:00:00.000Z,4912.2847,5031.5677,4912.2847,4953.579,1003587
2021-03-14T16:00:00.000Z,4957.484,5036.8779,4901.7811,5033.099,979486
2021-03-15T16:00:00.000Z,5026.134,5028.0605,4846.4395,4895.1763,1132119
2021-03-16T16:00:00.000Z,4887.0679,4960.1097,4866.3611,4947.0625,661420
2021-03-17T16:00:00.000Z,4945.0824,4981.984,4920.5099,4961.6557,792980
2021-03-18T16:00:00.000Z,4959.5619,5031.0518,4946.9505,4985.7895,1272430
2021-03-21T16:00:00.000Z,4987.6207,5151.0416,4975.0368,5057.8673,1546156
2021-03-22T16:00:00.000Z,5055.857,5106.9276,5005.4794,5078.4632,1124583
2021-03-23T16:00:00.000Z,5069.0248,5108.9256,5033.7453,5104.4957,1055967
2021-03-24T16:00:00.000Z,5106.8951,5151.5191,5060.4616,5080.0302,1086291
2021-03-25T16:00:00.000Z,5058.1329,5144.9706,5039.7515,5142.4192,1006617
2021-03-28T16:00:00.000Z,5140.6642,5311.2936,5140.6642,5270.6915,1333299
2021-03-29T16:00:00.000Z,5273.0515,5343.4379,5248.6561,5314.6616,1073550
2021-03-30T16:00:00.000Z,5312.2912,5367.4486,5265.7301,5307.714,1529420
2021-03-31T16:00:00.000Z,5296.012,5389.1135,5267.6003,5369.1556,1132544
2021-04-01T16:00:00.000Z,5392.8538,5482.6871,5375.8278,5481.8056,1617613
2021-04-05T16:00:00.000Z,5484.6152,5507.1339,5456.5315,5484.4936,754435
2021-04-06T16:00:00.000Z,5480.546,5572.8089,5420.4757,5451.6023,1735848
2021-04-07T16:00:00.000Z,5432.4065,5471.5412,5364.6804,5417.927,1513083
2021-04-08T16:00:00.000Z,5421.9365,5456.5599,5370.5151,5390.4286,1140551
2021-04-11T16:00:00.000Z,5388.42,5427.9912,5242.0908,5293.9,1588469
2021-04-12T16:00:00.000Z,5292.9821,5430.6898,5292.9821,5423.3505,1073834
2021-04-13T16:00:00.000Z,5433.1607,5466.7648,5400.4866,5427.7581,825067
2021-04-14T16:00:00.000Z,5433.9632,5460.8703,5377.2148,5402.3006,915971
2021-04-15T16:00:00.000Z,5396.4572,5468.407,5364.7556,5422.978,1280853
2021-04-18T16:00:00.000Z,5425.9272,5460.2536,5380.8803,5381.19,962779
2021-04-19T16:00:00.000Z,5382.8095,5436.8691,5370.522,5436.0989,761787
2021-04-20T16:00:00.000Z,5440.8943,5488.1803,5388.4203,5486.6845,847900
2021-04-21T16:00:00.000Z,5496.3278,5576.4908,5479.4569,5550.6609,1228810
2021-04-22T16:00:00.000Z,5556.5793,5594.3384,5535.8208,5588.7523,694237
2021-04-25T16:00:00.000Z,5588.0683,5790.3744,5576.5514,5736.9557,1322126
2021-04-26T16:00:00.000Z,5739.0719,5769.8478,5726.9908,5751.0295,710524
2021-04-27T16:00:00.000Z,5746.9982,5755.4175,5635.2175,5689.5548,958766
2021-04-28T16:00:00.000Z,5650.0274,5795.7879,5641.4902,5782.4569,1132896
2021-04-29T16:00:00.000Z,5783.6833,5793.5232,5659.7347,5685.3381,923412
2021-05-05T16:00:00.000Z,5789.0251,5950.4031,5789.0251,5929.7634,727161
2021-05-06T16:00:00.000Z,5944.0846,6016.89,5932.8062,5992.5555,724849
2021-05-09T16:00:00.000Z,6004.2814,6327.6847,5984.4452,6327.6847,684548
2021-05-10T16:00:00.000Z,6467.8455,6583.3988,6309.9234,6531.982,1876148
2021-05-11T16:00:00.000Z,6540.9624,6718.0644,6469.3702,6675.6677,1409147
2021-05-12T16:00:00.000Z,6587.7172,6685.6579,6293.3303,6430.1141,1892959
2021-05-13T16:00:00.000Z,6407.0283,6416.7474,6127.4072,6127.9382,1434739
2021-05-16T16:00:00.000Z,6141.8844,6169.409,5845.9775,5934.9414,1775940
2021-05-17T16:00:00.000Z,5927.0455,6047.3227,5895.4926,5964.4263,970349
2021-05-18T16:00:00.000Z,5953.3229,5995.3414,5629.8559,5665.8621,1382301
2021-05-19T16:00:00.000Z,5575.93,5636.9981,5335.5978,5544.6662,1697380
2021-05-20T16:00:00.000Z,5544.1511,5620.2681,5432.9535,5479.0548,1073714
2021-05-23T16:00:00.000Z,5482.503,5482.503,5129.8423,5302.2356,1581009
2021-05-24T16:00:00.000Z,5292.095,5351.5172,5221.6299,5267.7447,890050
2021-05-25T16:00:00.000Z,5240.8504,5255.0793,5002.2043,5006.3794,1247052
2021-05-26T16:00:00.000Z,4981.0171,5197.9858,4938.5474,5171.946,1233119
2021-05-27T16:00:00.000Z,5187.9484,5368.8865,5187.0466,5312.8538,1258541
2021-05-30T16:00:00.000Z,5310.0826,5483.0055,5258.2099,5338.0073,1404022
2021-05-31T16:00:00.000Z,5219.8178,5435.7685,5095.2336,5421.6933,1791061
2021-06-01T16:00:00.000Z,5405.6513,5453.8341,5285.8901,5292.4421,1014372
2021-06-02T16:00:00.000Z,5280.3796,5504.247,5274.0197,5472.7227,1080457
2021-06-03T16:00:00.000Z,5469.0467,5565.9204,5371.0659,5417.6493,1212585
2021-06-06T16:00:00.000Z,5451.9649,5490.7266,5234.7728,5235.9663,919283
2021-06-07T16:00:00.000Z,5233.6412,5290.0945,5182.4932,5271.5194,699308
2021-06-08T16:00:00.000Z,5278.4252,5383.424,5245.7072,5348.3401,639506
2021-06-09T16:00:00.000Z,5343.4054,5496.9246,5341.8731,5430.8004,762046
2021-06-10T16:00:00.000Z,5444.7983,5590.2916,5444.7983,5589.3706,676970
2021-06-14T16:00:00.000Z,5507.3818,5507.3818,5348.947,5418.8066,665176
2021-06-15T16:00:00.000Z,5401.3557,5440.9516,5242.7043,5263.4105,631313
2021-06-16T16:00:00.000Z,5246.4302,5369.4336,5208.6231,5353.4388,704288
2021-06-17T16:00:00.000Z,5340.3445,5450.4235,5313.8363,5329.1075,826323
2021-06-20T16:00:00.000Z,5344.5372,5368.5308,5152.437,5155.0163,739563
2021-06-21T16:00:00.000Z,5106.6085,5160.0854,5055.8332,5139.2229,766087
2021-06-22T16:00:00.000Z,5129.4795,5203.9018,5074.2864,5138.0888,741205
2021-06-23T16:00:00.000Z,5139.5603,5234.9707,5108.9857,5145.7889,698133
2021-06-24T16:00:00.000Z,5168.3671,5312.2141,5162.3663,5271.9094,697046
2021-06-27T16:00:00.000Z,5271.8101,5347.185,5220.3651,5309.3436,656331
2021-06-28T16:00:00.000Z,5322.3589,5420.9969,5282.5962,5299.3404,653416
2021-06-29T16:00:00.000Z,5311.6543,5431.9159,5309.7666,5412.6349,608540
2021-06-30T16:00:00.000Z,5421.0372,5476.8855,5390.6459,5412.2499,494320
2021-07-01T16:00:00.000Z,5416.8228,5450.0844,5347.7538,5403.5554,545546
2021-07-04T16:00:00.000Z,5396.5223,5491.6152,5331.1021,5478.4604,575560
2021-07-05T16:00:00.000Z,5481.0906,5592.0893,5481.0906,5590.8251,584591
2021-07-06T16:00:00.000Z,5596.0862,5752.1652,5564.9834,5750.3403,879796
2021-07-07T16:00:00.000Z,5779.4331,5796.9188,5709.2612,5735.0951,910984
2021-07-08T16:00:00.000Z,5727.1466,5811.2886,5638.2424,5775.6023,907505
2021-07-11T16:00:00.000Z,5831.884,5908.8628,5792.9719,5805.9019,801388
2021-07-12T16:00:00.000Z,5791.2257,5861.969,5779.9519,5846.1121,588129
2021-07-13T16:00:00.000Z,5840.5146,5980.8335,5832.4578,5980.326,728196
2021-07-14T16:00:00.000Z,5953.0869,5998.6515,5896.868,5946.7054,653090
2021-07-15T16:00:00.000Z,5936.2095,5986.8743,5813.2751,5935.0175,773092
2021-07-18T16:00:00.000Z,5939.0035,6040.2901,5906.0543,5910.1355,728087
2021-07-19T16:00:00.000Z,5875.0398,5972.5379,5802.4075,5949.4944,789913
2021-07-20T16:00:00.000Z,5948.2239,6002.9922,5886.8083,5903.973,539337
2021-07-21T16:00:00.000Z,5891.9882,5956.7601,5793.4615,5937.7105,929151
2021-07-22T16:00:00.000Z,5940.0767,5992.0114,5932.4793,5959.2306,515293
2021-07-25T16:00:00.000Z,5959.8071,6053.3681,5890.2537,5974.3834,765492
2021-07-26T16:00:00.000Z,5978.0482,6031.7204,5856.623,5885.2367,645373
2021-07-27T16:00:00.000Z,5879.3568,5966.5728,5849.7851,5862.7791,673214
2021-07-28T16:00:00.000Z,5876.5197,6085.8096,5854.9374,6081.9174,877038
2021-07-29T16:00:00.000Z,6088.554,6162.3716,6033.232,6153.0124,1039808
2021-08-01T16:00:00.000Z,6051.3686,6053.6874,5715.1527,5762.8923,1671817
2021-08-02T16:00:00.000Z,5769.8464,5788.0523,5583.4871,5586.964,997804
2021-08-03T16:00:00.000Z,5573.7058,5840.6818,5554.7756,5837.0965,963133
2021-08-04T16:00:00.000Z,5818.8096,5886.3142,5717.427,5719.9152,903287
2021-08-05T16:00:00.000Z,5714.6786,5823.3184,5671.1549,5752.5031,666603
2021-08-08T16:00:00.000Z,5751.1228,5772.6595,5626.5598,5713.2874,783456
2021-08-09T16:00:00.000Z,5758.7642,5847.6139,5714.8293,5840.2378,939803
2021-08-10T16:00:00.000Z,5827.0933,5929.1418,5826.4504,5888.0909,642147
2021-08-11T16:00:00.000Z,5863.536,5894.6835,5751.419,5754.1875,738655
2021-08-12T16:00:00.000Z,5738.4924,5766.1242,5684.1166,5743.0046,714925
2021-08-15T16:00:00.000Z,5752.1213,5795.6818,5638.8261,5668.8057,832343
2021-08-16T16:00:00.000Z,5662.5925,5729.328,5650.8472,5697.9442,559058
2021-08-17T16:00:00.000Z,5692.0891,5707.7049,5498.3434,5522.845,1025492
2021-08-18T16:00:00.000Z,5481.093,5519.928,5359.0545,5435.2056,1094404
2021-08-19T16:00:00.000Z,5390.5182,5520.9673,5313.8116,5495.0701,772943
2021-08-22T16:00:00.000Z,5485.906,5574.7108,5460.635,5507.2353,734333
2021-08-23T16:00:00.000Z,5529.3458,5639.6457,5518.1692,5631.2257,722826
2021-08-24T16:00:00.000Z,5632.7535,5650.0753,5579.1152,5593.9103,532179
2021-08-25T16:00:00.000Z,5590.7593,5616.1737,5439.6488,5441.1327,830462
2021-08-26T16:00:00.000Z,5417.1483,5565.4562,5379.4806,5525.4751,785875
2021-08-29T16:00:00.000Z,5542.4144,5670.3815,5497.4201,5654.4276,725791
2021-08-30T16:00:00.000Z,5661.0982,5682.0746,5576.1401,5584.2747,605160
2021-08-31T16:00:00.000Z,5566.2661,5601.5791,5479.6367,5516.4487,729940
2021-09-01T16:00:00.000Z,5524.4804,5628.1293,5500.9844,5584.1998,854546
2021-09-02T16:00:00.000Z,5583.9401,5814.1814,5556.9607,5779.0328,1136461
2021-09-05T16:00:00.000Z,5787.797,5837.5203,5730.9012,5813.3536,837529
2021-09-06T16:00:00.000Z,5815.5845,5876.9181,5767.1397,5813.5681,603777
2021-09-07T16:00:00.000Z,5790.0758,5800.8295,5670.6721,5768.9599,834612
2021-09-08T16:00:00.000Z,5780.2086,5924.9164,5731.6745,5879.8664,861226
2021-09-09T16:00:00.000Z,5894.1683,5953.6331,5823.5234,5847.1454,723290
2021-09-12T16:00:00.000Z,5855.991,5939.4065,5763.6009,5794.2723,750160
2021-09-13T16:00:00.000Z,5799.1469,5823.3177,5675.3354,5677.4572,835784
2021-09-14T16:00:00.000Z,5675.2114,5747.2115,5622.1047,5679.5202,796781
2021-09-15T16:00:00.000Z,5695.5267,5820.1396,5688.2787,5722.6015,807231
2021-09-16T16:00:00.000Z,5725.0985,5760.7722,5616.5711,5651.5125,783226
2021-09-21T16:00:00.000Z,5632.8148,5719.4324,5560.5574,5716.1379,680325
2021-09-22T16:00:00.000Z,5717.4945,5751.331,5558.3123,5583.846,951546
2021-09-23T16:00:00.000Z,5569.5275,5610.1666,5482.4981,5492.9049,981275
2021-09-26T16:00:00.000Z,5482.3596,5644.1721,5404.5664,5564.3738,1002745
2021-09-27T16:00:00.000Z,5564.9997,5645.3813,5543.59,5638.6024,636491
2021-09-28T16:00:00.000Z,5646.1418,5713.4377,5584.2299,5661.9293,667566
2021-09-29T16:00:00.000Z,5661.1558,5719.1314,5628.7971,5681.4949,627446
2021-10-07T16:00:00.000Z,5756.0272,5851.6001,5704.139,5773.1333,486792
2021-10-10T16:00:00.000Z,5782.6096,5849.0538,5734.3722,5793.8537,746791
2021-10-11T16:00:00.000Z,5794.341,5794.341,5588.6594,5592.8254,910247
2021-10-12T16:00:00.000Z,5584.8489,5766.0763,5457.5279,5588.4417,1194675
2021-10-13T16:00:00.000Z,5586.6521,5692.4856,5526.7035,5631.9086,765062
2021-10-14T16:00:00.000Z,5636.8254,5725.7798,5585.4973,5700.0125,628534
2021-10-17T16:00:00.000Z,5703.6068,5717.1329,5542.2436,5637.8164,1013496
2021-10-18T16:00:00.000Z,5622.5236,5732.8756,5575.4553,5694.0724,819101
2021-10-19T16:00:00.000Z,5681.0177,5697.581,5509.4244,5509.4244,1091208
2021-10-20T16:00:00.000Z,5493.8002,5599.8784,5162.7322,5220.293,1316656
2021-10-21T16:00:00.000Z,5228.2618,5312.4314,5106.029,5249.3007,1486652
2021-10-24T16:00:00.000Z,5246.1368,5323.0673,5118.0101,5124.9424,1157956
2021-10-25T16:00:00.000Z,5119.5997,5213.1338,5086.8678,5169.7441,1036860
2021-10-26T16:00:00.000Z,5187.587,5246.8285,4949.5107,4966.5747,1294008
2021-10-27T16:00:00.000Z,4947.706,5147.934,4726.6679,4990.382,1666964
2021-10-28T16:00:00.000Z,4998.9817,5061.3345,4847.1496,4925.4777,1204544
2021-10-31T16:00:00.000Z,4898.8708,4946.9394,4728.1052,4744.467,1044445
2021-11-01T16:00:00.000Z,4742.6925,4796.4013,4457.5545,4524.1318,1359050
2021-11-02T16:00:00.000Z,4566.6188,4753.3374,4549.097,4715.8275,1181422
2021-11-03T16:00:00.000Z,4718.2787,4727.2384,4473.3045,4539.1774,1061197
2021-11-04T16:00:00.000Z,4566.705,4567.5854,4403.3766,4498.2603,1064643
2021-11-07T16:00:00.000Z,4510.3296,4613.0542,4401.9262,4492.6123,1165619
2021-11-08T16:00:00.000Z,4480.1799,4527.6843,4377.3415,4408.1898,1021747
2021-11-09T16:00:00.000Z,4365.8998,4365.8998,4137.6263,4344.2066,1579062
2021-11-10T16:00:00.000Z,4353.71,4574.3996,4311.7798,4573.0524,1503256
2021-11-11T16:00:00.000Z,4570.6539,4590.3472,4423.4249,4430.8842,1445176
2021-11-14T16:00:00.000Z,4368.588,4430.1436,4295.4056,4328.0395,1362500
2021-11-15T16:00:00.000Z,4317.6722,4411.5049,4270.2572,4270.6643,1062504
2021-11-16T16:00:00.000Z,4272.3886,4329.7996,4238.6295,4306.7604,1099690
2021-11-17T16:00:00.000Z,4308.7496,4326.533,4158.7208,4164.8219,1218689
2021-11-18T16:00:00.000Z,4156.3246,4371.3634,4115.9064,4331.6723,1602365
2021-11-21T16:00:00.000Z,4262.6885,4415.1644,4230.5267,4264.8623,1512995
2021-11-22T16:00:00.000Z,4264.6176,4423.4123,4236.3134,4297.7852,1526617
2021-11-23T16:00:00.000Z,4324.0687,4501.9977,4304.2196,4487.6741,1321905
2021-11-24T16:00:00.000Z,4482.7902,4548.467,4449.536,4506.9977,1094525
2021-11-25T16:00:00.000Z,4496.7762,4504.1804,4408.9074,4412.5011,1138430
2021-11-28T16:00:00.000Z,4369.4706,4477.7521,4361.6255,4415.4692,1004393
2021-11-29T16:00:00.000Z,4416.0406,4473.973,4367.0189,4440.2432,1002765
2021-11-30T16:00:00.000Z,4429.9133,4593.3916,4426.636,4576.8469,1115472
2021-12-01T16:00:00.000Z,4576.7319,4629.0254,4513.5105,4569.1046,911709
2021-12-02T16:00:00.000Z,4558.0977,4645.6901,4555.4218,4642.3972,974363
2021-12-05T16:00:00.000Z,4661.8695,4673.2113,4572.0319,4592.448,698317
2021-12-06T16:00:00.000Z,4596.1334,4701.483,4596.1334,4665.8817,705681
2021-12-07T16:00:00.000Z,4663.277,4680.418,4562.0613,4564.5405,739563
2021-12-08T16:00:00.000Z,4551.1908,4586.8937,4449.6138,4482.0541,831840
2021-12-09T16:00:00.000Z,4465.4232,4506.1112,4421.8624,4471.2756,724317
2021-12-12T16:00:00.000Z,4471.2492,4559.2311,4436.4982,4554.876,763748
2021-12-13T16:00:00.000Z,4547.8028,4596.3244,4520.3868,4566.8818,566198
2021-12-14T16:00:00.000Z,4569.8004,4657.5225,4560.5716,4622.2401,668069
2021-12-15T16:00:00.000Z,4619.8587,4728.8356,4615.6732,4723.8745,634664
2021-12-16T16:00:00.000Z,4719.4726,4745.5099,4666.5791,4686.1846,541667
2021-12-19T16:00:00.000Z,4686.3102,4779.8137,4616.1755,4629.8518,768691
2021-12-20T16:00:00.000Z,4622.9862,4674.2117,4576.7894,4603.3988,748685
2021-12-21T16:00:00.000Z,4603.7942,4634.4107,4538.0093,4562.4697,576590
2021-12-22T16:00:00.000Z,4556.2101,4590.3636,4515.0794,4585.0419,563223
2021-12-23T16:00:00.000Z,4582.137,4653.6256,4579.9001,4612.2712,543628
2021-12-26T16:00:00.000Z,4604.7123,4615.746,4396.1105,4414.9196,850708
2021-12-27T16:00:00.000Z,4419.8147,4470.8601,4401.1862,4438.2188,588263
2021-12-28T16:00:00.000Z,4430.2222,4473.423,4399.6301,4448.5234,599164
2021-12-29T16:00:00.000Z,4450.003,4502.691,4383.7196,4404.2637,693499
2021-12-30T16:00:00.000Z,4409.6985,4437.3996,4377.674,4403.2431,564618
2022-01-03T16:00:00.000Z,4396.0807,4486.2713,4393.0551,4485.2116,418835
2022-01-04T16:00:00.000Z,4490.0297,4562.4536,4472.0782,4555.4815,513003
2022-01-05T16:00:00.000Z,4556.421,4631.0089,4543.7239,4622.9095,489516
2022-01-06T16:00:00.000Z,4631.9087,4666.4186,4593.4925,4660.148,474930
2022-01-09T16:00:00.000Z,4656.195,4665.3916,4595.2503,4615.1849,406432
2022-01-10T16:00:00.000Z,4622.0519,4707.6102,4607.4217,4699.8521,480316
2022-01-11T16:00:00.000Z,4696.7311,4734.9783,4681.0338,4731.8895,363762
2022-01-12T16:00:00.000Z,4739.9463,4808.8678,4715.9612,4722.9162,595911
2022-01-13T16:00:00.000Z,4718.1835,4785.0201,4698.2647,4757.7403,400403
2022-01-16T16:00:00.000Z,4753.6224,4775.0664,4621.0227,4654.1278,521356
2022-01-17T16:00:00.000Z,4650.3899,4713.7282,4636.1129,4696.8347,351342
2022-01-18T16:00:00.000Z,4727.8146,4844.5436,4727.2811,4802.3302,580635
2022-01-19T16:00:00.000Z,4808.0651,4831.8295,4771.71,4803.3736,361562
2022-01-20T16:00:00.000Z,4810.7036,4843.9574,4773.1629,4808.46,411611
2022-01-23T16:00:00.000Z,4798.7958,4870.5052,4753.9217,4762.3909,505646
2022-01-24T16:00:00.000Z,4765.6408,4831.8415,4735.7165,4830.1031,380749
2022-01-25T16:00:00.000Z,4830.2156,4845.4155,4740.2515,4791.0089,428728
2022-01-26T16:00:00.000Z,4790.4767,4855.8786,4751.7435,4781.5733,502104
2022-01-27T16:00:00.000Z,4793.9677,4925.6571,4785.942,4925.6571,463494
2022-02-06T16:00:00.000Z,4968.0042,4975.8807,4903.7093,4962.4943,292424
2022-02-07T16:00:00.000Z,4959.7019,5079.5416,4958.8623,5041.7399,497220
2022-02-08T16:00:00.000Z,5030.9641,5070.5704,4941.9767,4962.8989,522734
2022-02-09T16:00:00.000Z,4961.3507,5068.0451,4947.2661,5050.3021,459304
2022-02-10T16:00:00.000Z,5087.0142,5135.5002,5015.1477,5016.9114,484944
2022-02-13T16:00:00.000Z,5007.0128,5007.0128,4891.9948,4908.1417,618013
2022-02-14T16:00:00.000Z,4898.9465,4913.8838,4770.5536,4821.341,664234
2022-02-15T16:00:00.000Z,4830.3956,4921.8791,4822.9933,4914.225,475289
2022-02-16T16:00:00.000Z,4908.1925,4917.681,4790.8351,4796.6204,573967
2022-02-17T16:00:00.000Z,4779.0356,4893.7648,4765.9137,4876.4971,463978
2022-02-20T16:00:00.000Z,4880.7906,4929.8678,4847.7525,4929.1187,462028
2022-02-21T16:00:00.000Z,4921.423,4964.3648,4820.4067,4823.4173,500460
2022-02-22T16:00:00.000Z,4830.2981,4912.2581,4824.3347,4888.5848,422440
2022-02-23T16:00:00.000Z,4887.7102,4904.5153,4758.7513,4775.6093,619052
2022-02-24T16:00:00.000Z,4778.227,4810.8222,4696.1182,4767.6612,689679
2022-02-27T16:00:00.000Z,4767.8818,4918.3456,4754.4912,4917.7891,642873
2022-02-28T16:00:00.000Z,4921.2768,5052.942,4916.5606,5042.4052,879341
2022-03-01T16:00:00.000Z,5058.5609,5119.4457,5036.5392,5098.0624,753019
2022-03-02T16:00:00.000Z,5106.4631,5225.7433,5095.1848,5205.148,1017164
2022-03-03T16:00:00.000Z,5216.6239,5284.7304,5108.4072,5169.251,1127547
2022-03-06T16:00:00.000Z,5168.5205,5358.3783,5157.2244,5339.3723,928966
2022-03-07T16:00:00.000Z,5330.0588,5331.8699,5050.8892,5180.6145,1168560
2022-03-08T16:00:00.000Z,5121.8627,5166.8186,5064.3264,5079.9231,729809
2022-03-09T16:00:00.000Z,5033.7464,5100.8417,4981.9437,5058.1054,828822
2022-03-10T16:00:00.000Z,5068.2731,5131.408,5033.0668,5090.1159,587155
2022-03-13T16:00:00.000Z,5058.1435,5098.5359,4913.8184,4915.1376,826779
2022-03-14T16:00:00.000Z,4907.9501,4976.389,4864.3432,4898.2047,716143
2022-03-15T16:00:00.000Z,4883.0617,5033.9779,4865.4194,5033.9779,562600
2022-03-16T16:00:00.000Z,5047.2837,5061.0293,4989.6304,5012.4004,462872
2022-03-17T16:00:00.000Z,5014.5323,5090.0692,5010.0741,5084.1223,417473
2022-03-20T16:00:00.000Z,5067.6147,5141.0312,5046.3429,5085.629,572040
2022-03-21T16:00:00.000Z,5080.6566,5139.5396,5074.2152,5108.7874,478960
2022-03-22T16:00:00.000Z,5108.6308,5140.2706,5051.6451,5139.7096,517452
2022-03-23T16:00:00.000Z,5142.4549,5175.8019,5109.5018,5127.0584,465252
2022-03-24T16:00:00.000Z,5127.7334,5243.9318,5126.743,5229.5781,533649
2022-03-27T16:00:00.000Z,5223.7207,5298.0209,5210.0407,5268.2807,665484
2022-03-28T16:00:00.000Z,5258.1611,5278.0252,5219.9356,5220.0576,502795
2022-03-29T16:00:00.000Z,5166.5939,5240.334,5129.4511,5230.6459,600423
2022-03-30T16:00:00.000Z,5245.0867,5291.2428,5176.5943,5222.4862,742900
2022-03-31T16:00:00.000Z,5220.5285,5328.4641,5205.9381,5318.1017,665303
2022-04-05T16:00:00.000Z,5339.9086,5339.9086,5236.8129,5271.9179,449382
2022-04-06T16:00:00.000Z,5274.7801,5294.2092,5190.8168,5234.6718,637568
2022-04-07T16:00:00.000Z,5217.5491,5268.3006,5141.4248,5200.7635,585869
2022-04-10T16:00:00.000Z,5202.4188,5219.7372,5037.3924,5052.4918,674281
2022-04-11T16:00:00.000Z,5046.2385,5181.0705,5038.9413,5181.0705,594082
2022-04-12T16:00:00.000Z,5172.167,5179.1813,5090.1317,5093.4741,512410
2022-04-13T16:00:00.000Z,5113.5595,5190.7606,5110.6942,5161.7979,523776
2022-04-14T16:00:00.000Z,5163.8089,5222.742,5153.6959,5198.233,467226
2022-04-17T16:00:00.000Z,5182.1133,5205.9904,5118.5842,5186.6046,555865
2022-04-18T16:00:00.000Z,5198.319,5243.7921,5146.8405,5163.2705,667758
2022-04-19T16:00:00.000Z,5162.474,5259.005,5160.3846,5222.7952,544037
2022-04-20T16:00:00.000Z,5231.7004,5231.7004,5131.7672,5152.3088,602708
2022-04-21T16:00:00.000Z,5158.7917,5174.9296,5070.4748,5076.1887,562049
2022-04-24T16:00:00.000Z,5069.2256,5089.8862,4876.5596,4891.9157,897409
2022-04-25T16:00:00.000Z,4891.7544,4947.7945,4854.4905,4905.6688,576106
2022-04-26T16:00:00.000Z,4921.8697,4979.7777,4909.3328,4945.2094,609327
2022-04-27T16:00:00.000Z,4940.2256,4951.2542,4875.9372,4944.1795,629036
2022-04-28T16:00:00.000Z,4948.6776,5001.8416,4904.525,4988.6345,537182
2022-05-04T16:00:00.000Z,5000.1533,5037.5635,4958.102,5005.3011,421802
2022-05-05T16:00:00.000Z,5003.3321,5013.9034,4817.3368,4821.3161,672044
2022-05-08T16:00:00.000Z,4821.7239,4837.4539,4720.2111,4741.4291,704892
2022-05-09T16:00:00.000Z,4719.9942,4734.7156,4625.2922,4689.8867,715978
2022-05-10T16:00:00.000Z,4710.23,4803.7754,4699.3361,4767.8966,579019
2022-05-11T16:00:00.000Z,4748.631,4816.8295,4685.563,4721.6159,685200
2022-05-12T16:00:00.000Z,4693.2164,4775.7773,4662.9889,4758.9606,575287
2022-05-15T16:00:00.000Z,4754.6077,4789.9805,4695.0725,4764.0963,602363
2022-05-16T16:00:00.000Z,4768.8773,4794.692,4737.3602,4760.3306,427728
2022-05-17T16:00:00.000Z,4764.6666,4767.2375,4665.8874,4666.7653,544061
2022-05-18T16:00:00.000Z,4660.4028,4711.8066,4605.6408,4703.9588,553161
2022-05-19T16:00:00.000Z,4699.1569,4767.6613,4684.0542,4759.101,458756
2022-05-22T16:00:00.000Z,4764.3792,4827.6029,4679.7413,4721.0234,650546
2022-05-23T16:00:00.000Z,4736.181,4736.181,4594.6117,4600.7124,548696
2022-05-24T16:00:00.000Z,4605.2306,4669.3297,4586.0447,4661.8357,594025
2022-05-25T16:00:00.000Z,4645.8962,4645.8962,4570.6499,4621.5126,777981
2022-05-26T16:00:00.000Z,4632.6395,4702.6787,4619.3649,4687.2954,580219
2022-05-29T16:00:00.000Z,4687.3555,4744.5196,4687.3555,4721.5281,557655
2022-05-30T16:00:00.000Z,4722.7761,4783.0797,4703.7939,4776.5001,506845
2022-05-31T16:00:00.000Z,4780.769,4814.3722,4747.2535,4803.0268,450900
2022-06-01T16:00:00.000Z,4802.7197,4872.1692,4782.5296,4863.8451,490306
2022-06-05T16:00:00.000Z,4842.2365,4871.541,4818.1208,4832.1017,316628
2022-06-06T16:00:00.000Z,4834.9918,4855.6695,4792.25,4797.4671,401706
2022-06-07T16:00:00.000Z,4784.1276,4866.8207,4772.6586,4855.2694,535236
2022-06-08T16:00:00.000Z,4857.2681,4885.5465,4819.5557,4860.1379,444353
2022-06-09T16:00:00.000Z,4835.6144,4898.7104,4814.7479,4867.5278,618760
2022-06-12T16:00:00.000Z,4857.1984,4863.7038,4741.3568,4768.6511,611864
2022-06-13T16:00:00.000Z,4762.8192,4797.8213,4677.4111,4690.1645,580290
2022-06-14T16:00:00.000Z,4690.313,4709.8378,4640.1711,4644.736,556491
2022-06-15T16:00:00.000Z,4645.903,4695.9881,4595.157,4599.6389,515878
2022-06-16T16:00:00.000Z,4594.4972,4594.4972,4443.3386,4444.5688,767455
2022-06-19T16:00:00.000Z,4440.1745,4442.4704,4153.7219,4212.6063,1098290
2022-06-20T16:00:00.000Z,4198.3979,4318.8484,4173.1962,4282.9918,802865
2022-06-21T16:00:00.000Z,4294.8584,4326.1691,4161.409,4188.7905,722614
2022-06-22T16:00:00.000Z,4197.9727,4299.8623,4183.8082,4277.1002,695377
2022-06-23T16:00:00.000Z,4308.6243,4313.5752,4244.1277,4245.7791,574106
2022-06-26T16:00:00.000Z,4252.056,4351.5306,4218.0438,4329.5229,645277
2022-06-27T16:00:00.000Z,4331.2958,4389.6165,4304.8436,4388.5762,498249
2022-06-28T16:00:00.000Z,4393.501,4433.0029,4366.6199,4373.5007,601664
2022-06-29T16:00:00.000Z,4388.9671,4422.882,4357.2055,4401.9832,599434
2022-06-30T16:00:00.000Z,4385.8073,4392.1739,4295.5645,4302.8657,658850
2022-07-03T16:00:00.000Z,4299.6229,4329.7171,4165.654,4178.6009,701517
2022-07-04T16:00:00.000Z,4171.8822,4268.3254,4123.2157,4252.5729,754219
2022-07-05T16:00:00.000Z,4214.0265,4230.8057,4143.082,4227.2015,836552
2022-07-06T16:00:00.000Z,4231.483,4246.7641,4182.0858,4195.0498,695771
2022-07-07T16:00:00.000Z,4215.978,4268.7387,4158.6666,4196.2512,611467
2022-07-10T16:00:00.000Z,4199.1348,4237.9065,3981.0344,4039.2938,1022633
2022-07-11T16:00:00.000Z,4047.7219,4061.9914,3904.3588,3910.4994,765382
2022-07-12T16:00:00.000Z,3896.1725,3936.5836,3855.3191,3907.206,733028
2022-07-13T16:00:00.000Z,3875.7493,3906.0697,3783.9381,3786.0408,985624
2022-07-14T16:00:00.000Z,3743.1021,3743.1021,3557.8119,3567.5788,1179108
2022-07-17T16:00:00.000Z,3580.0873,3778.1086,3580.0873,3771.3406,1013014
2022-07-18T16:00:00.000Z,3779.7281,3846.6839,3719.2367,3745.5079,807338
2022-07-19T16:00:00.000Z,3725.2418,3840.0695,3693.9029,3806.7082,772680
2022-07-20T16:00:00.000Z,3805.587,3817.3084,3749.5348,3794.7105,666928
2022-07-21T16:00:00.000Z,3761.9058,3816.5834,3740.0782,3804.2234,518021
2022-07-24T16:00:00.000Z,3806.6492,3862.3992,3806.6492,3834.7579,567841
2022-07-25T16:00:00.000Z,3836.5639,3874.1045,3786.8761,3854.628,612339
2022-07-26T16:00:00.000Z,3856.3984,3877.7285,3787.9763,3856.1488,664527
2022-07-27T16:00:00.000Z,3855.1262,4012.9161,3828.6694,3994.7363,768080
2022-07-28T16:00:00.000Z,3981.0294,4003.3805,3932.0933,3947.3347,570681
2022-07-31T16:00:00.000Z,3965.4134,4067.5819,3956.7231,4015.8399,782726
2022-08-01T16:00:00.000Z,4001.4589,4028.8333,3946.6725,4021.721,607652
2022-08-02T16:00:00.000Z,4015.9311,4062.1134,3960.519,3992.5099,605036
2022-08-03T16:00:00.000Z,4009.4752,4014.0266,3917.4684,3921.2612,599993
2022-08-04T16:00:00.000Z,3911.7629,4011.4812,3898.5813,3971.0961,538526
2022-08-07T16:00:00.000Z,3966.0471,4082.0606,3952.5864,4066.3224,609450
2022-08-08T16:00:00.000Z,4063.5953,4082.166,4005.9719,4016.4129,524410
2022-08-09T16:00:00.000Z,4016.9417,4033.9498,3972.4334,3991.016,473050
2022-08-10T16:00:00.000Z,4013.4379,4046.5576,3962.5338,4021.2159,578089
2022-08-11T16:00:00.000Z,4028.477,4067.7647,4014.9796,4048.5322,441009
2022-08-14T16:00:00.000Z,4028.4218,4092.6207,3974.2814,3993.2229,773133
2022-08-15T16:00:00.000Z,3962.3483,4037.8798,3951.2707,4008.157,452433
2022-08-16T16:00:00.000Z,4016.1036,4027.0491,3863.2709,3864.0118,729918
2022-08-17T16:00:00.000Z,3872.36,3908.3953,3822.6145,3865.2248,707849
2022-08-18T16:00:00.000Z,3869.1443,3881.2188,3771.7168,3776.732,672643
2022-08-21T16:00:00.000Z,3789.6996,3867.9974,3769.6478,3851.3323,543141
2022-08-22T16:00:00.000Z,3846.716,3914.4751,3829.2982,3899.6623,470658
2022-08-23T16:00:00.000Z,3902.792,3944.3451,3894.6677,3943.8257,536680
2022-08-24T16:00:00.000Z,3948.605,3986.4117,3932.7697,3932.8004,645330
2022-08-25T16:00:00.000Z,3919.8592,3998.9955,3917.4343,3985.8356,555583
2022-08-28T16:00:00.000Z,4024.6817,4035.4495,3858.8453,3887.6655,834798
2022-08-29T16:00:00.000Z,3878.3834,3882.1545,3791.2375,3796.2829,740870
2022-08-30T16:00:00.000Z,3793.6547,3838.8568,3793.6547,3829.1494,593565
2022-08-31T16:00:00.000Z,3840.2414,3872.3283,3774.0661,3786.5808,711421
2022-09-01T16:00:00.000Z,3769.2792,3771.1024,3694.3308,3751.8416,744891
2022-09-04T16:00:00.000Z,3758.3682,3795.1882,3722.7396,3782.0106,593598
2022-09-05T16:00:00.000Z,3781.5072,3814.5591,3763.3777,3802.3459,458058
2022-09-06T16:00:00.000Z,3808.3496,3833.5014,3769.7199,3793.3864,574020
2022-09-07T16:00:00.000Z,3795.7431,3843.6555,3790.777,3825.8789,553538
2022-09-08T16:00:00.000Z,3837.9738,3862.5249,3808.8449,3856.5449,545298
2022-09-12T16:00:00.000Z,3863.6352,3893.0053,3851.5089,3880.4308,329209
2022-09-13T16:00:00.000Z,3863.8449,3864.7908,3779.6836,3817.9044,536075
2022-09-14T16:00:00.000Z,3822.8649,3864.5268,3771.1165,3795.6213,634184
2022-09-15T16:00:00.000Z,3781.7576,3813.6508,3746.4823,3770.7692,527882
2022-09-18T16:00:00.000Z,3766.4041,3819.6018,3757.3477,3760.8159,489709
2022-09-19T16:00:00.000Z,3759.7381,3775.8947,3714.3159,3716.6114,516451
2022-09-20T16:00:00.000Z,3727.3499,3735.2616,3682.7356,3716.8657,567737
2022-09-21T16:00:00.000Z,3719.9672,3811.6167,3711.7377,3811.4772,669984
2022-09-22T16:00:00.000Z,3816.2489,3835.7186,3803.5695,3820.2353,436254
2022-09-25T16:00:00.000Z,3793.6819,3831.0944,3754.0379,3813.7542,573030
2022-09-26T16:00:00.000Z,3814.1416,3884.1255,3814.1416,3876.5105,616434
2022-09-27T16:00:00.000Z,3885.4175,3904.3476,3855.7511,3862.7242,453333
2022-09-28T16:00:00.000Z,3871.9599,3887.8799,3845.4174,3869.8048,488006
2022-09-29T16:00:00.000Z,3872.5741,3876.8552,3814.5107,3827.6799,429752
2022-10-09T16:00:00.000Z,3853.3358,3892.3974,3853.3358,3872.6872,413655
2022-10-10T16:00:00.000Z,3874.6246,3889.4117,3759.7666,3770.3619,724445
2022-10-11T16:00:00.000Z,3776.3205,3781.9601,3715.8092,3759.1395,581608
2022-10-12T16:00:00.000Z,3755.7431,3789.4626,3706.5043,3710.7771,577649
2022-10-13T16:00:00.000Z,3696.37,3764.6119,3683.0198,3750.9127,467691
2022-10-16T16:00:00.000Z,3748.6729,3755.6741,3656.0907,3675.9245,651496
2022-10-17T16:00:00.000Z,3683.3553,3702.4703,3639.3744,3676.0968,499031
2022-10-18T16:00:00.000Z,3678.3934,3691.7068,3635.3853,3651.3581,472003
2022-10-19T16:00:00.000Z,3649.7838,3655.5806,3593.1826,3600.2138,668852
2022-10-20T16:00:00.000Z,3612.4566,3664.9046,3590.5107,3637.67,517342
2022-10-23T16:00:00.000Z,3636.604,3680.6842,3618.4507,3643.5124,498236
2022-10-24T16:00:00.000Z,3636.6295,3639.672,3597.6673,3610.5925,517481
2022-10-25T16:00:00.000Z,3609.3288,3654.1631,3593.8622,3613.9525,500328
2022-10-26T16:00:00.000Z,3614.1881,3657.6602,3600.0189,3600.7649,434461
2022-10-27T16:00:00.000Z,3593.4194,3599.2543,3503.2117,3517.8272,710043
2022-10-30T16:00:00.000Z,3515.6267,3530.9255,3438.8493,3445.1574,650747
2022-10-31T16:00:00.000Z,3452.4603,3551.1339,3441.8481,3539.5989,562391
2022-11-01T16:00:00.000Z,3541.6005,3574.5466,3519.0994,3552.6548,550948
2022-11-02T16:00:00.000Z,3540.9334,3583.1722,3530.7831,3561.3584,448523
2022-11-03T16:00:00.000Z,3557.1948,3642.2134,3547.7315,3624.1625,541351
2022-11-06T16:00:00.000Z,3639.0879,3665.5269,3585.569,3603.9754,590930
2022-11-07T16:00:00.000Z,3604.7272,3630.8589,3585.6354,3628.6358,434288
2022-11-08T16:00:00.000Z,3627.5627,3677.675,3627.5627,3670.0298,523967
2022-11-09T16:00:00.000Z,3659.5738,3660.2678,3606.0063,3616.397,601049
2022-11-10T16:00:00.000Z,3606.2677,3727.2846,3605.68,3706.132,741269
2022-11-13T16:00:00.000Z,3705.9133,3752.1924,3699.4872,3735.3192,573950
2022-11-14T16:00:00.000Z,3733.6284,3762.5385,3729.6029,3762.1036,440830
2022-11-15T16:00:00.000Z,3758.7748,3807.8418,3758.7748,3792.126,456731
2022-11-16T16:00:00.000Z,3798.6603,3799.3641,3731.5377,3780.2919,526165
2022-11-17T16:00:00.000Z,3774.5147,3792.1789,3754.0605,3784.3545,453034
2022-11-20T16:00:00.000Z,3781.0899,3789.4383,3706.9262,3734.9544,553547
2022-11-21T16:00:00.000Z,3731.7553,3776.8016,3718.9236,3726.5102,491396
2022-11-22T16:00:00.000Z,3718.2388,3757.2102,3712.7701,3742.7433,417929
2022-11-23T16:00:00.000Z,3741.2239,3804.6947,3737.7946,3757.2844,608370
2022-11-24T16:00:00.000Z,3752.1702,3802.7628,3730.1978,3800.7289,555087
2022-11-27T16:00:00.000Z,3816.7491,3824.9428,3769.17,3804.7053,551537
2022-11-28T16:00:00.000Z,3809.225,3859.3607,3809.225,3845.4049,606237
2022-11-29T16:00:00.000Z,3837.267,3856.3719,3816.4813,3833.9032,541042
2022-11-30T16:00:00.000Z,3849.9751,3884.8542,3835.9547,3848.2404,542875
2022-12-01T16:00:00.000Z,3841.4097,3913.5378,3825.3354,3899.5917,619863
2022-12-04T16:00:00.000Z,3909.0095,3989.7556,3888.281,3925.0643,868655
2022-12-05T16:00:00.000Z,3920.0244,3938.6713,3902.1498,3925.1974,541069
2022-12-06T16:00:00.000Z,3915.4218,3958.9516,3902.0541,3912.6005,685089
2022-12-07T16:00:00.000Z,3914.4697,3958.7572,3913.0116,3948.5967,437964
2022-12-08T16:00:00.000Z,3959.7363,4050.0102,3959.7363,4036.1903,650473
2022-12-11T16:00:00.000Z,4039.744,4087.0186,4032.8547,4042.7742,494299
2022-12-12T16:00:00.000Z,4042.9808,4072.266,4002.5002,4037.7108,484529
2022-12-13T16:00:00.000Z,4037.6362,4075.5856,4027.1951,4071.9505,437591
2022-12-14T16:00:00.000Z,4078.8848,4152.5813,4070.6116,4151.2962,513581
2022-12-15T16:00:00.000Z,4149.9641,4214.3046,4043.6062,4108.7613,851326
2022-12-18T16:00:00.000Z,4105.5163,4105.5163,3983.0112,3987.4224,801561
2022-12-19T16:00:00.000Z,3986.5608,4020.6144,3964.6806,4002.5007,489131
2022-12-20T16:00:00.000Z,3998.6617,4077.1323,3984.7484,4071.7059,388745
2022-12-21T16:00:00.000Z,4079.0257,4089.3976,4021.0036,4029.9998,416995
2022-12-22T16:00:00.000Z,4026.3456,4062.0338,3993.561,4049.3353,446692
2022-12-25T16:00:00.000Z,4053.6275,4060.9236,3982.2851,4050.4849,495702
2022-12-26T16:00:00.000Z,4046.845,4107.2475,4038.4023,4092.5484,406037
2022-12-27T16:00:00.000Z,4093.5752,4101.7741,4045.939,4076.2917,371201
2022-12-28T16:00:00.000Z,4083.0323,4097.7044,4039.2128,4087.3768,406436
2022-12-29T16:00:00.000Z,4088.8974,4163.1449,4087.6953,4140.5833,581161
2023-01-02T16:00:00.000Z,4124.6126,4124.6126,4048.3139,4095.8139,409529
2023-01-03T16:00:00.000Z,4094.3419,4109.2408,4059.9556,4076.1144,404262
2023-01-04T16:00:00.000Z,4068.1161,4077.8957,4023.772,4068.6934,466577
2023-01-05T16:00:00.000Z,4088.1788,4172.333,4088.0891,4159.0207,637077
2023-01-08T16:00:00.000Z,4158.8563,4193.6212,4130.9666,4140.7103,525488
2023-01-09T16:00:00.000Z,4149.2986,4171.8629,4130.6122,4160.4102,311092
2023-01-10T16:00:00.000Z,4152.4057,4193.0122,4135.8837,4188.7741,364046
2023-01-11T16:00:00.000Z,4180.6234,4183.6251,4130.199,4176.9831,374592
2023-01-12T16:00:00.000Z,4175.2525,4210.3327,4150.6364,4196.1062,402144
2023-01-15T16:00:00.000Z,4173.7567,4173.7567,4115.1551,4127.3752,474108
2023-01-16T16:00:00.000Z,4131.5187,4163.7363,4099.3232,4142.3897,302579
2023-01-17T16:00:00.000Z,4153.0151,4200.5112,4149.8225,4187.9004,286933
2023-01-18T16:00:00.000Z,4192.096,4220.367,4187.9225,4215.2535,302944
2023-01-19T16:00:00.000Z,4206.1193,4214.0626,4175.4527,4193.9401,280893
2023-01-29T16:00:00.000Z,4243.6557,4286.3719,4205.8857,4218.3511,355556
2023-01-30T16:00:00.000Z,4219.8759,4234.9757,4146.6876,4148.1848,408007
2023-01-31T16:00:00.000Z,4153.5439,4173.9085,4083.333,4087.0152,538970
2023-02-01T16:00:00.000Z,4093.4664,4133.4598,4044.9957,4051.2276,516323
2023-02-02T16:00:00.000Z,4062.4991,4078.7189,4016.9252,4077.5992,458877
2023-02-05T16:00:00.000Z,4085.5137,4110.5988,4034.3886,4088.1821,472616
2023-02-06T16:00:00.000Z,4084.1369,4098.7997,4026.4625,4063.6288,425501
2023-02-07T16:00:00.000Z,4064.6182,4122.8867,4032.7019,4118.4273,469211
2023-02-08T16:00:00.000Z,4118.0682,4167.4975,4117.0956,4152.187,423977
2023-02-09T16:00:00.000Z,4150.6042,4165.4569,4096.277,4133.0515,454562
2023-02-12T16:00:00.000Z,4136.2071,4144.369,4073.2789,4073.9998,428082
2023-02-13T16:00:00.000Z,4081.8351,4137.7248,4055.5811,4122.4508,468081
2023-02-14T16:00:00.000Z,4123.1469,4174.531,4122.671,4161.4135,432877
2023-02-15T16:00:00.000Z,4158.0381,4227.9321,4144.4326,4216.7652,502594
2023-02-16T16:00:00.000Z,4214.0724,4248.7594,4211.8564,4230.2223,396358
2023-02-19T16:00:00.000Z,4223.5558,4263.9061,4203.0341,4253.4781,435960
2023-02-20T16:00:00.000Z,4260.1228,4301.4738,4257.4714,4297.8451,423774
2023-02-21T16:00:00.000Z,4283.1292,4316.2208,4266.9078,4274.0625,453780
2023-02-22T16:00:00.000Z,4294.29,4326.1732,4270.2073,4277.1197,449752
2023-02-23T16:00:00.000Z,4281.2327,4298.9171,4253.4259,4287.0826,431234
2023-02-26T16:00:00.000Z,4272.1397,4309.2948,4247.2195,4268.7905,540545
2023-02-27T16:00:00.000Z,4271.1594,4271.1594,4232.0109,4251.7878,414234
2023-02-28T16:00:00.000Z,4259.5848,4299.343,4250.119,4295.1165,465310
2023-03-01T16:00:00.000Z,4294.1851,4319.2978,4282.7925,4310.6258,345358
2023-03-02T16:00:00.000Z,4310.6276,4363.5341,4310.2588,4360.6572,413263
2023-03-05T16:00:00.000Z,4348.8845,4367.107,4281.8285,4314.4216,595479
2023-03-06T16:00:00.000Z,4313.1677,4352.2686,4306.7193,4332.7973,418889
2023-03-07T16:00:00.000Z,4332.7573,4346.3573,4304.927,4328.5631,361631
2023-03-08T16:00:00.000Z,4330.559,4396.1887,4306.2078,4387.7604,714248
2023-03-09T16:00:00.000Z,4389.4214,4416.9802,4380.6259,4381.853,488099
2023-03-12T16:00:00.000Z,4391.2888,4447.4341,4386.1306,4442.1651,474604
2023-03-13T16:00:00.000Z,4408.982,4477.645,4402.9261,4455.6012,745527
2023-03-14T16:00:00.000Z,4467.527,4484.2198,4413.4097,4425.2953,546920
2023-03-15T16:00:00.000Z,4377.9537,4394.0966,4289.8021,4292.365,946931
2023-03-16T16:00:00.000Z,4292.071,4351.4581,4265.9053,4338.3526,591118
2023-03-19T16:00:00.000Z,4353.632,4360.8803,4282.4965,4282.6714,560925
2023-03-20T16:00:00.000Z,4296.1698,4307.9841,4246.1055,4250.2886,500853
2023-03-21T16:00:00.000Z,4264.7486,4294.5813,4231.6961,4261.2929,539279
2023-03-22T16:00:00.000Z,4265.688,4286.7564,4191.5537,4197.7631,611197
2023-03-23T16:00:00.000Z,4195.6384,4241.8647,4165.3992,4222.6502,611688
2023-03-26T16:00:00.000Z,4196.0415,4231.9347,4190.3638,4200.4216,559723
2023-03-27T16:00:00.000Z,4202.3813,4235.4921,4187.1152,4233.0126,520192
2023-03-28T16:00:00.000Z,4235.6976,4256.1644,4227.7266,4247.6992,499305
2023-03-29T16:00:00.000Z,4256.7209,4267.3205,4225.2043,4251.4086,576873
2023-03-30T16:00:00.000Z,4254.6966,4296.3939,4247.2467,4264.3294,467811
2023-04-02T16:00:00.000Z,4243.5467,4257.0041,4145.8248,4146.201,772240
2023-04-03T16:00:00.000Z,4145.9301,4152.5936,4088.3303,4093.6576,619216
2023-04-05T16:00:00.000Z,4076.938,4096.4852,4047.5647,4058.5196,614137
2023-04-06T16:00:00.000Z,4066.2668,4121.3458,4064.8588,4106.4113,560250
2023-04-09T16:00:00.000Z,4114.7661,4121.3458,4014.3519,4043.8059,750179
2023-04-10T16:00:00.000Z,4039.3354,4066.8452,3998.8941,4063.1105,559917
2023-04-11T16:00:00.000Z,4065.1223,4071.7289,4018.3495,4031.6673,419508
2023-04-12T16:00:00.000Z,4038.5764,4040.2444,3977.5605,3995.9253,633724
2023-04-13T16:00:00.000Z,3998.0706,4060.1171,3995.7267,4020.7265,518729
2023-04-16T16:00:00.000Z,4021.7185,4056.1359,4007.3104,4046.54,520991
2023-04-17T16:00:00.000Z,4054.8037,4084.4395,4049.7704,4067.4927,452928
2023-04-18T16:00:00.000Z,4064.5529,4074.9087,4027.076,4037.6968,447155
2023-04-19T16:00:00.000Z,4023.873,4026.1075,3979.4622,4003.4534,604226
2023-04-20T16:00:00.000Z,3994.9302,3996.1111,3908.6932,3911.5509,615828
2023-04-23T16:00:00.000Z,3904.5442,3908.773,3782.0858,3799.2133,782954
2023-04-24T16:00:00.000Z,3798.0304,3838.4355,3774.7565,3776.1024,513900
2023-04-25T16:00:00.000Z,3759.389,3819.7038,3751.7068,3792.6713,594933
2023-04-26T16:00:00.000Z,3814.4433,3832.8765,3760.4032,3760.6681,606759
2023-04-27T16:00:00.000Z,3749.7881,3784.1153,3730.0845,3735.7873,558441
2023-05-03T16:00:00.000Z,3703.9007,3733.694,3666.2233,3672.4301,536869
2023-05-04T16:00:00.000Z,3662.0882,3684.6186,3587.722,3682.3436,869794
2023-05-07T16:00:00.000Z,3670.6226,3819.1735,3665.7291,3817.4283,992025
2023-05-08T16:00:00.000Z,3822.9818,3824.2043,3775.6617,3779.1514,598055
2023-05-09T16:00:00.000Z,3774.7484,3804.7633,3738.4701,3764.3046,629839
2023-05-10T16:00:00.000Z,3761.1017,3776.7482,3653.6708,3657.0868,833978
2023-05-11T16:00:00.000Z,3638.6246,3687.781,3618.2141,3645.851,635858
2023-05-14T16:00:00.000Z,3660.1376,3774.4743,3657.9159,3734.0852,854183
2023-05-15T16:00:00.000Z,3744.2279,3767.2208,3698.7968,3711.1464,524265
2023-05-16T16:00:00.000Z,3712.6232,3782.7341,3704.6244,3775.0145,524070
2023-05-17T16:00:00.000Z,3783.6158,3791.9692,3720.4034,3760.862,530347
2023-05-18T16:00:00.000Z,3749.3719,3769.2011,3685.2689,3721.2552,651074
2023-05-21T16:00:00.000Z,3726.7522,3748.0667,3631.0286,3645.8442,702867
2023-05-22T16:00:00.000Z,3643.9506,3692.7228,3639.6176,3653.4719,539887
2023-05-23T16:00:00.000Z,3652.1045,3662.0223,3548.5998,3551.6759,692310
2023-05-24T16:00:00.000Z,3544.8577,3590.6996,3515.2189,3532.2041,729413
2023-05-25T16:00:00.000Z,3523.8233,3624.3224,3506.582,3605.415,861150
2023-05-28T16:00:00.000Z,3607.7558,3641.3326,3576.1424,3617.507,637381
2023-05-29T16:00:00.000Z,3617.9672,3631.6795,3559.6321,3570.6781,544466
2023-05-30T16:00:00.000Z,3563.2362,3584.6908,3532.2731,3576.5052,591225
2023-05-31T16:00:00.000Z,3561.686,3661.7029,3559.0195,3658.5022,686958
2023-06-01T16:00:00.000Z,3654.8868,3737.9404,3626.0051,3715.3068,794594
2023-06-04T16:00:00.000Z,3725.2164,3798.4091,3715.7297,3757.1723,737124
2023-06-05T16:00:00.000Z,3755.7172,3796.1697,3746.1466,3757.0771,530169
2023-06-06T16:00:00.000Z,3762.5519,3770.4244,3679.5135,3713.8311,750371
2023-06-07T16:00:00.000Z,3731.8199,3770.0404,3718.9853,3742.7535,555191
2023-06-08T16:00:00.000Z,3748.6396,3820.7195,3747.4884,3814.6428,629049
2023-06-11T16:00:00.000Z,3808.7928,3829.9331,3731.345,3756.1997,607718
2023-06-12T16:00:00.000Z,3759.7174,3842.9217,3747.469,3839.985,694574
2023-06-13T16:00:00.000Z,3839.882,3856.776,3817.3437,3838.3096,506497
2023-06-14T16:00:00.000Z,3843.5668,3870.6118,3816.7514,3853.0211,519044
2023-06-15T16:00:00.000Z,3858.451,3895.637,3848.309,3889.4743,500633
2023-06-18T16:00:00.000Z,3888.0324,3897.8301,3829.9429,3843.1783,640463
2023-06-19T16:00:00.000Z,3856.9091,3858.9965,3801.9666,3826.2502,535743
2023-06-20T16:00:00.000Z,3823.5891,3827.7762,3773.3831,3777.544,575912
2023-06-25T16:00:00.000Z,3735.1669,3758.3362,3724.0835,3747.0926,500151
2023-06-26T16:00:00.000Z,3746.7004,3838.2469,3744.4679,3823.7285,631788
2023-06-27T16:00:00.000Z,3821.0884,3835.0892,3784.1298,3814.8552,494137
2023-06-28T16:00:00.000Z,3810.169,3831.2702,3781.5514,3804.9994,503203
2023-06-29T16:00:00.000Z,3804.4616,3861.1244,3798.7685,3813.8154,563786
2023-07-02T16:00:00.000Z,3813.8339,3862.8145,3790.0569,3847.153,626063
2023-07-03T16:00:00.000Z,3846.6089,3878.4649,3839.8818,3855.6278,453614
2023-07-04T16:00:00.000Z,3865.3749,3867.2843,3824.9825,3840.0749,409580
2023-07-05T16:00:00.000Z,3836.8636,3869.7037,3824.5347,3848.8803,410627
2023-07-06T16:00:00.000Z,3848.9195,3860.3395,3755.354,3756.0548,696030
2023-07-09T16:00:00.000Z,3755.5515,3804.1217,3744.25,3747.5399,620946
2023-07-10T16:00:00.000Z,3749.5856,3790.3961,3749.5856,3771.0954,450543
2023-07-11T16:00:00.000Z,3775.6538,3808.8154,3764.7562,3807.7709,428175
2023-07-12T16:00:00.000Z,3812.5941,3828.6894,3789.3159,3817.9709,438871
2023-07-13T16:00:00.000Z,3816.8146,3865.8521,3816.8146,3861.7385,507861
2023-07-16T16:00:00.000Z,3865.869,3866.0511,3774.0416,3779.9255,603609
2023-07-17T16:00:00.000Z,3781.4942,3841.3057,3781.4942,3838.5079,435876
2023-07-18T16:00:00.000Z,3837.85,3839.8451,3797.5451,3832.1823,421042
2023-07-19T16:00:00.000Z,3838.3091,3882.8901,3838.3091,3876.4538,613650
2023-07-20T16:00:00.000Z,3884.9709,3920.2349,3855.1874,3920.2349,861649
2023-07-23T16:00:00.000Z,3921.7216,3940.333,3896.6806,3907.7209,775825
2023-07-24T16:00:00.000Z,3919.2984,4027.8739,3906.5452,4008.4882,1281736
2023-07-25T16:00:00.000Z,4010.4461,4049.0687,4006.0153,4038.2642,871377
2023-07-26T16:00:00.000Z,4033.3634,4103.5748,4019.308,4067.7933,1267531
2023-07-27T16:00:00.000Z,4072.0306,4128.5363,4037.7707,4101.3521,1498533
2023-07-30T16:00:00.000Z,4089.7845,4102.816,4049.6292,4068.3888,1015598
2023-07-31T16:00:00.000Z,4069.8656,4092.0785,4052.3909,4072.3829,718536
2023-08-01T16:00:00.000Z,4060.2264,4068.2497,4008.7355,4011.5387,984957
2023-08-02T16:00:00.000Z,4005.3291,4017.6012,3942.3767,3967.4268,1519998
2023-08-03T16:00:00.000Z,3979.9291,4037.248,3969.5389,3972.6395,1017374
2023-08-06T16:00:00.000Z,3971.0191,3980.753,3937.5994,3966.7301,982071
2023-08-07T16:00:00.000Z,3970.6357,3994.9895,3924.4858,3931.1573,924369
2023-08-08T16:00:00.000Z,3911.0084,3952.3158,3903.5248,3943.6209,687380
2023-08-09T16:00:00.000Z,3940.1015,3951.615,3892.288,3902.8621,961725
2023-08-10T16:00:00.000Z,3902.6995,3923.964,3873.2882,3914.8839,948602
2023-08-13T16:00:00.000Z,3904.1059,3914.0236,3852.3707,3867.9706,840563
2023-08-14T16:00:00.000Z,3872.642,3908.8123,3851.0238,3901.9862,840815
2023-08-15T16:00:00.000Z,3906.3633,3925.8178,3892.8353,3905.9338,639353
2023-08-16T16:00:00.000Z,3903.0934,3909.781,3843.5723,3902.3801,956926
2023-08-17T16:00:00.000Z,3900.2812,3910.6973,3867.6125,3881.7273,764318
2023-08-20T16:00:00.000Z,3878.8928,3881.6689,3827.759,3853.4317,901726
2023-08-21T16:00:00.000Z,3853.2647,3905.4896,3831.885,3887.5342,856417
2023-08-22T16:00:00.000Z,3891.3303,3941.8334,3888.4267,3906.059,860125
2023-08-23T16:00:00.000Z,3904.4682,3938.5321,3858.0488,3864.1225,879151
2023-08-24T16:00:00.000Z,3864.2711,3903.031,3858.8953,3891.648,657454
2023-08-27T16:00:00.000Z,3893.4958,3911.9248,3813.7898,3831.5945,1277784
2023-08-28T16:00:00.000Z,3834.4924,3846.9439,3809.9217,3818.0426,704761
2023-08-29T16:00:00.000Z,3819.3907,3843.6354,3810.4705,3836.2522,785551
2023-08-30T16:00:00.000Z,3834.5962,3909.3247,3834.5962,3898.9347,1162765
2023-08-31T16:00:00.000Z,3901.5396,3957.3425,3885.8781,3951.1105,1056600
2023-09-03T16:00:00.000Z,3958.2908,3967.3993,3917.0819,3930.0114,848140
2023-09-04T16:00:00.000Z,3931.7213,3957.4875,3903.5223,3918.2887,772224
2023-09-05T16:00:00.000Z,3911.369,3936.4012,3900.8493,3919.0109,630801
2023-09-06T16:00:00.000Z,3914.1118,3929.8643,3867.8667,3891.4974,952394
2023-09-07T16:00:00.000Z,3888.7271,3893.3237,3820.4009,3822.3373,879683
2023-09-10T16:00:00.000Z,3819.9712,3871.785,3802.5446,3862.8239,787652
2023-09-11T16:00:00.000Z,3867.2097,3899.5144,3865.0893,3891.5657,706868
2023-09-12T16:00:00.000Z,3890.5377,3897.5174,3835.5065,3863.7132,685516
2023-09-13T16:00:00.000Z,3867.0002,3882.1645,3850.5057,3876.7871,572381
2023-09-14T16:00:00.000Z,3887.2859,3918.1126,3882.1332,3900.084,671325
2023-09-17T16:00:00.000Z,3894.3143,3911.4288,3864.2765,3907.5783,711702
2023-09-18T16:00:00.000Z,3906.9563,3971.6421,3906.9563,3935.9088,951707
2023-09-19T16:00:00.000Z,3936.4554,3949.484,3920.7413,3932.9472,526594
2023-09-20T16:00:00.000Z,3937.1157,3940.1078,3836.3776,3847.3871,1014143
2023-09-21T16:00:00.000Z,3836.0445,3880.5717,3834.9046,3866.3994,631624
2023-09-24T16:00:00.000Z,3868.9447,3873.5115,3805.6969,3814.9773,769721
2023-09-25T16:00:00.000Z,3815.5642,3821.5896,3750.6994,3761.6113,882952
2023-09-26T16:00:00.000Z,3760.1422,3783.7795,3752.7533,3766.2193,573046
2023-09-27T16:00:00.000Z,3770.3802,3812.6247,3769.0923,3793.7663,659226
2023-10-08T16:00:00.000Z,3759.8942,3764.7405,3722.4775,3736.7853,509562
2023-10-09T16:00:00.000Z,3735.6959,3756.681,3700.0899,3711.8568,587381
2023-10-10T16:00:00.000Z,3714.8004,3735.9936,3681.6989,3713.928,612962
2023-10-11T16:00:00.000Z,3716.7769,3730.9363,3688.765,3726.4214,608659
2023-10-12T16:00:00.000Z,3731.7687,3739.5759,3702.962,3722.3266,451453
2023-10-15T16:00:00.000Z,3730.682,3772.8331,3702.4116,3768.3374,660769
2023-10-16T16:00:00.000Z,3769.521,3788.1803,3756.6907,3762.39,487230
2023-10-17T16:00:00.000Z,3763.6971,3782.0652,3731.2816,3742.8527,508730
2023-10-18T16:00:00.000Z,3739.1766,3765.8114,3720.7342,3759.957,482886
2023-10-19T16:00:00.000Z,3763.1005,3774.4686,3710.6785,3722.4082,564363
2023-10-22T16:00:00.000Z,3714.21,3723.7905,3684.1163,3698.0497,569680
2023-10-23T16:00:00.000Z,3702.2486,3757.0282,3701.0271,3746.2688,598307
2023-10-24T16:00:00.000Z,3757.3706,3808.0162,3750.7015,3788.6564,790772
2023-10-25T16:00:00.000Z,3786.8857,3792.1197,3766.6627,3789.1364,445202
2023-10-26T16:00:00.000Z,3785.7633,3840.631,3779.0328,3839.6063,642065
2023-10-29T16:00:00.000Z,3843.9858,3855.9555,3825.8074,3851.4794,465805
2023-10-30T16:00:00.000Z,3854.2795,3863.4503,3823.9271,3844.3489,449975
2023-10-31T16:00:00.000Z,3843.7711,3869.883,3832.5844,3859.5794,476566
2023-11-01T16:00:00.000Z,3865.3704,3868.1681,3836.5153,3852.6857,481148
2023-11-02T16:00:00.000Z,3851.5695,3903.6066,3846.4264,3894.9418,641369
2023-11-05T16:00:00.000Z,3898.2567,3926.948,3888.3156,3895.4226,650884
2023-11-06T16:00:00.000Z,3899.2591,3910.8654,3876.2617,3887.2882,514596
2023-11-07T16:00:00.000Z,3879.1569,3937.213,3863.2547,3935.386,635699
2023-11-08T16:00:00.000Z,3934.9507,3962.4406,3928.2884,3946.4401,574468
2023-11-09T16:00:00.000Z,3952.5561,3984.1361,3948.009,3980.5438,484665
2023-11-12T16:00:00.000Z,3975.8892,3999.781,3938.1112,3957.4736,655910
2023-11-13T16:00:00.000Z,3960.8119,3964.8115,3926.4791,3945.3454,511903
2023-11-14T16:00:00.000Z,3959.574,4034.6531,3959.574,3996.7599,833855
2023-11-15T16:00:00.000Z,4001.7742,4046.5371,3982.2873,4043.963,649230
2023-11-16T16:00:00.000Z,4055.0526,4066.8161,4001.0201,4006.1991,552227
2023-11-19T16:00:00.000Z,4003.428,4047.6001,3984.9626,4040.0804,585183
2023-11-20T16:00:00.000Z,4047.2802,4068.677,4012.3432,4012.9144,656601
