time,open,high,low,close,volume
2016-01-04T16:00:00.000Z,229.1925,230.7927,228.4499,230.2951,131596
2016-01-05T16:00:00.000Z,230.5047,231.7549,229.0579,231.4066,134994
2016-01-06T16:00:00.000Z,233.2924,237.3953,231.851,236.6002,238720
2016-01-07T16:00:00.000Z,236.802,238.1482,235.9603,236.8072,189494
2016-01-10T16:00:00.000Z,236.609,238.3019,235.0627,237.4569,177129
2016-01-11T16:00:00.000Z,236.6133,236.9554,233.9619,234.6101,148262
2016-01-12T16:00:00.000Z,232.9201,233.2655,232.0745,232.2676,118889
2016-01-13T16:00:00.000Z,231.8218,234.8154,231.416,234.0675,158446
2016-01-14T16:00:00.000Z,233.0688,233.8122,231.2223,232.6153,132169
2016-01-17T16:00:00.000Z,232.9153,234.7106,232.8167,233.5171,167424
2016-01-18T16:00:00.000Z,233.6189,234.0165,232.5217,233.2207,74590
2016-01-19T16:00:00.000Z,232.4795,234.1211,232.3756,233.8219,89354
2016-01-20T16:00:00.000Z,236.0205,237.2639,235.0266,236.2711,150162
2016-01-21T16:00:00.000Z,235.6792,235.8697,234.3763,235.222,120213
2016-01-24T16:00:00.000Z,235.1757,236.1653,234.5796,235.8245,100080
2016-01-25T16:00:00.000Z,236.3702,239.0734,236.0746,238.9236,125002
2016-01-26T16:00:00.000Z,238.3393,240.1301,237.8339,239.3858,120059
2016-01-27T16:00:00.000Z,239.3893,240.1322,238.7402,238.8394,101421
2016-01-28T16:00:00.000Z,239.3354,239.7887,237.848,238.3414,116479
2016-01-31T16:00:00.000Z,238.3925,240.1412,237.5482,239.9472,100035
2016-02-01T16:00:00.000Z,240.5191,241.3941,239.4972,240.5928,92657
2016-02-02T16:00:00.000Z,240.5961,241.8884,240.2543,241.4986,99126
2016-02-03T16:00:00.000Z,241.7955,244.2464,240.8571,244.0006,134924
2016-02-04T16:00:00.000Z,244.6416,246.3031,244.4624,245.9497,113809
2016-02-14T16:00:00.000Z,259.4381,259.5397,255.6729,256.2238,96747
2016-02-15T16:00:00.000Z,254.7298,255.3729,251.5815,253.1756,156895
2016-02-16T16:00:00.000Z,255.5583,255.9208,252.4436,255.1245,200000
2016-02-17T16:00:00.000Z,255.07,255.8228,253.8867,254.9323,156143
2016-02-18T16:00:00.000Z,254.4986,259.1604,254.4022,258.0789,187623
2016-02-21T16:00:00.000Z,258.9543,259.6889,255.9972,256.2905,237150
2016-02-22T16:00:00.000Z,254.69,257.0988,254.5673,256.3992,189411
2016-02-23T16:00:00.000Z,256.8829,259.358,256.739,258.5698,226788
2016-02-24T16:00:00.000Z,260.3155,264.7567,259.579,261.615,405364
2016-02-25T16:00:00.000Z,261.4014,262.584,259.3033,262.0011,309488
2016-02-28T16:00:00.000Z,261.7004,261.8851,256.4334,259.5631,381569
2016-02-29T16:00:00.000Z,260.3265,263.8185,259.2391,263.2346,280610
2016-03-01T16:00:00.000Z,263.3503,264.0736,259.2971,259.9999,322255
2016-03-02T16:00:00.000Z,260.7361,262.7298,259.9201,262.2359,262935
2016-03-03T16:00:00.000Z,262.9326,266.1089,261.8385,265.759,318838
2016-03-06T16:00:00.000Z,266.2817,268.7666,263.4618,265.8154,453715
2016-03-07T16:00:00.000Z,267.6646,267.9784,265.4134,266.8908,272549
2016-03-08T16:00:00.000Z,267.7431,268.1205,263.1898,264.2379,261124
2016-03-09T16:00:00.000Z,264.2506,264.5562,261.297,262.0954,273078
2016-03-10T16:00:00.000Z,260.8605,269.0285,260.3425,265.967,440769
2016-03-13T16:00:00.000Z,265.5482,266.0899,262.3425,262.7231,277091
2016-03-14T16:00:00.000Z,263.2503,263.9842,257.3051,258.0327,298719
2016-03-15T16:00:00.000Z,259.2951,259.7714,257.5797,259.6717,205507
2016-03-16T16:00:00.000Z,258.9031,264.5649,257.8972,263.519,255160
2016-03-17T16:00:00.000Z,264.1649,265.0727,262.8313,263.5806,206278
2016-03-20T16:00:00.000Z,261.4247,262.7147,259.4599,259.9229,173685
2016-03-21T16:00:00.000Z,259.8657,261.6998,259.5087,261.6572,134666
2016-03-22T16:00:00.000Z,262.66,263.1953,258.4283,258.5978,169196
2016-03-23T16:00:00.000Z,256.3615,257.0931,255.2904,255.3593,196344
2016-03-24T16:00:00.000Z,256.7055,257.0452,255.9304,256.3803,83636
2016-03-27T16:00:00.000Z,256.1488,256.9157,254.3654,255.3167,77198
2016-03-28T16:00:00.000Z,256.0291,256.8157,255.5252,256.0247,95933
2016-03-29T16:00:00.000Z,256.4468,260.07,256.1371,258.887,195243
2016-03-30T16:00:00.000Z,258.2422,258.3821,255.6685,256.441,142918
2016-03-31T16:00:00.000Z,257.9282,257.9782,256.4231,257.5133,121136
2016-04-04T16:00:00.000Z,255.0659,256.6517,254.8218,256.3432,51568
2016-04-05T16:00:00.000Z,257.8838,258.0022,256.5222,257.0534,101259
2016-04-06T16:00:00.000Z,255.6172,257.3658,255.373,256.7755,118145
2016-04-07T16:00:00.000Z,258.7218,259.6724,257.9921,258.3417,135558
2016-04-10T16:00:00.000Z,257.8956,261.4154,257.7457,260.8851,129714
2016-04-11T16:00:00.000Z,261.2008,262.3292,260.7296,262.1481,101944
2016-04-12T16:00:00.000Z,262.5968,262.9678,260.341,260.7099,147060
2016-04-13T16:00:00.000Z,260.692,261.372,257.3458,258.1327,148219
2016-04-14T16:00:00.000Z,258.0983,258.5545,256.3888,257.537,127417
2016-04-17T16:00:00.000Z,257.6331,259.0818,256.5726,257.722,117723
2016-04-18T16:00:00.000Z,259.045,260.3721,256.96,260.2462,131636
2016-04-19T16:00:00.000Z,261.4674,262.8314,260.0459,261.0082,179343
2016-04-20T16:00:00.000Z,261.506,264.5829,260.459,264.4576,200886
2016-04-21T16:00:00.000Z,264.4639,264.6252,260.387,260.9992,231387
2016-04-24T16:00:00.000Z,261.4069,261.7421,257.2991,259.1211,212233
2016-04-25T16:00:00.000Z,259.3939,260.5282,258.6206,258.6603,104190
2016-04-26T16:00:00.000Z,259.0783,262.044,258.9115,261.9436,155704
2016-04-27T16:00:00.000Z,262.5741,263.6492,260.0639,263.0937,221676
2016-04-28T16:00:00.000Z,263.5952,268.8508,262.6874,267.4299,245187
2016-05-02T16:00:00.000Z,270.7319,272.7604,270.2118,272.6845,122048
2016-05-03T16:00:00.000Z,272.3095,272.5595,269.3051,269.6542,176461
2016-05-04T16:00:00.000Z,270.8015,271.7214,268.4447,269.3731,158294
2016-05-05T16:00:00.000Z,270.8837,271.1342,266.978,269.8656,184716
2016-05-08T16:00:00.000Z,272.0758,272.5286,268.964,269.3303,238964
2016-05-09T16:00:00.000Z,268.0528,268.3302,265.7026,267.0654,169664
2016-05-10T16:00:00.000Z,266.7297,268.9688,264.9117,268.4464,150138
2016-05-11T16:00:00.000Z,268.9421,269.4168,267.281,267.6562,117850
2016-05-12T16:00:00.000Z,268.0102,270.2124,266.9082,269.5551,181085
2016-05-15T16:00:00.000Z,267.694,271.8884,267.3939,271.5294,169186
2016-05-16T16:00:00.000Z,272.3753,272.7357,268.837,269.7024,157450
2016-05-17T16:00:00.000Z,269.2931,271.1737,269.1513,269.8101,130038
2016-05-18T16:00:00.000Z,269.5806,270.8365,265.584,265.6415,199969
2016-05-19T16:00:00.000Z,263.8787,266.5642,263.8658,265.8372,124389
2016-05-22T16:00:00.000Z,266.7006,267.1762,264.5569,265.1896,129139
2016-05-23T16:00:00.000Z,264.244,265.5152,263.326,263.4153,133441
2016-05-24T16:00:00.000Z,262.6448,263.4337,259.4026,259.5433,170779
2016-05-25T16:00:00.000Z,259.1149,261.5949,258.2271,260.5707,128478
2016-05-26T16:00:00.000Z,260.7773,261.4111,257.0449,259.3806,149953
2016-05-29T16:00:00.000Z,258.5752,258.8579,255.0925,256.3334,159294
2016-05-30T16:00:00.000Z,256.7476,258.9199,256.4421,258.8584,109980
2016-05-31T16:00:00.000Z,258.2132,260.3888,258.1055,259.2997,113211
2016-06-01T16:00:00.000Z,259.6947,259.7433,257.2695,259.6048,103968
2016-06-02T16:00:00.000Z,259.2699,259.2699,257.8751,258.6251,74762
2016-06-05T16:00:00.000Z,263.6978,264.5583,262.9233,264.3608,149999
2016-06-06T16:00:00.000Z,264.8992,265.4668,263.8978,264.8062,92475
2016-06-07T16:00:00.000Z,263.8838,266.6536,263.7843,266.5219,81715
2016-06-12T16:00:00.000Z,272.0728,274.3878,271.3451,274.1046,91242
2016-06-13T16:00:00.000Z,275.0428,275.1433,272.7338,273.323,105854
2016-06-14T16:00:00.000Z,274.6551,275.7443,273.7736,275.1548,126781
2016-06-15T16:00:00.000Z,274.4091,280.4035,273.7573,279.9565,182261
2016-06-16T16:00:00.000Z,280.2092,281.1562,272.1638,273.2088,273540
2016-06-19T16:00:00.000Z,274.7152,276.3556,272.8128,273.7599,164020
2016-06-20T16:00:00.000Z,273.6107,274.8051,272.5621,273.209,126257
2016-06-21T16:00:00.000Z,270.8668,271.5571,268.8137,269.6112,137750
2016-06-22T16:00:00.000Z,269.3627,271.1572,269.0122,269.7628,120619
2016-06-23T16:00:00.000Z,268.5712,283.3591,268.3726,282.2581,500168
2016-06-26T16:00:00.000Z,284.3561,285.1581,280.417,284.6613,291105
2016-06-27T16:00:00.000Z,285.5045,285.6573,282.8647,283.3634,163167
2016-06-28T16:00:00.000Z,282.62,284.7088,282.2645,284.3122,150776
2016-06-29T16:00:00.000Z,284.411,285.5072,282.7637,283.0127,144203
2016-06-30T16:00:00.000Z,283.6573,288.6062,283.1687,287.1649,223591
2016-07-03T16:00:00.000Z,287.9578,293.7067,287.5117,292.1623,279701
2016-07-04T16:00:00.000Z,292.5589,292.86,288.6707,290.8097,172610
2016-07-05T16:00:00.000Z,291.6032,297.7126,289.8189,296.7114,272212
2016-07-06T16:00:00.000Z,296.8114,297.3635,295.1183,295.7188,171187
2016-07-07T16:00:00.000Z,294.4169,294.6153,291.7708,292.8212,169069
2016-07-10T16:00:00.000Z,290.9673,297.0169,290.9673,295.016,218142
2016-07-11T16:00:00.000Z,293.426,294.1168,292.9214,293.6188,126638
2016-07-12T16:00:00.000Z,291.7717,292.3728,287.6796,290.8199,226295
2016-07-13T16:00:00.000Z,290.7193,291.8674,288.5708,288.8698,152649
2016-07-14T16:00:00.000Z,286.2295,289.2159,285.8774,288.9662,139277
2016-07-17T16:00:00.000Z,288.2686,289.2104,286.7732,288.1701,152202
2016-07-18T16:00:00.000Z,288.522,290.267,287.672,288.7238,120087
2016-07-19T16:00:00.000Z,288.8234,289.7166,287.5696,287.5696,110067
2016-07-20T16:00:00.000Z,284.6337,285.6172,283.5781,284.6252,132656
2016-07-21T16:00:00.000Z,284.878,288.0141,284.1776,286.3203,142412
2016-07-24T16:00:00.000Z,286.0745,286.5184,284.0771,284.8252,97553
2016-07-25T16:00:00.000Z,284.6768,286.2717,283.7238,285.2197,99179
2016-07-26T16:00:00.000Z,285.4225,285.9718,284.3289,285.0277,85483
2016-07-27T16:00:00.000Z,285.7767,289.7595,285.6289,289.2763,141467
2016-07-28T16:00:00.000Z,289.6273,289.726,287.1785,287.4792,109374
2016-07-31T16:00:00.000Z,289.6215,290.6718,287.9781,289.6803,131896
2016-08-01T16:00:00.000Z,289.9772,291.42,289.6797,291.1754,93475
2016-08-02T16:00:00.000Z,293.0241,293.2729,292.1263,292.6252,91459
2016-08-03T16:00:00.000Z,292.5275,292.5275,289.6798,289.7784,114833
2016-08-04T16:00:00.000Z,292.6753,293.5244,291.878,293.3282,95313
2016-08-07T16:00:00.000Z,289.8355,290.0829,286.9303,287.0823,131298
2016-08-08T16:00:00.000Z,287.7293,288.2296,286.7326,286.8309,67271
2016-08-09T16:00:00.000Z,287.1316,291.4298,287.0335,290.9354,104964
2016-08-10T16:00:00.000Z,291.1356,291.2337,287.9894,288.5356,110353
2016-08-11T16:00:00.000Z,289.3341,290.6322,287.047,288.2893,104477
2016-08-14T16:00:00.000Z,291.0321,291.0321,283.8416,287.7347,139161
2016-08-15T16:00:00.000Z,287.238,289.6388,287.091,289.0415,86700
2016-08-16T16:00:00.000Z,288.9023,289.3902,287.347,287.6483,111705
2016-08-17T16:00:00.000Z,288.1028,290.3036,286.3647,289.3578,102845
2016-08-18T16:00:00.000Z,289.2623,289.9604,288.5129,289.36,81548
2016-08-21T16:00:00.000Z,287.3654,289.5073,286.3669,286.7712,116767
2016-08-22T16:00:00.000Z,287.421,287.7111,286.8747,287.3242,53398
2016-08-23T16:00:00.000Z,288.4122,288.4122,287.0751,287.4781,68739
2016-08-24T16:00:00.000Z,286.2471,286.3433,284.434,284.8302,97383
2016-08-25T16:00:00.000Z,283.3875,285.2285,283.3395,284.8836,60081
2016-08-28T16:00:00.000Z,286.5789,288.804,283.2904,283.984,211311
2016-08-29T16:00:00.000Z,284.5321,285.7306,284.4445,284.7397,72567
2016-08-30T16:00:00.000Z,284.2401,284.8427,282.9027,283.4926,99945
2016-08-31T16:00:00.000Z,282.3582,283.6898,282.3061,282.8366,84888
2016-09-01T16:00:00.000Z,282.098,284.1402,282.098,283.2441,108312
2016-09-04T16:00:00.000Z,286.2586,287.0982,284.9504,286.7534,115205
2016-09-05T16:00:00.000Z,286.7967,287.1064,286.5116,287.0466,39703
2016-09-06T16:00:00.000Z,288.4589,291.807,288.1627,290.9656,121385
2016-09-07T16:00:00.000Z,291.0237,291.0708,289.3318,290.5801,66589
2016-09-08T16:00:00.000Z,290.1444,290.2718,288.576,288.7888,91733
2016-09-11T16:00:00.000Z,288.6486,289.3354,286.747,287.6636,94146
2016-09-12T16:00:00.000Z,286.6685,288.2633,286.0353,287.6107,96408
2016-09-13T16:00:00.000Z,286.6581,287.2638,285.0116,286.1623,88528
2016-09-18T16:00:00.000Z,283.5752,284.9965,283.2924,284.6986,43192
2016-09-19T16:00:00.000Z,284.3538,285.059,284.3538,285.0125,52471
2016-09-20T16:00:00.000Z,284.6644,285.8929,283.9182,285.4904,79008
2016-09-21T16:00:00.000Z,287.3415,288.3904,285.3778,287.8548,106775
2016-09-22T16:00:00.000Z,288.6017,289.8477,288.0158,288.3258,87183
2016-09-25T16:00:00.000Z,288.9123,289.0584,287.6789,288.2704,65225
2016-09-26T16:00:00.000Z,288.8302,289.4869,287.7903,287.902,69155
2016-09-27T16:00:00.000Z,287.556,287.6019,285.486,285.6358,89260
2016-09-28T16:00:00.000Z,285.7234,286.1317,284.5825,284.9365,68668
2016-09-29T16:00:00.000Z,284.2006,285.7315,284.088,285.4809,64292
2016-10-09T16:00:00.000Z,273.0105,274.3779,272.5501,274.1826,79973
2016-10-10T16:00:00.000Z,273.4973,274.3143,273.2751,274.1192,94787
2016-10-11T16:00:00.000Z,273.2691,274.2917,273.239,273.5184,75706
2016-10-12T16:00:00.000Z,273.1637,274.9292,272.7476,274.4566,109117
2016-10-13T16:00:00.000Z,274.1404,275.0997,273.5188,273.7065,81774
2016-10-16T16:00:00.000Z,273.0164,274.5133,272.884,273.9896,103079
2016-10-17T16:00:00.000Z,274.0403,275.7012,273.8157,275.5204,80907
2016-10-18T16:00:00.000Z,275.2416,276.0922,274.593,275.5486,74463
2016-10-19T16:00:00.000Z,277.2715,278.0511,276.8894,277.6167,82740
2016-10-20T16:00:00.000Z,277.5784,278.2554,276.0803,276.6642,86981
2016-10-23T16:00:00.000Z,277.4652,277.7804,276.8901,277.455,75338
2016-10-24T16:00:00.000Z,278.9189,279.1506,277.0451,278.3612,95926
2016-10-25T16:00:00.000Z,278.7432,280.3741,278.3935,279.665,114954
2016-10-26T16:00:00.000Z,279.1515,279.6503,277.965,278.8112,94776
2016-10-27T16:00:00.000Z,279.7664,279.7664,278.6365,279.1449,89669
2016-10-30T16:00:00.000Z,278.4796,282.092,278.4142,280.4103,139590
2016-10-31T16:00:00.000Z,280.1273,281.7469,279.7838,281.265,85249
2016-11-01T16:00:00.000Z,282.8135,284.2255,282.3875,284.1158,99561
2016-11-02T16:00:00.000Z,284.5437,286.1233,284.1281,284.9575,108033
2016-11-03T16:00:00.000Z,283.3811,285.7389,283.3811,283.4812,100292
2016-11-06T16:00:00.000Z,285.4417,285.8688,282.8192,283.0459,101697
2016-11-07T16:00:00.000Z,282.7097,283.1332,281.0584,282.6298,83227
2016-11-08T16:00:00.000Z,282.1035,291.5026,280.3589,290.2523,351184
2016-11-09T16:00:00.000Z,286.8321,288.2581,281.9092,284.7885,224581
2016-11-10T16:00:00.000Z,284.0289,284.8688,278.0638,280.5566,210611
2016-11-13T16:00:00.000Z,279.4938,280.8205,269.0683,271.8734,255218
2016-11-14T16:00:00.000Z,273.1616,275.3561,271.8938,274.9535,158244
2016-11-15T16:00:00.000Z,274.7632,276.7426,274.1457,276.2477,111815
2016-11-16T16:00:00.000Z,275.6961,276.7053,275.4839,275.7192,81120
2016-11-17T16:00:00.000Z,276.1706,276.4307,272.411,272.7559,127372
2016-11-20T16:00:00.000Z,273.0919,274.9799,272.3671,274.9402,108525
2016-11-21T16:00:00.000Z,275.0851,276.3869,274.0564,275.7088,104008
2016-11-22T16:00:00.000Z,275.7463,276.425,274.5887,276.1186,100287
2016-11-23T16:00:00.000Z,275.3922,275.4487,272.3723,273.29,187532
2016-11-24T16:00:00.000Z,273.0044,273.2956,268.1489,271.0745,136344
2016-11-27T16:00:00.000Z,272.1466,274.9474,270.9636,273.5293,140074
2016-11-28T16:00:00.000Z,273.1769,274.3166,272.1924,272.5107,110358
2016-11-29T16:00:00.000Z,271.065,272.0984,270.3596,270.858,108718
2016-11-30T16:00:00.000Z,270.0764,270.7684,266.5413,269.1272,162773
2016-12-01T16:00:00.000Z,267.6628,269.2408,266.5205,268.745,104757
2016-12-04T16:00:00.000Z,268.0814,270.748,267.0233,268.6663,145559
2016-12-05T16:00:00.000Z,267.9494,269.4214,267.0405,268.0746,118869
2016-12-06T16:00:00.000Z,268.3851,268.5812,267.3994,267.649,86068
2016-12-07T16:00:00.000Z,268.3915,270.8846,268.2936,269.7035,123113
2016-12-08T16:00:00.000Z,269.2704,270.153,268.2716,269.4587,89293
2016-12-11T16:00:00.000Z,268.2358,269.3027,267.1797,267.8908,103536
2016-12-12T16:00:00.000Z,267.7743,269.2695,267.2166,268.1774,86764
2016-12-13T16:00:00.000Z,268.0794,269.8705,267.6315,269.6226,124383
2016-12-14T16:00:00.000Z,269.4332,270.5776,265.0337,266.9477,157582
2016-12-15T16:00:00.000Z,264.8385,265.8738,264.7368,265.3729,118787
2016-12-18T16:00:00.000Z,265.483,266.9757,265.1303,266.631,86731
2016-12-19T16:00:00.000Z,266.4347,266.9235,264.8875,265.281,78887
2016-12-20T16:00:00.000Z,263.1922,265.4582,262.1422,264.8811,104972
2016-12-21T16:00:00.000Z,264.491,264.8846,262.8308,263.3326,59915
2016-12-22T16:00:00.000Z,262.6448,264.3318,262.493,263.5895,78213
2016-12-25T16:00:00.000Z,263.6419,265.1352,263.3965,264.7886,64418
2016-12-26T16:00:00.000Z,264.9902,266.1407,264.4482,266.1407,66269
2016-12-27T16:00:00.000Z,266.2923,267.8943,265.4541,267.3488,86960
2016-12-28T16:00:00.000Z,266.475,269.1491,266.0665,268.7981,110036
2016-12-29T16:00:00.000Z,268.3241,272.2098,268.0622,271.4127,130095
2017-01-02T16:00:00.000Z,269.6186,271.2054,269.519,269.7942,68348
2017-01-03T16:00:00.000Z,268.6308,271.3039,268.582,270.4377,119879
2017-01-04T16:00:00.000Z,270.3437,270.6379,268.2122,269.5459,141406
2017-01-05T16:00:00.000Z,269.2037,269.8949,268.7513,268.9032,117861
2017-01-08T16:00:00.000Z,269.0081,270.3448,268.8618,269.8055,88185
2017-01-09T16:00:00.000Z,270.3817,272.147,270.2492,271.5491,101328
2017-01-10T16:00:00.000Z,271.3016,272.3983,271.0036,271.902,92382
2017-01-11T16:00:00.000Z,271.8502,272.6006,268.7139,272.307,174925
2017-01-12T16:00:00.000Z,272.4076,272.5541,270.5633,271.3082,93451
2017-01-15T16:00:00.000Z,271.6478,273.5109,270.5639,273.0108,109243
2017-01-16T16:00:00.000Z,272.5777,274.9626,272.3279,274.6675,79945
2017-01-17T16:00:00.000Z,274.2189,275.0174,272.8224,273.5706,98472
2017-01-18T16:00:00.000Z,272.9693,273.6608,270.3285,270.7769,91575
2017-01-19T16:00:00.000Z,271.3096,271.8591,270.2119,271.5182,81093
2017-01-22T16:00:00.000Z,270.7397,273.8121,270.6788,272.8709,88601
2017-01-23T16:00:00.000Z,272.8742,273.4055,272.2764,272.4645,60618
2017-01-24T16:00:00.000Z,272.1756,272.9111,268.7824,269.7216,76207
2017-01-25T16:00:00.000Z,270.0489,270.1714,267.1866,267.7479,73353
2017-02-02T16:00:00.000Z,270.8947,272.0984,270.4576,271.739,42354
2017-02-05T16:00:00.000Z,271.3201,274.5521,270.4609,274.4522,96298
2017-02-06T16:00:00.000Z,275.8024,276.8467,274.7559,276.657,80912
2017-02-07T16:00:00.000Z,276.6523,277.4016,276.0034,276.9024,72219
2017-02-08T16:00:00.000Z,278.8133,279.3044,278.2132,278.3627,75114
2017-02-09T16:00:00.000Z,278.0287,278.9669,274.7806,275.4205,111525
2017-02-12T16:00:00.000Z,275.6725,277.4712,275.4841,276.5865,101579
2017-02-13T16:00:00.000Z,276.1917,276.3736,274.3231,276.2273,83579
2017-02-14T16:00:00.000Z,276.7482,276.9372,274.5191,275.1931,96069
2017-02-15T16:00:00.000Z,275.2039,277.4111,273.8159,276.6297,113780
2017-02-16T16:00:00.000Z,277.4246,278.1704,277.129,277.7135,79848
2017-02-19T16:00:00.000Z,278.3246,278.8661,276.5469,277.1342,76543
2017-02-20T16:00:00.000Z,277.4399,277.9471,276.9064,277.7891,51820
2017-02-21T16:00:00.000Z,276.8311,278.4611,276.1407,277.5348,81326
2017-02-22T16:00:00.000Z,278.0965,278.4735,276.8472,278.0605,78174
2017-02-23T16:00:00.000Z,278.8753,282.0015,278.7755,281.4661,139004
2017-02-26T16:00:00.000Z,282.5759,282.736,280.8939,282.4285,93017
2017-02-27T16:00:00.000Z,282.0699,283.6483,281.2656,281.5152,82138
2017-02-28T16:00:00.000Z,281.4815,282.2607,278.9837,279.4585,108048
2017-03-01T16:00:00.000Z,279.2713,280.6907,278.4915,279.7953,86706
2017-03-02T16:00:00.000Z,279.2834,279.54,277.2498,277.7169,120690
2017-03-05T16:00:00.000Z,277.298,278.8553,276.8537,277.7908,94133
2017-03-06T16:00:00.000Z,277.7601,278.2308,276.4951,276.7273,70013
2017-03-07T16:00:00.000Z,276.2555,276.3438,274.8861,274.9163,91378
2017-03-08T16:00:00.000Z,274.3237,274.9793,273.0392,273.6303,111071
2017-03-09T16:00:00.000Z,273.7254,274.2619,271.459,271.5156,104496
2017-03-12T16:00:00.000Z,271.5817,274.0895,271.2392,274.0895,128080
2017-03-13T16:00:00.000Z,272.9317,273.5732,272.6962,272.8171,66591
2017-03-14T16:00:00.000Z,273.148,273.7191,272.0997,272.9839,77180
2017-03-15T16:00:00.000Z,272.3934,277.6719,272.1012,277.5794,136110
2017-03-16T16:00:00.000Z,278.2356,278.2928,277.016,277.5007,71051
2017-03-19T16:00:00.000Z,277.9001,279.015,277.4173,278.915,72646
2017-03-20T16:00:00.000Z,278.5682,279.1808,277.1063,277.805,88630
2017-03-21T16:00:00.000Z,278.1497,280.7404,277.9894,280.2719,126624
2017-03-22T16:00:00.000Z,280.2631,280.6551,279.3891,280.229,85521
2017-03-23T16:00:00.000Z,280.9362,281.1777,278.9801,279.4461,95101
2017-03-26T16:00:00.000Z,279.7507,282.6975,279.2514,282.4978,85200
2017-03-27T16:00:00.000Z,282.5,282.8415,281.446,281.6956,78763
2017-03-28T16:00:00.000Z,282.5696,282.6354,280.5707,281.1028,84399
2017-03-29T16:00:00.000Z,281.4828,281.7161,280.6552,281.1067,66862
2017-03-30T16:00:00.000Z,280.6736,280.7564,278.7667,279.1336,93947
2017-04-04T16:00:00.000Z,281.9673,282.0351,281.2772,281.759,41200
2017-04-05T16:00:00.000Z,280.7823,282.1554,279.7326,281.8263,105960
2017-04-06T16:00:00.000Z,281.5251,286.0607,281.1609,284.1426,161972
2017-04-09T16:00:00.000Z,285.2836,285.6638,281.746,282.8144,138659
2017-04-10T16:00:00.000Z,281.7982,283.5468,281.5665,283.3372,91392
2017-04-11T16:00:00.000Z,284.0163,287.6784,283.8584,286.4297,169254
2017-04-12T16:00:00.000Z,286.5835,288.4937,285.6767,287.6782,139350
2017-04-13T16:00:00.000Z,288.2378,288.6654,287.3717,288.3156,84626
2017-04-16T16:00:00.000Z,289.1805,290.0803,287.5665,287.8164,115689
2017-04-17T16:00:00.000Z,287.5815,288.5412,286.4029,287.0912,117457
2017-04-18T16:00:00.000Z,287.1451,288.352,285.9178,287.0236,140958
2017-04-19T16:00:00.000Z,287.1917,287.5261,285.6924,286.7243,125683
2017-04-20T16:00:00.000Z,286.5628,287.0792,285.9802,286.6631,92539
2017-04-23T16:00:00.000Z,287.1074,288.6518,284.3388,284.7784,173941
2017-04-24T16:00:00.000Z,284.2585,285.2957,283.9164,284.8271,97368
2017-04-25T16:00:00.000Z,283.5928,284.4917,283.1309,283.5444,106837
2017-04-26T16:00:00.000Z,283.6656,284.6869,283.266,284.0828,92916
2017-04-27T16:00:00.000Z,284.3481,284.6962,283.7243,284.6717,81186
2017-05-01T16:00:00.000Z,282.6375,282.9893,282.0903,282.3921,64344
2017-05-02T16:00:00.000Z,281.7248,282.3675,281.4814,281.9523,49318
2017-05-03T16:00:00.000Z,281.699,281.9987,277.3473,278.2553,120841
2017-05-04T16:00:00.000Z,276.5925,278.6565,276.1925,277.6473,104257
2017-05-07T16:00:00.000Z,277.2826,278.1156,277.0187,277.4337,77266
2017-05-08T16:00:00.000Z,277.6976,278.4313,276.5956,277.482,89835
2017-05-09T16:00:00.000Z,276.2148,276.5279,274.8338,276.2337,78507
2017-05-10T16:00:00.000Z,276.6266,276.8138,275.5909,276.5645,58907
2017-05-11T16:00:00.000Z,276.322,277.8095,276.3105,277.4449,72631
2017-05-14T16:00:00.000Z,278.1474,278.9059,277.1583,278.756,74717
2017-05-15T16:00:00.000Z,279.8458,280.0094,278.4749,279.4561,69743
2017-05-16T16:00:00.000Z,279.5408,280.7487,278.9996,280.474,78010
2017-05-17T16:00:00.000Z,282.0713,284.2855,281.9215,282.8312,130905
2017-05-18T16:00:00.000Z,283.2864,283.8536,281.292,282.3165,106566
2017-05-21T16:00:00.000Z,282.806,283.2504,281.8734,283.0114,63372
2017-05-22T16:00:00.000Z,283.6895,284.8972,283.1903,284.8972,67911
2017-05-23T16:00:00.000Z,284.6558,284.8673,281.2895,281.6269,91508
2017-05-24T16:00:00.000Z,282.2096,283.598,281.5676,283.0954,73344
2017-05-25T16:00:00.000Z,282.5403,283.2867,281.8382,283.1923,57166
2017-05-30T16:00:00.000Z,282.8191,283.1553,281.506,281.506,41222
2017-05-31T16:00:00.000Z,282.0953,283.0347,281.344,281.7505,80609
2017-06-01T16:00:00.000Z,281.0398,281.9499,280.5167,280.768,65488
2017-06-04T16:00:00.000Z,283.0158,285.0586,282.6706,284.4709,108710
2017-06-05T16:00:00.000Z,284.6768,286.3866,283.9858,286.232,69143
2017-06-06T16:00:00.000Z,286.7358,287.1427,286.1957,286.5469,69732
2017-06-07T16:00:00.000Z,286.5522,286.8499,285.171,285.7081,71272
2017-06-08T16:00:00.000Z,285.1205,285.3666,282.1274,282.4711,112514
2017-06-11T16:00:00.000Z,281.5904,281.8648,280.9666,281.0204,76567
2017-06-12T16:00:00.000Z,280.4846,281.5903,280.4846,281.1367,53198
2017-06-13T16:00:00.000Z,280.2495,282.375,280.0528,281.7086,65727
2017-06-14T16:00:00.000Z,283.3375,284.7031,279.726,279.8738,119287
2017-06-15T16:00:00.000Z,278.5422,279.8235,278.4439,279.38,75185
2017-06-18T16:00:00.000Z,279.6194,279.8196,278.5205,278.8684,50927
2017-06-19T16:00:00.000Z,278.4802,278.9259,277.6785,278.2765,58126
2017-06-20T16:00:00.000Z,278.0565,278.5493,277.3522,278.1997,52720
2017-06-21T16:00:00.000Z,277.7645,280.353,277.4222,279.9586,67832
2017-06-22T16:00:00.000Z,280.3029,280.6083,279.1624,280.5094,59835
2017-06-25T16:00:00.000Z,281.2434,281.2923,280.4124,280.6613,39236
2017-06-26T16:00:00.000Z,278.3321,279.5079,277.963,279.459,85614
2017-06-27T16:00:00.000Z,278.8121,279.3625,278.1159,278.8165,84938
2017-06-28T16:00:00.000Z,279.0189,279.214,277.7724,278.2184,80082
2017-06-29T16:00:00.000Z,275.9308,277.4194,275.4698,275.5672,111760
2017-07-02T16:00:00.000Z,275.3732,276.3676,274.4205,274.6691,71430
2017-07-03T16:00:00.000Z,273.2716,273.369,271.6742,272.6702,95810
2017-07-04T16:00:00.000Z,272.6715,273.3684,272.125,272.4678,52882
2017-07-05T16:00:00.000Z,271.2924,273.2352,271.1473,272.9308,65285
2017-07-06T16:00:00.000Z,272.9336,273.3333,271.6928,272.2874,57875
2017-07-09T16:00:00.000Z,272.287,272.4319,268.1004,268.8876,121978
2017-07-10T16:00:00.000Z,269.5372,270.7803,269.0447,270.0962,70073
2017-07-11T16:00:00.000Z,270.1456,271.737,269.3516,271.0881,78486
2017-07-12T16:00:00.000Z,272.4478,272.4478,271.1484,271.8432,77778
2017-07-13T16:00:00.000Z,271.396,271.4926,269.9999,270.7408,57094
2017-07-16T16:00:00.000Z,273.3368,273.4359,272.394,273.0908,82194
2017-07-17T16:00:00.000Z,273.7195,274.4859,273.5953,273.7888,63595
2017-07-18T16:00:00.000Z,274.4672,274.825,273.9436,274.1416,57211
2017-07-19T16:00:00.000Z,274.7447,274.7929,273.9987,274.3018,50305
2017-07-20T16:00:00.000Z,274.5901,275.9456,273.6581,275.8974,87839
2017-07-23T16:00:00.000Z,276.7306,277.5394,276.1502,276.5403,62625
2017-07-24T16:00:00.000Z,277.3126,277.3126,276.2494,276.8987,49655
2017-07-25T16:00:00.000Z,276.0974,276.5931,274.2454,274.4985,72147
2017-07-26T16:00:00.000Z,274.7974,278.143,274.7027,277.6976,82466
2017-07-27T16:00:00.000Z,277.8934,278.0379,276.7099,277.345,76284
2017-07-30T16:00:00.000Z,278.0811,279.0667,277.7735,278.1714,74047
2017-07-31T16:00:00.000Z,278.3639,278.6182,277.8708,278.1269,46590
2017-08-01T16:00:00.000Z,278.0276,279.1584,277.7213,278.0669,80697
2017-08-02T16:00:00.000Z,277.6356,278.9141,276.7902,277.0149,74199
2017-08-03T16:00:00.000Z,277.6551,278.6711,277.5178,278.5711,72169
2017-08-06T16:00:00.000Z,277.1282,277.3714,275.8239,276.0651,88080
2017-08-07T16:00:00.000Z,275.921,276.6227,275.4735,275.8232,56753
2017-08-08T16:00:00.000Z,276.2527,277.4488,274.2749,276.5719,94221
2017-08-09T16:00:00.000Z,278.208,278.8784,277.5296,278.5787,94828
2017-08-10T16:00:00.000Z,279.627,280.4279,278.9916,279.9872,112737
2017-08-13T16:00:00.000Z,279.8124,280.4339,278.7444,279.8961,87982
2017-08-14T16:00:00.000Z,279.0854,279.8822,277.2623,277.9915,91972
2017-08-15T16:00:00.000Z,276.7025,278.032,276.5027,277.1026,61448
2017-08-16T16:00:00.000Z,277.2487,280.597,276.8016,280.108,98047
2017-08-17T16:00:00.000Z,279.7327,280.6514,279.0206,280.6507,73135
2017-08-20T16:00:00.000Z,281.9969,282.6996,278.9068,279.8514,120674
2017-08-21T16:00:00.000Z,279.9517,281.062,279.2102,279.2575,75673
2017-08-22T16:00:00.000Z,279.7299,280.5472,278.5141,279.3057,75467
2017-08-23T16:00:00.000Z,279.829,280.0582,279.2115,279.414,60265
2017-08-24T16:00:00.000Z,279.4158,279.91,278.7897,279.2208,57239
2017-08-27T16:00:00.000Z,279.0882,280.7843,277.0808,280.64,133794
2017-08-28T16:00:00.000Z,280.4401,283.9824,279.9435,283.9788,109343
2017-08-29T16:00:00.000Z,283.9791,284.4317,280.4336,280.5302,112201
2017-08-30T16:00:00.000Z,280.6777,281.4886,279.5901,280.0914,71866
2017-08-31T16:00:00.000Z,281.1349,282.8421,280.903,281.994,87697
2017-09-03T16:00:00.000Z,282.3261,285.0365,281.4482,284.3979,126660
2017-09-04T16:00:00.000Z,283.3495,284.2545,282.9649,283.8644,60316
2017-09-05T16:00:00.000Z,283.2173,284.6534,283.1142,284.3132,85500
2017-09-06T16:00:00.000Z,284.0723,284.322,282.6271,283.2863,88049
2017-09-07T16:00:00.000Z,283.9909,284.1872,283.0419,283.9483,120059
2017-09-10T16:00:00.000Z,283.536,284.0489,282.1686,282.6573,104926
2017-09-11T16:00:00.000Z,282.5267,283.0038,281.2089,281.3511,70969
2017-09-12T16:00:00.000Z,281.5469,282.3077,281.3242,281.7662,54129
2017-09-13T16:00:00.000Z,282.0926,282.3241,280.8369,281.412,78173
2017-09-14T16:00:00.000Z,281.9723,283.0457,281.6884,282.7296,76267
2017-09-17T16:00:00.000Z,282.0518,282.2407,280.0592,280.1505,84856
2017-09-18T16:00:00.000Z,280.0549,280.6132,279.1729,280.1304,75925
2017-09-19T16:00:00.000Z,280.1644,280.705,279.8199,280.4198,47775
2017-09-20T16:00:00.000Z,280.4073,281.2113,277.857,277.8718,99924
2017-09-21T16:00:00.000Z,277.0816,278.3554,276.9168,278.3055,78794
2017-09-24T16:00:00.000Z,277.6149,278.1992,277.4151,277.9595,53038
2017-09-25T16:00:00.000Z,278.4149,282.4996,278.1303,282.1449,108174
2017-09-26T16:00:00.000Z,280.5168,281.5605,279.411,279.5768,90653
2017-09-27T16:00:00.000Z,278.7875,279.3207,277.7423,278.0867,81793
2017-09-28T16:00:00.000Z,278.2963,279.4186,278.1808,279.3301,50976
2017-10-08T16:00:00.000Z,276.6867,277.9716,276.6012,277.1686,51587
2017-10-09T16:00:00.000Z,276.9849,277.6949,276.7957,277.0401,46660
2017-10-10T16:00:00.000Z,277.0345,277.6339,276.2565,276.4952,53083
2017-10-11T16:00:00.000Z,276.7621,277.9001,275.9067,277.5059,57059
2017-10-12T16:00:00.000Z,277.1772,277.9149,276.7276,277.6265,43537
2017-10-15T16:00:00.000Z,278.2194,279.2695,277.7437,279.1197,68477
2017-10-16T16:00:00.000Z,279.4588,279.5424,277.4532,277.6828,77506
2017-10-17T16:00:00.000Z,277.0431,277.5003,276.6346,276.6763,63663
2017-10-18T16:00:00.000Z,276.5055,277.055,275.8148,276.2961,63052
2017-10-19T16:00:00.000Z,276.8924,277.5826,276.4837,276.6827,65538
2017-10-22T16:00:00.000Z,276.6598,276.7421,275.5039,275.5708,69666
2017-10-23T16:00:00.000Z,275.3277,276.9377,275.1662,276.5838,57142
2017-10-24T16:00:00.000Z,276.0765,276.2621,275.336,275.3741,58574
2017-10-25T16:00:00.000Z,275.4489,276.7733,275.4115,276.7359,72026
2017-10-26T16:00:00.000Z,276.3295,276.619,274.6204,274.9068,86220
2017-10-29T16:00:00.000Z,274.8003,275.8488,274.7294,275.3781,75094
2017-10-30T16:00:00.000Z,275.4496,276.5226,275.3475,275.7936,86269
2017-10-31T16:00:00.000Z,275.3878,275.756,274.6997,275.5062,70460
2017-11-01T16:00:00.000Z,275.5259,275.8431,274.8291,275.7249,55022
2017-11-02T16:00:00.000Z,275.5518,276.5087,275.3732,275.7807,57977
2017-11-05T16:00:00.000Z,275.9601,276.4168,274.7328,275.1895,71646
2017-11-06T16:00:00.000Z,275.6332,277.2543,275.4054,276.5827,57720
2017-11-07T16:00:00.000Z,276.6714,276.9907,275.892,276.7179,50435
2017-11-08T16:00:00.000Z,277.258,278.1599,277.0604,277.7606,73982
2017-11-09T16:00:00.000Z,278.7206,279.119,278.2941,278.7454,63712
2017-11-12T16:00:00.000Z,279.1268,279.1538,277.3288,277.6777,53734
2017-11-13T16:00:00.000Z,277.8529,278.2372,277.3762,277.4758,38757
2017-11-14T16:00:00.000Z,277.0642,278.4704,276.4851,278.117,81828
2017-11-15T16:00:00.000Z,278.5902,279.0583,277.354,277.5975,82331
2017-11-16T16:00:00.000Z,277.8102,278.7468,277.628,278.7468,62883
2017-11-19T16:00:00.000Z,278.8699,280.886,278.7049,280.3615,86516
2017-11-20T16:00:00.000Z,280.5891,280.9007,278.1677,278.9164,81885
2017-11-21T16:00:00.000Z,278.3834,279.7191,278.3712,279.0258,62069
2017-11-22T16:00:00.000Z,279.3827,280.1019,279.0552,279.284,56144
2017-11-23T16:00:00.000Z,279.3661,279.6968,278.8292,279.6781,38976
2017-11-26T16:00:00.000Z,279.373,279.7806,278.9904,279.772,43892
2017-11-27T16:00:00.000Z,280.7012,281.7725,280.3821,280.9668,81511
2017-11-28T16:00:00.000Z,281.3282,281.6126,280.28,281.3232,51706
2017-11-29T16:00:00.000Z,281.2289,281.2749,278.8794,279.1086,87730
2017-11-30T16:00:00.000Z,278.9312,279.0339,277.0384,277.4075,60313
2017-12-03T16:00:00.000Z,277.3723,279.666,276.4258,277.277,80705
2017-12-04T16:00:00.000Z,277.0743,277.9857,277.0266,277.4494,39268
2017-12-05T16:00:00.000Z,277.2699,277.4571,274.8956,275.8377,76201
2017-12-06T16:00:00.000Z,275.6674,276.1387,273.2589,273.9505,64548
2017-12-07T16:00:00.000Z,273.4873,273.755,271.8679,272.1541,57897
2017-12-10T16:00:00.000Z,272.0213,272.9674,271.3492,272.3299,57690
2017-12-11T16:00:00.000Z,272.547,272.547,271.0195,271.6259,40647
2017-12-12T16:00:00.000Z,271.351,271.8521,270.7399,271.661,39125
2017-12-13T16:00:00.000Z,271.4662,274.8562,271.4179,274.0319,74638
2017-12-14T16:00:00.000Z,274.1251,274.369,273.3037,274.0743,42424
2017-12-17T16:00:00.000Z,274.511,275.0935,273.5446,274.2226,55389
2017-12-18T16:00:00.000Z,275.0021,275.9005,274.455,275.5524,53898
2017-12-19T16:00:00.000Z,275.3533,275.5021,274.8038,274.9536,36822
2017-12-20T16:00:00.000Z,275.3322,275.3322,274.3559,274.7037,43994
2017-12-21T16:00:00.000Z,274.505,275.0037,274.3058,274.9036,32142
2017-12-24T16:00:00.000Z,275.1529,276.7518,274.9042,276.6027,42669
2017-12-25T16:00:00.000Z,276.4539,276.6037,275.7565,276.504,20928
2017-12-26T16:00:00.000Z,276.5046,277.2051,276.3057,277.1552,36002
2017-12-27T16:00:00.000Z,277.5535,278.5552,277.4055,278.0567,37886
2017-12-28T16:00:00.000Z,278.0572,278.3048,277.4557,277.8059,35344
2018-01-01T16:00:00.000Z,279.844,279.8937,278.9565,279.4059,27442
2018-01-02T16:00:00.000Z,279.8041,281.4531,279.5077,280.3563,61615
2018-01-03T16:00:00.000Z,280.2901,280.5406,278.3918,279.0399,59685
2018-01-04T16:00:00.000Z,279.3242,280.5817,278.4897,279.9316,67833
2018-01-07T16:00:00.000Z,279.6709,280.6032,279.1662,280.3026,63292
2018-01-08T16:00:00.000Z,280.4489,281.1414,280.1564,280.695,50804
2018-01-09T16:00:00.000Z,280.7337,281.0385,279.9385,280.1326,52514
2018-01-10T16:00:00.000Z,281.9689,281.9689,280.7252,281.0696,54636
2018-01-11T16:00:00.000Z,281.1192,282.0209,280.7854,281.7683,54130
2018-01-14T16:00:00.000Z,281.9098,282.8219,280.5022,282.2954,77659
2018-01-15T16:00:00.000Z,282.4835,282.5429,281.745,281.8914,37210
2018-01-16T16:00:00.000Z,281.3124,282.144,280.8102,281.0473,60967
2018-01-17T16:00:00.000Z,281.2167,281.2167,278.9107,279.5025,60891
2018-01-18T16:00:00.000Z,279.0889,279.6612,278.3246,278.6271,63430
2018-01-21T16:00:00.000Z,279.3318,279.4482,278.7608,278.807,47056
2018-01-22T16:00:00.000Z,279.1348,279.9057,278.904,279.7099,54072
2018-01-23T16:00:00.000Z,279.9371,280.9947,279.4529,280.9947,66613
2018-01-24T16:00:00.000Z,281.6656,282.3587,281.0668,282.0557,76459
2018-01-25T16:00:00.000Z,281.1054,281.5673,279.498,280.2838,81984
2018-01-28T16:00:00.000Z,279.6988,280.3352,278.8878,279.0344,59441
2018-01-29T16:00:00.000Z,278.5758,279.0796,276.5588,276.6862,72565
2018-01-30T16:00:00.000Z,277.8835,278.4001,276.8184,276.9539,66039
2018-01-31T16:00:00.000Z,276.4949,277.0187,275.9826,276.4191,54783
2018-02-01T16:00:00.000Z,276.1963,277.1591,275.9656,276.7643,48721
2018-02-04T16:00:00.000Z,276.5389,276.858,274.1213,274.3492,91672
2018-02-05T16:00:00.000Z,274.577,277.7314,274.1667,276.3668,83705
2018-02-06T16:00:00.000Z,274.7793,275.0615,272.0137,272.6509,88225
2018-02-07T16:00:00.000Z,272.0302,272.431,270.726,272.0534,85603
2018-02-08T16:00:00.000Z,272.5538,274.7306,272.1664,273.394,77538
2018-02-11T16:00:00.000Z,272.2206,273.4487,271.2213,273.2666,83658
2018-02-12T16:00:00.000Z,273.088,274.6599,272.9969,274.6186,53885
2018-02-13T16:00:00.000Z,274.9881,276.5059,273.9193,276.4559,51524
2018-02-21T16:00:00.000Z,274.8729,275.1002,273.6775,274.0411,36190
2018-02-22T16:00:00.000Z,274.4544,275.3819,274.409,274.982,45551
2018-02-25T16:00:00.000Z,275.3398,276.3164,274.4861,276.2263,53414
2018-02-26T16:00:00.000Z,275.7184,275.9646,274.4416,274.7824,55706
2018-02-27T16:00:00.000Z,274.788,274.788,272.0905,272.4246,83740
2018-02-28T16:00:00.000Z,272.7425,273.124,271.7285,272.0785,49568
2018-03-01T16:00:00.000Z,271.3598,273.4309,271.0871,273.0904,89964
2018-03-04T16:00:00.000Z,273.6814,274.2723,272.8452,274.0359,65651
2018-03-05T16:00:00.000Z,273.8195,273.8962,272.751,273.7008,41649
2018-03-06T16:00:00.000Z,274.1033,275.6798,274.0127,274.908,83206
2018-03-07T16:00:00.000Z,274.5752,274.7841,273.5799,274.4188,67297
2018-03-08T16:00:00.000Z,274.1528,274.5782,272.7734,272.9835,61320
2018-03-11T16:00:00.000Z,272.7205,273.6843,271.9498,272.9395,81232
2018-03-12T16:00:00.000Z,272.2508,273.3184,272.1062,272.7454,47405
2018-03-13T16:00:00.000Z,273.4177,274.0407,272.3464,273.2016,75140
2018-03-14T16:00:00.000Z,272.6237,273.3009,272.4627,272.9568,44874
2018-03-15T16:00:00.000Z,272.2105,272.3586,271.3699,271.8143,58578
2018-03-18T16:00:00.000Z,271.9534,272.0705,270.1266,270.5263,70132
2018-03-19T16:00:00.000Z,270.9644,271.9653,270.7712,271.6883,49914
2018-03-20T16:00:00.000Z,271.0083,271.7682,270.3987,271.6299,54315
2018-03-21T16:00:00.000Z,272.1556,274.744,272.1382,274.0116,113451
2018-03-22T16:00:00.000Z,274.7388,277.1402,273.8904,277.0966,118085
2018-03-25T16:00:00.000Z,277.2838,277.8564,276.4583,276.7444,92423
2018-03-26T16:00:00.000Z,276.1125,277.2193,276.0056,276.4056,70984
2018-03-27T16:00:00.000Z,274.9126,275.728,274.5621,274.7847,73325
2018-03-28T16:00:00.000Z,274.0463,274.2818,271.5055,271.5919,110531
2018-03-29T16:00:00.000Z,271.4619,272.1118,271.4119,272.0619,41939
2018-04-01T16:00:00.000Z,272.2,272.8499,271.8316,272.2691,39286
2018-04-02T16:00:00.000Z,273.0558,275.1184,272.8309,274.2996,86941
2018-04-03T16:00:00.000Z,273.9525,274.0782,272.2421,273.9648,74282
2018-04-08T16:00:00.000Z,273.5035,273.7831,272.9628,273.0992,35658
2018-04-09T16:00:00.000Z,273.9297,274.6726,272.966,273.2591,66730
2018-04-10T16:00:00.000Z,273.8949,274.9449,273.4094,274.9022,80491
2018-04-11T16:00:00.000Z,276.3725,277.4599,275.0029,275.8598,158991
2018-04-12T16:00:00.000Z,275.0684,275.3852,273.4185,273.86,96154
2018-04-15T16:00:00.000Z,273.9842,275.6258,273.6173,274.9842,97796
2018-04-16T16:00:00.000Z,274.8535,275.5773,274.5689,275.3687,62546
2018-04-17T16:00:00.000Z,273.9432,275.475,273.9432,275.2339,70708
2018-04-18T16:00:00.000Z,276.3127,276.5813,275.3134,275.9815,90545
2018-04-19T16:00:00.000Z,275.1797,275.5601,274.3105,274.6411,83543
2018-04-22T16:00:00.000Z,274.2627,274.4127,272.8128,273.3427,125366
2018-04-23T16:00:00.000Z,272.4213,273.1948,272.0974,272.8318,106248
2018-04-24T16:00:00.000Z,272.9325,273.8663,272.764,272.8324,86575
2018-04-25T16:00:00.000Z,272.6689,273.4504,272.6369,273.3542,79765
2018-04-26T16:00:00.000Z,273.3763,273.4762,272.3345,272.771,112648
2018-05-01T16:00:00.000Z,270.9893,272.3381,270.9167,272.2147,69268
2018-05-02T16:00:00.000Z,272.3095,273.3747,271.8262,272.4931,108373
2018-05-03T16:00:00.000Z,273.7115,273.7614,272.7483,273.0342,94077
2018-05-06T16:00:00.000Z,273.9163,274.7017,273.345,274.0741,83205
2018-05-07T16:00:00.000Z,274.2615,274.474,273.8379,274.0251,64094
2018-05-08T16:00:00.000Z,273.7704,275.108,273.0973,273.7818,92502
2018-05-09T16:00:00.000Z,274.3009,274.7297,273.8904,274.0511,65985
2018-05-10T16:00:00.000Z,274.9903,274.9903,274.0414,274.4609,58723
2018-05-13T16:00:00.000Z,274.8549,274.9048,274.3149,274.4364,41490
2018-05-14T16:00:00.000Z,274.2104,274.5421,273.1195,273.1784,49191
2018-05-15T16:00:00.000Z,271.2182,271.467,269.9502,270.6414,84262
2018-05-16T16:00:00.000Z,269.5363,270.2505,269.2157,269.3156,64496
2018-05-17T16:00:00.000Z,269.5876,269.9371,269.4088,269.7802,48779
2018-05-20T16:00:00.000Z,269.5837,270.6422,268.9501,269.0136,73356
2018-05-21T16:00:00.000Z,269.6805,270.324,269.5493,269.7932,58915
2018-05-22T16:00:00.000Z,270.2908,270.4465,269.7915,270.1133,58838
2018-05-23T16:00:00.000Z,270.9603,271.9364,270.3062,271.8913,87708
2018-05-24T16:00:00.000Z,272.2642,273.6014,272.0175,273.2985,74717
2018-05-27T16:00:00.000Z,273.9854,274.0905,271.9466,272.1483,67897
2018-05-28T16:00:00.000Z,272.6851,273.4716,272.4832,273.0744,45293
2018-05-29T16:00:00.000Z,273.4035,274.7958,272.6566,274.0024,96120
2018-05-30T16:00:00.000Z,274.1259,274.4229,273.6812,274.3672,49488
2018-05-31T16:00:00.000Z,273.87,274.8567,273.2196,273.7577,62636
2018-06-03T16:00:00.000Z,272.6463,273.5693,272.2296,272.328,52455
2018-06-04T16:00:00.000Z,272.8288,272.8846,271.5918,271.8396,42990
2018-06-05T16:00:00.000Z,271.9439,273.2383,271.6497,272.3452,55517
2018-06-06T16:00:00.000Z,272.3483,272.7977,271.751,272.1005,40773
2018-06-07T16:00:00.000Z,272.6009,272.6998,271.7589,272.0554,53181
2018-06-10T16:00:00.000Z,272.4536,273.3068,272.311,272.6602,56233
2018-06-11T16:00:00.000Z,272.7634,273.4106,272.1653,272.3633,52563
2018-06-12T16:00:00.000Z,271.975,272.8677,271.9254,272.0735,39890
2018-06-13T16:00:00.000Z,272.1739,273.315,271.926,273.315,63144
2018-06-14T16:00:00.000Z,274.0099,274.3582,273.2729,273.6201,66953
2018-06-18T16:00:00.000Z,270.9914,271.4848,270.8426,271.3857,43867
2018-06-19T16:00:00.000Z,270.7549,271.4038,270.155,270.2049,54521
2018-06-20T16:00:00.000Z,270.5544,270.8042,269.1056,269.4551,59928
2018-06-21T16:00:00.000Z,269.605,270.6533,269.4053,270.5535,45273
2018-06-24T16:00:00.000Z,270.404,271.7035,270.1544,271.1538,65599
2018-06-25T16:00:00.000Z,271.3545,272.0038,271.2046,271.2553,49445
2018-06-26T16:00:00.000Z,270.956,271.7545,270.9061,271.6047,56031
2018-06-27T16:00:00.000Z,271.405,271.9041,270.9057,270.9057,45304
2018-06-28T16:00:00.000Z,271.6051,271.7548,270.7569,271.4059,48822
2018-07-01T16:00:00.000Z,271.406,272.454,271.0068,272.1053,47330
2018-07-02T16:00:00.000Z,272.8539,272.9038,271.3066,271.9061,61818
2018-07-03T16:00:00.000Z,272.2057,273.705,272.1059,272.6561,72836
2018-07-04T16:00:00.000Z,272.5569,273.3054,272.3075,272.7568,45025
2018-07-05T16:00:00.000Z,272.6076,273.5569,272.4078,273.2573,54678
2018-07-08T16:00:00.000Z,272.9587,273.4078,272.7087,273.108,45990
2018-07-09T16:00:00.000Z,273.2216,273.3221,271.625,272.0213,47972
2018-07-10T16:00:00.000Z,272.2205,273.0719,271.9255,272.8728,51104
2018-07-11T16:00:00.000Z,273.2215,273.2712,271.7757,271.9255,47557
2018-07-12T16:00:00.000Z,271.9265,272.3745,271.6262,271.7256,34145
2018-07-15T16:00:00.000Z,272.2723,272.3754,271.7271,272.0766,34681
2018-07-16T16:00:00.000Z,271.5804,271.779,270.7782,271.574,49659
2018-07-17T16:00:00.000Z,271.2772,271.426,268.6314,269.0786,90697
2018-07-18T16:00:00.000Z,269.4763,270.3777,269.2298,270.3282,52827
2018-07-19T16:00:00.000Z,269.3868,271.1253,269.238,270.6793,66483
2018-07-22T16:00:00.000Z,271.7856,272.3289,271.4833,271.9318,53715
2018-07-23T16:00:00.000Z,271.9823,272.2353,271.5343,271.7341,52623
2018-07-24T16:00:00.000Z,271.9839,272.2348,271.5402,271.7365,37875
2018-07-25T16:00:00.000Z,271.887,272.1371,271.3384,272.1367,47582
2018-07-26T16:00:00.000Z,271.6913,272.1363,271.3385,271.5371,44420
2018-07-29T16:00:00.000Z,271.9833,272.0898,271.4401,271.5894,39249
2018-07-30T16:00:00.000Z,271.7403,271.9403,271.3412,271.6902,34161
2018-07-31T16:00:00.000Z,271.4431,271.5919,270.1975,271.493,61595
2018-08-01T16:00:00.000Z,271.0991,271.5861,270.5465,270.7933,46990
2018-08-02T16:00:00.000Z,271.387,271.387,269.9461,270.2442,43709
2018-08-05T16:00:00.000Z,270.2461,271.1938,270.0471,270.2981,55189
2018-08-06T16:00:00.000Z,269.7057,270.5966,269.6975,270.1489,37274
2018-08-07T16:00:00.000Z,269.8543,269.9036,268.3542,269.55,56450
2018-08-08T16:00:00.000Z,269.0608,269.7036,268.6566,269.6033,44116
2018-08-09T16:00:00.000Z,269.4137,269.8111,269.1618,269.4612,41143
2018-08-12T16:00:00.000Z,270.2502,270.7613,270.0129,270.1636,57156
2018-08-13T16:00:00.000Z,269.0863,269.2337,267.5695,267.7182,74525
2018-08-14T16:00:00.000Z,268.1618,268.4673,267.0727,267.468,49036
2018-08-15T16:00:00.000Z,267.2255,267.5174,262.7745,264.0711,119316
2018-08-16T16:00:00.000Z,264.0744,264.7175,263.3258,263.4763,65563
2018-08-19T16:00:00.000Z,263.7234,265.2248,263.4792,265.2248,46047
2018-08-20T16:00:00.000Z,265.1277,266.5266,264.8789,266.429,47505
2018-08-21T16:00:00.000Z,265.9771,266.6271,265.0807,266.3285,52258
2018-08-22T16:00:00.000Z,267.1744,267.2272,266.23,266.2789,45189
2018-08-23T16:00:00.000Z,266.8208,266.8806,265.6346,266.3947,41526
2018-08-26T16:00:00.000Z,266.0418,267.7361,265.9398,267.5352,62912
2018-08-27T16:00:00.000Z,267.5364,268.4369,267.3409,268.388,39879
2018-08-28T16:00:00.000Z,268.0963,268.2386,266.1414,267.1395,47045
2018-08-29T16:00:00.000Z,267.6414,267.9423,267.1498,267.5425,39093
2018-08-30T16:00:00.000Z,268.0822,268.1473,266.7487,267.8959,56341
2018-09-02T16:00:00.000Z,267.8547,267.9034,266.6544,266.7031,45156
2018-09-03T16:00:00.000Z,266.8051,267.0087,265.6191,265.7167,33812
2018-09-04T16:00:00.000Z,265.8666,265.9152,265.1658,265.7088,45496
2018-09-05T16:00:00.000Z,266.1674,266.8639,265.778,266.5183,42405
2018-09-06T16:00:00.000Z,267.2767,267.7239,266.6291,267.3227,57529
2018-09-09T16:00:00.000Z,266.3851,267.1283,266.1355,266.3901,51450
2018-09-10T16:00:00.000Z,266.7399,267.2441,266.7038,267.145,33809
2018-09-11T16:00:00.000Z,266.183,267.6934,265.9021,266.949,50244
2018-09-12T16:00:00.000Z,266.9037,268.345,266.8502,268.2437,58691
2018-09-13T16:00:00.000Z,268.6314,269.193,267.2628,268.7954,72137
2018-09-16T16:00:00.000Z,268.1749,268.3191,267.2597,267.5082,53377
2018-09-17T16:00:00.000Z,267.9922,268.6583,267.7617,267.8116,46454
2018-09-18T16:00:00.000Z,268.4456,268.6158,267.388,268.1184,39345
2018-09-19T16:00:00.000Z,268.7214,268.7696,267.9293,268.3723,45337
2018-09-20T16:00:00.000Z,268.6931,269.5192,268.1486,269.2336,49246
2018-09-24T16:00:00.000Z,268.2366,268.2366,267.5457,268.1449,29028
2018-09-25T16:00:00.000Z,268.4577,268.8996,268.208,268.5529,35969
2018-09-26T16:00:00.000Z,267.8664,268.7047,267.372,267.6191,54667
2018-09-27T16:00:00.000Z,266.3001,266.4305,265.0726,265.1225,69651
2018-10-07T16:00:00.000Z,269.5792,269.9174,268.2397,268.891,40874
2018-10-08T16:00:00.000Z,267.7811,268.5303,267.525,268.1806,57323
2018-10-09T16:00:00.000Z,267.9314,268.5305,267.5418,268.2232,52259
2018-10-10T16:00:00.000Z,268.0195,269.8057,267.9033,269.8057,79271
2018-10-11T16:00:00.000Z,271.5852,274.1607,270.8773,273.2243,153309
2018-10-14T16:00:00.000Z,273.8092,275.7701,273.5716,275.7701,90486
2018-10-15T16:00:00.000Z,276.4258,276.5809,275.2475,275.6919,83439
2018-10-16T16:00:00.000Z,276.1067,276.4896,274.6464,274.9849,69037
2018-10-17T16:00:00.000Z,275.7661,276.3219,274.8849,275.2975,73002
2018-10-18T16:00:00.000Z,276.0035,277.7401,275.6538,276.5912,100589
2018-10-21T16:00:00.000Z,276.6271,276.9135,276.1775,276.4339,60423
2018-10-22T16:00:00.000Z,276.1382,277.6518,275.646,277.6093,76718
2018-10-23T16:00:00.000Z,279.3299,280.0074,277.7583,277.8582,112310
2018-10-24T16:00:00.000Z,277.6505,280.0708,277.6505,279.3215,101107
2018-10-25T16:00:00.000Z,278.9753,279.5138,278.0789,279.2244,84113
2018-10-28T16:00:00.000Z,279.4551,281.4195,278.8341,278.8341,142157
2018-10-29T16:00:00.000Z,279.0487,279.2719,277.8235,278.3096,92706
2018-10-30T16:00:00.000Z,277.7793,278.3346,276.157,276.1926,122961
2018-10-31T16:00:00.000Z,276.3419,277.0775,275.2912,276.9608,98621
2018-11-01T16:00:00.000Z,277.9719,278.3255,277.1603,277.33,121530
2018-11-04T16:00:00.000Z,276.9926,277.954,276.6964,277.6044,77132
2018-11-05T16:00:00.000Z,277.5805,278.4865,277.3389,277.8198,69911
2018-11-06T16:00:00.000Z,278.6522,278.841,277.0999,278.0898,92115
2018-11-07T16:00:00.000Z,278.314,278.3381,277.0693,277.1942,63245
2018-11-08T16:00:00.000Z,277.3206,277.7126,276.5197,276.6857,71157
2018-11-11T16:00:00.000Z,276.8557,276.9038,274.5345,274.6844,103595
2018-11-12T16:00:00.000Z,274.8683,274.9068,273.6586,273.7757,70279
2018-11-13T16:00:00.000Z,273.5005,274.1797,273.4913,273.925,79363
2018-11-14T16:00:00.000Z,273.627,275.5874,273.1678,275.5451,73170
2018-11-15T16:00:00.000Z,275.2426,276.1582,274.6917,276.1111,77162
2018-11-18T16:00:00.000Z,276.5231,277.6959,276.446,276.9756,94713
2018-11-19T16:00:00.000Z,277.3711,278.208,277.262,278.1551,66280
2018-11-20T16:00:00.000Z,278.666,279.25,277.7538,278.0076,74240
2018-11-21T16:00:00.000Z,278.264,279.213,277.8571,278.7607,63088
2018-11-22T16:00:00.000Z,279.1424,279.2566,278.7113,278.857,40210
2018-11-25T16:00:00.000Z,278.5671,279.0617,278.1633,278.8136,62664
2018-11-26T16:00:00.000Z,278.9496,279.1482,278.177,278.3164,53018
2018-11-27T16:00:00.000Z,278.8542,279.157,276.7543,277.0674,83578
2018-11-28T16:00:00.000Z,277.1068,279.2471,276.7264,279.1007,88827
2018-11-29T16:00:00.000Z,279.4164,279.7632,278.8078,279.0488,62802
2018-12-02T16:00:00.000Z,278.7781,279.0709,277.8676,278.0204,86126
2018-12-03T16:00:00.000Z,278.3284,279.1176,277.9908,278.0392,83022
2018-12-04T16:00:00.000Z,278.2169,278.9612,277.8121,278.589,60265
2018-12-05T16:00:00.000Z,278.7304,280.2228,278.4495,279.612,81501
2018-12-06T16:00:00.000Z,279.7098,281.1015,279.5648,279.9718,95003
2018-12-09T16:00:00.000Z,280.3965,282.8473,280.1242,282.7962,124724
2018-12-10T16:00:00.000Z,282.4464,282.8145,281.952,282.3849,67502
2018-12-11T16:00:00.000Z,282.0289,282.1853,280.8463,280.9302,68947
2018-12-12T16:00:00.000Z,281.0935,281.5828,280.3048,280.5434,52893
2018-12-13T16:00:00.000Z,280.2038,280.7795,279.8658,280.1136,53707
2018-12-16T16:00:00.000Z,280.1067,280.5756,279.4575,279.9338,54658
2018-12-17T16:00:00.000Z,280.3823,282.075,280.3333,281.6086,54919
2018-12-18T16:00:00.000Z,281.7032,282.5783,281.6286,282.3373,55515
2018-12-19T16:00:00.000Z,282.1386,284.1181,281.446,281.9278,113898
2018-12-20T16:00:00.000Z,282.8402,285.5013,282.8402,284.5703,110533
2018-12-23T16:00:00.000Z,284.8769,285.7851,283.9202,285.2521,81904
2018-12-24T16:00:00.000Z,285.3319,287.4727,285.0992,286.8732,76468
2018-12-25T16:00:00.000Z,286.9914,287.3741,285.8134,287.2657,50730
2018-12-26T16:00:00.000Z,286.9026,287.7187,285.6604,286.1165,106268
2018-12-27T16:00:00.000Z,286.6233,287.6761,286.0971,287.6446,92428
2019-01-01T16:00:00.000Z,287.2528,288.491,286.9594,288.1092,50369
2019-01-02T16:00:00.000Z,288.2734,290.5563,287.7098,290.5067,109825
2019-01-03T16:00:00.000Z,289.9033,291.4348,289.1801,290.3947,119843
2019-01-06T16:00:00.000Z,289.9472,289.9798,286.8042,288.5102,151801
2019-01-07T16:00:00.000Z,288.8967,289.5775,286.8055,287.084,104096
2019-01-08T16:00:00.000Z,286.8274,287.5536,285.8194,286.1111,99383
2019-01-09T16:00:00.000Z,285.5769,287.7589,285.5769,286.8116,120736
2019-01-10T16:00:00.000Z,286.1381,286.367,284.4926,284.8916,113147
2019-01-13T16:00:00.000Z,285.011,285.3944,283.8684,284.9866,100742
2019-01-14T16:00:00.000Z,285.667,285.9406,284.161,284.3114,99198
2019-01-15T16:00:00.000Z,284.7215,285.5245,284.3454,284.6484,94444
2019-01-16T16:00:00.000Z,284.3177,285.312,284.2971,285.1647,74502
2019-01-17T16:00:00.000Z,285.6007,285.6725,284.7919,285.1343,87762
2019-01-20T16:00:00.000Z,283.9123,284.136,282.7868,283.2809,116734
2019-01-21T16:00:00.000Z,282.5323,283.5248,282.3982,283.3265,72740
2019-01-22T16:00:00.000Z,284.0454,284.7204,283.382,283.6946,84331
2019-01-23T16:00:00.000Z,283.974,284.1793,283.0358,283.4012,87734
2019-01-24T16:00:00.000Z,283.0284,283.9381,282.7962,283.0074,93874
2019-01-27T16:00:00.000Z,283.1066,286.0566,282.8671,285.716,142963
2019-01-28T16:00:00.000Z,285.5819,286.8854,285.1764,286.7479,121158
2019-01-29T16:00:00.000Z,287.3383,288.1064,286.9088,287.752,139130
2019-01-30T16:00:00.000Z,287.084,288.1372,286.4808,288.0571,114681
2019-01-31T16:00:00.000Z,288.6614,289.408,288.0047,289.3575,112317
2019-02-10T16:00:00.000Z,288.9364,289.4714,288.4247,288.978,70074
2019-02-11T16:00:00.000Z,288.566,289.393,288.0686,289.1182,110770
2019-02-12T16:00:00.000Z,289.4141,289.6703,288.3512,288.7159,88925
2019-02-13T16:00:00.000Z,288.1425,290.1667,287.9371,288.0401,120598
2019-02-14T16:00:00.000Z,287.6259,290.5994,287.5744,290.0547,129463
2019-02-17T16:00:00.000Z,290.2912,291.6174,289.6641,291.4167,122580
2019-02-18T16:00:00.000Z,292.0999,292.5852,291.7333,291.8369,68609
2019-02-19T16:00:00.000Z,293.2106,294.7481,293.0612,293.8583,123737
2019-02-20T16:00:00.000Z,293.9376,294.3933,291.9439,292.013,112306
2019-02-21T16:00:00.000Z,291.7708,292.4363,289.9241,290.1289,107726
2019-02-24T16:00:00.000Z,289.5297,291.2744,289.2899,289.8337,119093
2019-02-25T16:00:00.000Z,289.7114,290.1344,288.6432,289.641,97744
2019-02-26T16:00:00.000Z,288.8228,289.7977,288.8228,289.3084,74571
2019-02-27T16:00:00.000Z,288.8492,289.5065,286.5986,287.4784,108412
2019-02-28T16:00:00.000Z,288.3375,288.6099,286.1968,286.5036,107767
2019-03-03T16:00:00.000Z,285.4941,286.7561,282.1335,282.468,168308
2019-03-04T16:00:00.000Z,281.1407,282.2856,280.7966,281.4404,95539
2019-03-05T16:00:00.000Z,281.384,283.0064,280.758,283.0016,107612
2019-03-06T16:00:00.000Z,282.1385,282.6454,281.4055,281.5444,92411
2019-03-07T16:00:00.000Z,282.2539,284.3277,281.4407,284.2313,129158
2019-03-10T16:00:00.000Z,284.4577,286.1721,284.0596,285.445,125016
2019-03-11T16:00:00.000Z,284.9698,285.3024,283.8678,284.8445,104123
2019-03-12T16:00:00.000Z,285.0667,286.3894,284.4456,286.2854,85989
2019-03-13T16:00:00.000Z,286.5916,287.0374,285.6658,285.7252,92188
2019-03-14T16:00:00.000Z,284.9322,285.9292,283.6156,285.5355,133560
2019-03-17T16:00:00.000Z,285.6043,286.1632,284.5188,285.8258,93132
2019-03-18T16:00:00.000Z,286.2921,286.9227,285.6468,286.6169,93306
2019-03-19T16:00:00.000Z,287.0005,287.3883,285.9693,286.2057,81616
2019-03-20T16:00:00.000Z,286.3474,288.1624,284.5906,288.0125,145951
2019-03-21T16:00:00.000Z,288.0038,288.0411,285.9798,286.9651,118151
2019-03-24T16:00:00.000Z,287.4417,288.7513,287.0799,288.7179,115477
2019-03-25T16:00:00.000Z,289.283,290.1118,288.8102,288.9841,116446
2019-03-26T16:00:00.000Z,288.8062,289.3441,288.3091,288.9205,110026
2019-03-27T16:00:00.000Z,288.8868,289.2264,287.6437,288.1175,135309
2019-03-28T16:00:00.000Z,286.0165,286.0908,282.533,282.692,217698
2019-03-31T16:00:00.000Z,284.4288,284.5249,282.6249,282.8113,140329
2019-04-01T16:00:00.000Z,284.0029,284.3471,282.8073,282.864,109453
2019-04-02T16:00:00.000Z,283.3291,284.0284,283.2058,283.5987,105532
2019-04-03T16:00:00.000Z,283.5545,283.8314,282.7063,283.6462,101125
2019-04-07T16:00:00.000Z,283.919,285.0338,283.7462,284.8961,58826
2019-04-08T16:00:00.000Z,285.9939,286.0467,284.5201,285.1571,98795
2019-04-09T16:00:00.000Z,286.1665,286.6577,285.6742,286.5792,106992
2019-04-10T16:00:00.000Z,286.1732,287.6446,286.1365,286.9403,112200
2019-04-11T16:00:00.000Z,284.6753,285.451,283.7752,284.0856,131660
2019-04-14T16:00:00.000Z,283.3399,284.1969,282.4254,282.5275,110262
2019-04-15T16:00:00.000Z,282.1411,283.0168,281.7684,282.3694,92611
2019-04-16T16:00:00.000Z,281.2209,281.3539,280.5265,280.8428,135959
2019-04-17T16:00:00.000Z,280.054,280.5133,278.72,279.0454,104551
2019-04-18T16:00:00.000Z,279.6527,280.7404,279.5588,280.4444,82178
2019-04-21T16:00:00.000Z,280.5999,281.7906,280.3353,281.2826,70672
2019-04-22T16:00:00.000Z,281.273,281.5103,279.8863,279.9907,90630
2019-04-23T16:00:00.000Z,278.9785,280.5903,278.9785,279.8175,110816
2019-04-24T16:00:00.000Z,279.9902,281.9435,279.8226,281.4721,121131
2019-04-25T16:00:00.000Z,282.2748,283.0753,281.8478,282.5908,135882
2019-04-28T16:00:00.000Z,282.8182,283.6243,282.616,282.6234,122821
2019-04-29T16:00:00.000Z,282.7185,283.3783,281.9002,283.1307,104503
2019-05-05T16:00:00.000Z,286.0581,286.0581,284.1665,284.6036,89462
2019-05-06T16:00:00.000Z,283.5428,284.9086,283.1444,284.3059,109915
2019-05-07T16:00:00.000Z,284.1945,286.0733,284.1642,285.9278,124263
2019-05-08T16:00:00.000Z,286.5427,286.8309,285.0349,286.1473,139360
2019-05-09T16:00:00.000Z,286.9993,287.9791,286.1843,286.3911,166166
2019-05-12T16:00:00.000Z,287.8607,288.7248,287.3472,288.3894,125030
2019-05-13T16:00:00.000Z,290.3099,293.0004,290.2957,291.8626,176803
2019-05-14T16:00:00.000Z,292.3015,292.331,290.1908,290.4692,130929
2019-05-15T16:00:00.000Z,292.3584,292.3941,290.8658,291.593,112261
2019-05-16T16:00:00.000Z,290.4792,291.1321,289.4303,290.9951,116303
2019-05-19T16:00:00.000Z,290.3314,290.6208,288.4692,288.7804,119134
2019-05-20T16:00:00.000Z,289.2079,289.5952,288.0648,288.5384,93953
2019-05-21T16:00:00.000Z,287.8566,288.407,287.3004,288.324,91798
2019-05-22T16:00:00.000Z,288.5626,289.1804,288.3704,288.8437,79671
2019-05-23T16:00:00.000Z,290.5434,291.2563,290.0334,290.5793,129821
2019-05-26T16:00:00.000Z,290.4599,290.9009,289.6659,290.7093,71834
2019-05-27T16:00:00.000Z,290.5496,290.7247,290.0422,290.4869,44150
2019-05-28T16:00:00.000Z,289.6502,291.012,289.0648,290.9416,91234
2019-05-29T16:00:00.000Z,290.6508,291.094,289.2372,289.6519,91566
2019-05-30T16:00:00.000Z,290.3742,293.0203,290.0821,292.9626,134932
2019-06-02T16:00:00.000Z,293.8423,296.6775,293.4019,296.2763,153902
2019-06-03T16:00:00.000Z,297.4348,299.6985,296.5786,299.3656,144281
2019-06-04T16:00:00.000Z,298.8425,301.5267,298.3779,301.3389,154808
2019-06-05T16:00:00.000Z,302.7506,303.3437,299.9017,301.3083,189657
2019-06-09T16:00:00.000Z,301.9023,301.9023,300.0771,300.4945,86023
2019-06-10T16:00:00.000Z,300.845,301.0611,298.9655,299.222,118603
2019-06-11T16:00:00.000Z,298.9197,303.0184,298.3455,302.3013,178111
2019-06-12T16:00:00.000Z,301.9095,302.9128,300.9803,302.8597,130819
2019-06-13T16:00:00.000Z,302.2838,307.4286,302.0403,307.374,185741
2019-06-16T16:00:00.000Z,306.0926,307.1823,303.0926,303.7525,237032
2019-06-17T16:00:00.000Z,304.2848,306.3138,303.8432,305.7893,143732
2019-06-18T16:00:00.000Z,307.1305,307.4825,302.5174,303.9885,277235
2019-06-19T16:00:00.000Z,303.7232,313.5308,303.2966,310.9163,274630
2019-06-20T16:00:00.000Z,310.6462,316.1292,309.7668,313.3208,334945
2019-06-23T16:00:00.000Z,314.28,316.968,312.1699,315.4445,287818
2019-06-24T16:00:00.000Z,315.8836,322.7184,315.4514,321.5196,364214
2019-06-25T16:00:00.000Z,320.4892,322.9901,315.8202,316.1339,407324
2019-06-26T16:00:00.000Z,316.8818,318.0621,315.1959,315.4265,292382
2019-06-27T16:00:00.000Z,314.7012,320.5989,314.6094,316.6945,313725
2019-06-30T16:00:00.000Z,316.9576,317.1425,308.4532,308.7258,302453
2019-07-01T16:00:00.000Z,310.684,312.6276,309.6095,311.9337,218677
2019-07-02T16:00:00.000Z,311.9081,323.384,311.656,320.9871,445977
2019-07-03T16:00:00.000Z,318.7855,319.7226,317.0103,317.5687,292117
2019-07-04T16:00:00.000Z,317.4071,319.2307,317.2152,317.8496,141631
2019-07-07T16:00:00.000Z,314.2151,316.5789,312.1609,316.2726,358076
2019-07-08T16:00:00.000Z,315.6481,315.8905,313.1478,313.4438,203344
2019-07-09T16:00:00.000Z,313.6234,315.4716,312.8678,313.171,168132
2019-07-10T16:00:00.000Z,317.2498,320.717,315.5258,318.9658,289262
2019-07-11T16:00:00.000Z,317.7318,318.126,315.5501,316.6302,179988
2019-07-14T16:00:00.000Z,316.2041,318.4472,316.0072,317.7581,156798
2019-07-15T16:00:00.000Z,317.2628,318.2777,316.461,317.7576,138356
2019-07-16T16:00:00.000Z,317.1278,317.798,315.4094,315.8195,211996
2019-07-17T16:00:00.000Z,316.1624,321.1392,316.0856,319.0813,304028
2019-07-18T16:00:00.000Z,318.6848,324.7167,318.3984,323.3049,273331
2019-07-21T16:00:00.000Z,322.5133,324.579,319.6469,320.6649,331748
2019-07-22T16:00:00.000Z,320.7188,321.4972,317.915,318.752,183039
2019-07-23T16:00:00.000Z,320.6447,321.6645,319.1463,319.7064,191387
2019-07-24T16:00:00.000Z,320.0334,321.189,319.2946,320.3504,152913
2019-07-25T16:00:00.000Z,320.0456,320.2566,317.1506,319.1029,241769
2019-07-28T16:00:00.000Z,319.1394,320.6151,318.8529,319.6412,190710
2019-07-29T16:00:00.000Z,319.9099,321.1106,318.8554,320.8781,133783
2019-07-30T16:00:00.000Z,321.0963,322.5254,320.6749,322.2578,149879
2019-07-31T16:00:00.000Z,322.2259,322.27,316.3602,316.6991,294794
2019-08-01T16:00:00.000Z,317.0246,326.4308,315.7316,324.3646,383803
2019-08-04T16:00:00.000Z,324.4073,334.3517,323.5522,334.3016,443580
2019-08-05T16:00:00.000Z,336.9487,339.7103,334.5149,335.6806,449406
2019-08-06T16:00:00.000Z,336.1718,343.2776,335.7331,341.9783,433585
2019-08-07T16:00:00.000Z,344.5562,349.4627,342.851,344.4983,593187
2019-08-08T16:00:00.000Z,343.7937,347.8829,342.8812,346.096,319868
2019-08-11T16:00:00.000Z,345.7337,348.0475,344.1567,344.3998,315159
2019-08-12T16:00:00.000Z,346.3405,353.0015,346.3066,352.429,386933
2019-08-13T16:00:00.000Z,351.2792,352.1243,340.2974,343.0821,677874
2019-08-14T16:00:00.000Z,347.1381,350.4974,345.7851,347.5619,566796
2019-08-15T16:00:00.000Z,347.7738,350.932,347.2046,347.9445,419199
2019-08-18T16:00:00.000Z,346.7687,348.2276,345.2286,346.64,387954
2019-08-19T16:00:00.000Z,344.6565,346.0598,344.3278,345.016,209615
2019-08-20T16:00:00.000Z,346.5245,347.4883,345.519,345.6338,212794
2019-08-21T16:00:00.000Z,345.9628,347.1745,345.8408,346.7065,166096
2019-08-22T16:00:00.000Z,346.1795,347.6754,345.6899,346.5082,189842
2019-08-25T16:00:00.000Z,348.0384,360.417,347.8809,358.5367,610912
2019-08-26T16:00:00.000Z,356.2365,359.4874,356.119,358.9896,339442
2019-08-27T16:00:00.000Z,358.163,362.4176,357.743,359.1702,487798
2019-08-28T16:00:00.000Z,360.0774,363.6805,358.7914,363.1487,360572
2019-08-29T16:00:00.000Z,360.7611,361.6777,354.9022,357.006,449977
2019-09-01T16:00:00.000Z,357.5007,358.0228,354.1687,356.1533,373693
2019-09-02T16:00:00.000Z,356.1979,359.3993,356.1534,357.8541,212811
2019-09-03T16:00:00.000Z,358.794,364.244,358.6628,359.4188,571245
2019-09-04T16:00:00.000Z,360.453,363.282,359.4817,361.3178,394403
2019-09-05T16:00:00.000Z,358.5222,359.5804,349.0049,349.6263,620471
2019-09-08T16:00:00.000Z,352.1953,355.3188,347.5649,351.1248,567192
2019-09-09T16:00:00.000Z,352.0904,352.3791,344.0114,345.3612,416337
2019-09-10T16:00:00.000Z,346.0649,348.3572,344.8713,346.4289,337754
2019-09-11T16:00:00.000Z,346.3861,347.1288,344.5827,346.6335,255478
2019-09-15T16:00:00.000Z,347.3665,348.1469,345.9391,346.7825,126281
2019-09-16T16:00:00.000Z,346.318,347.2588,344.6634,345.472,210027
2019-09-17T16:00:00.000Z,347.106,348.3221,346.3051,347.0611,210229
2019-09-18T16:00:00.000Z,347.4899,349.1428,343.9855,346.5443,271812
2019-09-19T16:00:00.000Z,347.9221,347.9598,346.2686,347.2731,153964
2019-09-22T16:00:00.000Z,347.0473,352.6349,346.4373,350.8796,251826
2019-09-23T16:00:00.000Z,352.0576,354.0356,351.867,352.6216,218584
2019-09-24T16:00:00.000Z,352.6217,355.8901,351.0131,354.4282,316911
2019-09-25T16:00:00.000Z,354.0852,355.0667,348.2617,350.1709,314604
2019-09-26T16:00:00.000Z,349.8268,351.0366,346.3571,347.0466,228887
2019-09-29T16:00:00.000Z,346.3103,348.968,343.6341,345.7149,276087
2019-10-07T16:00:00.000Z,344.7377,346.4206,344.6414,345.1773,77494
2019-10-08T16:00:00.000Z,348.8327,350.6069,348.1629,350.244,220129
2019-10-09T16:00:00.000Z,349.4011,350.6356,347.4218,348.4057,210725
2019-10-10T16:00:00.000Z,347.9297,348.4446,344.2797,346.5908,219976
2019-10-13T16:00:00.000Z,342.6671,343.5756,339.3355,341.484,338791
2019-10-14T16:00:00.000Z,342.4398,343.8362,341.8172,342.4281,160212
2019-10-15T16:00:00.000Z,342.7722,343.278,339.7164,341.0288,218767
2019-10-16T16:00:00.000Z,343.3031,343.906,341.7187,343.4955,167832
2019-10-17T16:00:00.000Z,342.7843,343.9143,342.2013,342.819,166247
2019-10-20T16:00:00.000Z,342.5338,343.2497,341.5836,342.6453,157312
2019-10-21T16:00:00.000Z,342.701,343.4185,340.3159,341.3763,167101
2019-10-22T16:00:00.000Z,341.6666,342.8919,340.6628,342.8435,136010
2019-10-23T16:00:00.000Z,342.868,343.2734,342.0439,342.3931,120516
2019-10-24T16:00:00.000Z,342.6523,345.9533,342.4219,345.6163,243490
2019-10-27T16:00:00.000Z,347.886,348.7326,343.9316,345.6401,232580
2019-10-28T16:00:00.000Z,343.8004,344.519,341.7032,341.9615,205921
2019-10-29T16:00:00.000Z,341.9216,342.6027,340.4158,341.7407,206038
2019-10-30T16:00:00.000Z,342.3263,343.2396,341.6451,342.5596,214822
2019-10-31T16:00:00.000Z,345.291,346.5293,344.7512,345.7116,226664
2019-11-03T16:00:00.000Z,345.2822,347.1981,345.075,345.5675,186403
2019-11-04T16:00:00.000Z,346.0341,346.5341,343.0708,343.412,150422
2019-11-05T16:00:00.000Z,341.7303,341.9563,337.408,338.6312,295151
2019-11-06T16:00:00.000Z,338.657,341.038,338.3014,340.5243,161443
2019-11-07T16:00:00.000Z,337.193,338.1821,330.9983,334.1644,318467
2019-11-10T16:00:00.000Z,331.9373,334.5722,331.3638,333.6572,212855
2019-11-11T16:00:00.000Z,333.6969,333.8746,329.715,330.3062,204574
2019-11-12T16:00:00.000Z,331.4576,334.2061,329.9336,333.9218,197775
2019-11-13T16:00:00.000Z,334.6175,335.063,333.5277,334.9226,168480
2019-11-14T16:00:00.000Z,335.4792,336.8352,333.7707,334.148,184591
2019-11-17T16:00:00.000Z,334.1192,335.028,334.0273,334.3387,105998
2019-11-18T16:00:00.000Z,332.9727,337.018,332.7739,336.4106,206960
2019-11-19T16:00:00.000Z,335.9463,337.8228,335.0127,337.4816,191986
2019-11-20T16:00:00.000Z,337.4619,338.4433,335.842,337.107,174590
2019-11-21T16:00:00.000Z,336.9059,337.0426,334.9446,336.239,181619
2019-11-24T16:00:00.000Z,336.8846,337.2118,333.7187,333.9022,179191
2019-11-25T16:00:00.000Z,333.9872,334.5114,332.0358,333.6965,163978
2019-11-26T16:00:00.000Z,333.6158,334.9814,332.5419,334.4605,168453
2019-11-27T16:00:00.000Z,334.1415,334.1802,332.8069,333.4962,134379
2019-11-28T16:00:00.000Z,333.8078,334.8293,333.6059,334.4448,67731
2019-12-01T16:00:00.000Z,333.8222,336.4572,333.2419,334.9449,136881
2019-12-02T16:00:00.000Z,334.8585,336.4209,334.7016,335.6202,189179
2019-12-03T16:00:00.000Z,338.3642,342.1989,338.3546,341.8974,301686
2019-12-04T16:00:00.000Z,340.4286,341.4323,338.8494,340.2783,203282
2019-12-05T16:00:00.000Z,339.5607,340.2911,337.6356,337.9462,189957
2019-12-08T16:00:00.000Z,338.3828,339.151,334.5763,335.2524,235168
2019-12-09T16:00:00.000Z,336.0517,336.2327,335.0634,335.5767,81199
2019-12-10T16:00:00.000Z,336.5987,336.7321,335.4213,335.7997,118494
2019-12-11T16:00:00.000Z,336.3588,338.1651,336.1546,337.7585,113634
2019-12-12T16:00:00.000Z,338.3825,341.072,332.5386,333.5403,308265
2019-12-15T16:00:00.000Z,335.2657,337.8669,332.7089,337.1139,258718
2019-12-16T16:00:00.000Z,337.2387,337.798,336.2206,336.9962,96426
2019-12-17T16:00:00.000Z,337.3633,337.6614,336.4024,337.515,89246
2019-12-18T16:00:00.000Z,337.0706,337.6273,335.8137,337.0403,120609
2019-12-19T16:00:00.000Z,336.8161,338.1537,336.7531,338.0664,94941
2019-12-22T16:00:00.000Z,337.8357,339.3831,336.9231,339.1605,128431
2019-12-23T16:00:00.000Z,338.8204,341.1122,338.5875,340.7078,113992
2019-12-24T16:00:00.000Z,340.7913,343.3116,340.6269,342.7443,109164
2019-12-25T16:00:00.000Z,342.5531,343.6372,341.6693,343.1237,84834
2019-12-26T16:00:00.000Z,343.8006,345.6735,343.5623,344.2778,192207
2019-12-29T16:00:00.000Z,344.6747,345.589,344.2068,344.4668,124129
2019-12-30T16:00:00.000Z,344.4567,346.8708,343.7993,346.4761,189699
2020-01-01T16:00:00.000Z,345.1013,345.8113,344.7026,345.5455,81773
2020-01-02T16:00:00.000Z,346.1868,351.3363,346.0009,350.5764,261168
2020-01-05T16:00:00.000Z,351.6064,359.2888,350.2206,357.8887,318462
2020-01-06T16:00:00.000Z,358.2955,358.5094,352.8837,354.5396,342069
2020-01-07T16:00:00.000Z,354.3784,364.1435,354.2189,360.459,387910
2020-01-08T16:00:00.000Z,356.4917,357.1049,346.8358,347.984,403154
2020-01-09T16:00:00.000Z,350.6589,350.7376,348.5296,349.2712,222621
2020-01-12T16:00:00.000Z,349.2081,351.4102,348.3923,349.511,252481
2020-01-13T16:00:00.000Z,348.945,349.1735,342.9797,344.7682,212867
2020-01-14T16:00:00.000Z,345.7904,348.7567,345.3556,347.6134,177342
2020-01-15T16:00:00.000Z,347.6282,349.3798,346.9681,348.0847,182750
2020-01-16T16:00:00.000Z,348.4778,348.5041,346.5765,347.9056,158333
2020-01-19T16:00:00.000Z,348.3214,348.7384,347.177,348.1227,132885
2020-01-20T16:00:00.000Z,348.6129,352.0021,348.424,351.5961,129680
2020-01-21T16:00:00.000Z,349.7031,350.0128,346.937,348.6146,192705
2020-01-22T16:00:00.000Z,349.3056,351.4931,348.9644,350.9901,117459
2020-02-02T16:00:00.000Z,359.5809,360.5446,358.2655,359.6227,103908
2020-02-03T16:00:00.000Z,359.2824,359.7608,356.4733,356.6267,96021
2020-02-04T16:00:00.000Z,353.1725,355.3477,352.5993,354.6145,82678
2020-02-05T16:00:00.000Z,352.994,353.1926,351.5528,352.8322,83213
2020-02-06T16:00:00.000Z,355.6845,356.072,354.2104,354.7588,61470
2020-02-09T16:00:00.000Z,357.7765,358.1076,355.904,356.1025,69370
2020-02-10T16:00:00.000Z,356.1881,356.3771,354.9536,355.1061,53842
2020-02-11T16:00:00.000Z,354.8883,355.0544,353.6027,354.5394,56015
2020-02-12T16:00:00.000Z,356.1833,357.4934,355.523,357.0234,67033
2020-02-13T16:00:00.000Z,357.6567,358.0374,356.6539,357.3151,58424
2020-02-16T16:00:00.000Z,358.7927,359.2564,358.2093,358.4492,60512
2020-02-17T16:00:00.000Z,359.7756,360.4689,359.5415,360.1666,66939
2020-02-18T16:00:00.000Z,363.7908,365.0917,363.5505,364.704,95708
2020-02-19T16:00:00.000Z,365.5862,367.4302,364.8683,365.608,106403
2020-02-20T16:00:00.000Z,369.56,372.8029,369.3494,372.4236,128961
2020-02-23T16:00:00.000Z,379.9276,381.2944,378.3105,380.2295,173763
2020-02-24T16:00:00.000Z,374.626,377.7173,371.3853,372.3241,220618
2020-02-25T16:00:00.000Z,373.8696,375.3275,372.5826,374.8358,149966
2020-02-26T16:00:00.000Z,374.6308,376.2521,374.2412,374.9049,131509
2020-02-27T16:00:00.000Z,373.5749,374.5719,368.6385,370.6701,230280
2020-03-01T16:00:00.000Z,361.4159,363.5229,359.2167,361.9151,222208
2020-03-02T16:00:00.000Z,359.7707,361.6261,359.7707,360.9587,112731
2020-03-03T16:00:00.000Z,370.5955,370.916,368.5659,369.2153,153471
2020-03-04T16:00:00.000Z,368.1176,369.4136,367.8496,369.3867,71900
2020-03-05T16:00:00.000Z,375.9043,378.624,375.3736,376.7821,169737
2020-03-08T16:00:00.000Z,380.8497,380.8497,371.5636,374.1114,283779
2020-03-09T16:00:00.000Z,372.7344,373.9762,367.5777,369.3774,191789
2020-03-10T16:00:00.000Z,370.3145,372.2454,369.9461,371.9098,135264
2020-03-11T16:00:00.000Z,369.3301,370.6672,366.3795,367.9893,205888
2020-03-12T16:00:00.000Z,356.6545,358.727,349.9492,357.1461,296366
2020-03-15T16:00:00.000Z,348.2853,350.0829,343.8011,347.9749,247187
2020-03-16T16:00:00.000Z,341.5051,341.5144,330.9385,331.6039,305261
2020-03-17T16:00:00.000Z,342.9992,345.4556,337.4828,339.817,257924
2020-03-18T16:00:00.000Z,337.2958,338.1094,331.5659,337.3739,237217
2020-03-19T16:00:00.000Z,336.7333,342.209,336.3077,340.5096,222716
2020-03-22T16:00:00.000Z,340.6401,341.5278,337.729,340.3649,165953
2020-03-23T16:00:00.000Z,360.0513,360.247,355.5467,359.081,218993
2020-03-24T16:00:00.000Z,373.9864,373.9864,364.0339,365.0483,203010
2020-03-25T16:00:00.000Z,365.0017,365.571,362.6858,363.9711,145205
2020-03-26T16:00:00.000Z,367.2162,369.1001,365.971,368.237,128617
2020-03-29T16:00:00.000Z,367.894,367.894,364.392,365.2625,146934
2020-03-30T16:00:00.000Z,364.9592,365.8701,364.5917,365.5284,85613
2020-03-31T16:00:00.000Z,358.3105,360.3661,356.4716,359.2885,106609
2020-04-01T16:00:00.000Z,359.0701,361.5555,358.5085,361.3206,94222
2020-04-02T16:00:00.000Z,365.169,365.7975,363.4946,364.1201,80034
2020-04-06T16:00:00.000Z,377.7273,377.7273,373.9386,374.4967,141220
2020-04-07T16:00:00.000Z,369.6067,372.1762,369.4449,370.87,87754
2020-04-08T16:00:00.000Z,371.1394,372.2963,370.6712,372.1098,59104
2020-04-09T16:00:00.000Z,375.0102,375.9066,373.4988,374.3253,60328
2020-04-12T16:00:00.000Z,375.2537,375.2578,372.5351,373.899,106663
2020-04-13T16:00:00.000Z,375.4172,380.5682,375.3995,378.1996,178669
2020-04-14T16:00:00.000Z,379.3687,379.8979,376.6703,376.8911,124222
2020-04-15T16:00:00.000Z,375.0424,380.962,375.0424,379.9834,130042
2020-04-16T16:00:00.000Z,378.2603,378.2881,369.8348,372.9102,194412
2020-04-19T16:00:00.000Z,368.1425,372.1347,367.0077,371.3383,142181
2020-04-20T16:00:00.000Z,373.3468,375.196,372.7111,374.9776,114783
2020-04-21T16:00:00.000Z,374.729,375.4695,372.4028,373.7998,124346
2020-04-22T16:00:00.000Z,378.7242,381.7734,378.3332,380.3773,152500
2020-04-23T16:00:00.000Z,380.9473,383.858,379.9186,383.4818,133812
2020-04-26T16:00:00.000Z,381.6042,383.0284,380.3969,380.7425,133932
2020-04-27T16:00:00.000Z,379.5185,379.7015,375.8409,377.8907,152775
2020-04-28T16:00:00.000Z,379.0971,380.2682,378.7235,379.4818,99590
2020-04-29T16:00:00.000Z,380.1215,381.5898,378.6324,381.0713,107070
2020-05-05T16:00:00.000Z,379.9774,381.6176,379.8577,380.897,109711
2020-05-06T16:00:00.000Z,380.097,380.4156,378.4225,379.128,214250
2020-05-07T16:00:00.000Z,380.8244,385.5634,380.1067,384.4997,258489
2020-05-10T16:00:00.000Z,382.8216,384.713,381.4738,382.9401,239202
2020-05-11T16:00:00.000Z,383.3852,383.5121,380.744,382.0837,174486
2020-05-12T16:00:00.000Z,382.1414,384.0781,381.6346,382.9696,172217
2020-05-13T16:00:00.000Z,384.6297,386.1037,382.9223,385.6142,243720
2020-05-14T16:00:00.000Z,385.9728,392.107,385.1295,391.3126,319817
2020-05-17T16:00:00.000Z,393.5745,401.8011,391.4448,400.6509,345369
2020-05-18T16:00:00.000Z,397.0235,398.2959,392.6985,394.1118,327589
2020-05-19T16:00:00.000Z,395.1285,399.4169,394.9352,398.3697,226997
2020-05-20T16:00:00.000Z,397.3848,399.014,394.1523,394.7735,232013
2020-05-21T16:00:00.000Z,394.7449,395.1974,389.8448,394.1351,299067
2020-05-24T16:00:00.000Z,394.5928,395.5456,392.2941,393.2707,212896
2020-05-25T16:00:00.000Z,393.521,396.4588,392.5982,395.0901,177742
2020-05-26T16:00:00.000Z,394.0814,394.7591,390.2782,391.0145,229288
2020-05-27T16:00:00.000Z,389.1555,394.9671,387.2894,393.9901,272929
2020-05-28T16:00:00.000Z,394.5898,395.3265,391.5699,394.2251,217457
2020-05-31T16:00:00.000Z,396.2247,398.8866,395.3641,397.8359,235480
2020-06-01T16:00:00.000Z,396.5593,398.089,395.4882,396.8413,177498
2020-06-02T16:00:00.000Z,397.1799,397.8496,391.9859,392.9256,256823
2020-06-03T16:00:00.000Z,389.8359,391.3217,387.4686,389.629,276001
2020-06-04T16:00:00.000Z,393.0607,393.1378,389.4219,390.0744,234035
2020-06-07T16:00:00.000Z,384.7013,386.8558,382.1927,386.1848,263337
2020-06-08T16:00:00.000Z,385.177,387.5614,384.2561,386.2151,181263
2020-06-09T16:00:00.000Z,390.3577,390.8297,389.5795,390.3271,150625
2020-06-10T16:00:00.000Z,391.1476,393.7317,388.2317,393.6241,209392
2020-06-11T16:00:00.000Z,393.4507,395.61,391.9276,393.5274,231022
2020-06-14T16:00:00.000Z,394.6138,395.4131,391.4666,392.465,210858
2020-06-15T16:00:00.000Z,388.8377,393.4926,388.1233,392.3185,212171
2020-06-16T16:00:00.000Z,392.2329,393.3498,390.47,392.7727,211185
2020-06-17T16:00:00.000Z,391.615,393.0267,391.4618,392.0811,130634
2020-06-18T16:00:00.000Z,392.0998,393.5225,390.8987,392.8596,141428
2020-06-21T16:00:00.000Z,393.6521,399.0692,393.1956,397.3992,224132
2020-06-22T16:00:00.000Z,398.2215,398.3733,395.9112,396.8755,210202
2020-06-23T16:00:00.000Z,397.8242,400.5873,397.6679,399.9273,205423
2020-06-28T16:00:00.000Z,400.7185,400.7687,399.3967,400.0429,80514
2020-06-29T16:00:00.000Z,399.5892,400.746,399.4681,400.6419,119893
2020-06-30T16:00:00.000Z,399.9863,403.4507,399.6415,403.0075,199065
2020-07-01T16:00:00.000Z,401.8474,401.8727,397.7162,398.976,259739
2020-07-02T16:00:00.000Z,397.7273,401.2085,397.0278,400.4818,177955
2020-07-05T16:00:00.000Z,400.6073,400.9099,398.766,399.5796,106302
2020-07-06T16:00:00.000Z,400.6937,401.1938,399.6646,400.2741,121047
2020-07-07T16:00:00.000Z,399.2701,402.8416,399.243,402.2986,160565
2020-07-08T16:00:00.000Z,404.4551,406.2483,403.7737,404.8757,195743
2020-07-09T16:00:00.000Z,404.4087,404.9985,401.1165,401.8582,219750
2020-07-12T16:00:00.000Z,403.8038,404.224,401.5278,403.7585,171831
2020-07-13T16:00:00.000Z,403.7236,405.1503,401.6133,403.0256,162303
2020-07-14T16:00:00.000Z,403.555,404.9675,402.0734,403.6422,170007
2020-07-15T16:00:00.000Z,403.1651,404.1959,401.6593,402.1966,165199
2020-07-16T16:00:00.000Z,401.659,402.5705,398.2488,399.8126,157317
2020-07-19T16:00:00.000Z,401.0135,401.8875,400.1727,401.8522,125902
2020-07-20T16:00:00.000Z,402.8812,405.0933,402.246,404.5243,156206
2020-07-21T16:00:00.000Z,407.6725,418.7518,406.4635,414.2701,347330
2020-07-22T16:00:00.000Z,412.1768,416.9742,410.1322,416.5663,287540
2020-07-23T16:00:00.000Z,415.9256,421.4762,415.4531,420.4686,292166
2020-07-26T16:00:00.000Z,422.3319,434.7371,422.2502,430.1669,409660
2020-07-27T16:00:00.000Z,430.3748,440.1711,426.9422,430.1127,549620
2020-07-28T16:00:00.000Z,429.8364,433.0238,426.1228,431.5958,342991
2020-07-29T16:00:00.000Z,432.151,433.2035,426.8946,429.2417,306340
2020-07-30T16:00:00.000Z,427.8579,433.8894,425.3741,433.2633,363119
2020-08-02T16:00:00.000Z,433.2367,433.6699,429.7965,431.8974,254910
2020-08-03T16:00:00.000Z,431.3977,433.9012,430.6831,432.4886,170547
2020-08-04T16:00:00.000Z,432.6931,445.6815,432.4934,444.6595,431476
2020-08-05T16:00:00.000Z,444.5189,448.7471,443.132,448.1406,351706
2020-08-06T16:00:00.000Z,449.3632,454.6236,448.6234,450.3414,366222
2020-08-09T16:00:00.000Z,451.7813,451.9862,443.1934,447.0341,328369
2020-08-10T16:00:00.000Z,447.6337,450.0578,435.2104,437.6391,369249
2020-08-11T16:00:00.000Z,427.1353,428.2382,417.894,417.894,304215
2020-08-12T16:00:00.000Z,419.5436,420.4074,416.0169,417.5057,341191
2020-08-13T16:00:00.000Z,418.0499,429.6682,417.4287,421.0881,421148
2020-08-16T16:00:00.000Z,422.5539,426.5359,420.0643,425.2446,341083
2020-08-17T16:00:00.000Z,426.8697,435.6877,426.8395,434.7431,405777
2020-08-18T16:00:00.000Z,437.3621,437.6032,426.5872,429.9627,454125
2020-08-19T16:00:00.000Z,430.8908,431.9048,416.9789,419.1364,485254
2020-08-20T16:00:00.000Z,418.4224,421.6055,415.7323,420.2803,356231
2020-08-23T16:00:00.000Z,417.6622,418.2928,413.1098,416.4049,369587
2020-08-24T16:00:00.000Z,420.1702,421.1231,415.9812,417.2765,259397
2020-08-25T16:00:00.000Z,416.5453,418.1344,415.4289,416.428,242358
2020-08-26T16:00:00.000Z,415.1945,422.7688,414.8951,421.3082,371792
2020-08-27T16:00:00.000Z,421.1147,427.1591,415.4146,421.2381,498901
2020-08-30T16:00:00.000Z,423.1623,425.6711,421.8792,423.4676,323046
2020-08-31T16:00:00.000Z,423.8554,428.574,423.296,427.7381,287873
2020-09-01T16:00:00.000Z,428.552,428.7939,422.7533,423.4142,302591
2020-09-02T16:00:00.000Z,423.3146,423.8977,415.331,416.13,369462
2020-09-03T16:00:00.000Z,416.9372,419.6954,414.5755,417.4077,376244
2020-09-06T16:00:00.000Z,415.9616,419.3499,414.3564,417.2665,333610
2020-09-07T16:00:00.000Z,417.0751,418.3523,415.4505,417.4705,178035
2020-09-08T16:00:00.000Z,414.6277,420.3609,411.9642,417.4291,382403
2020-09-09T16:00:00.000Z,419.0163,421.3536,418.3464,420.3772,250704
2020-09-10T16:00:00.000Z,422.8635,423.744,417.5437,419.225,287091
2020-09-13T16:00:00.000Z,419.2599,421.174,418.33,419.3701,183728
2020-09-14T16:00:00.000Z,421.0464,421.7574,419.64,420.7517,197833
2020-09-15T16:00:00.000Z,420.9983,421.3412,417.6011,419.5453,206836
2020-09-16T16:00:00.000Z,419.8605,421.0158,415.1981,416.5247,279187
2020-09-17T16:00:00.000Z,416.3112,418.174,413.7897,417.8541,213473
2020-09-20T16:00:00.000Z,417.6726,420.4956,416.5947,418.0088,187906
2020-09-21T16:00:00.000Z,414.5898,415.3749,394.7646,408.5927,529900
2020-09-22T16:00:00.000Z,409.3327,410.5715,400.5805,401.887,376466
2020-09-23T16:00:00.000Z,402.4013,404.8275,396.1876,397.5105,369251
2020-09-24T16:00:00.000Z,398.3168,402.3194,397.21,401.9644,294266
2020-09-27T16:00:00.000Z,400.3692,402.7977,399.0975,401.019,228993
2020-09-28T16:00:00.000Z,402.1684,406.9486,402.1684,406.8115,219654
2020-09-29T16:00:00.000Z,407.0787,408.8645,406.1256,407.0199,173777
2020-10-08T16:00:00.000Z,405.6588,407.9406,405.0164,406.3576,91640
2020-10-11T16:00:00.000Z,408.2548,412.6091,407.9842,411.0734,233546
2020-10-12T16:00:00.000Z,411.7813,412.2809,408.9712,409.6604,189680
2020-10-13T16:00:00.000Z,408.3854,408.3854,401.7607,405.1541,236726
2020-10-14T16:00:00.000Z,406.9802,406.9936,402.7546,404.7974,188287
2020-10-15T16:00:00.000Z,404.0683,407.3814,403.5146,406.2116,192031
2020-10-18T16:00:00.000Z,405.6528,406.9083,403.3163,406.1898,194942
2020-10-19T16:00:00.000Z,406.4413,406.589,403.1753,404.8368,174143
2020-10-20T16:00:00.000Z,404.9894,407.4881,403.94,405.9197,191135
2020-10-21T16:00:00.000Z,407.5734,408.6915,404.9689,406.1782,196897
2020-10-22T16:00:00.000Z,405.2606,405.6238,402.658,404.8977,188063
2020-10-25T16:00:00.000Z,404.9782,405.4185,401.6969,402.9183,229493
2020-10-26T16:00:00.000Z,404.3305,406.8796,404.3305,406.6962,211628
2020-10-27T16:00:00.000Z,406.4926,408.0011,405.8893,406.868,167177
2020-10-28T16:00:00.000Z,402.6854,402.7089,399.9709,401.4034,308669
2020-10-29T16:00:00.000Z,398.6221,401.1872,396.6532,398.8463,310343
2020-11-01T16:00:00.000Z,401.3997,402.9324,399.7156,402.5981,232071
2020-11-02T16:00:00.000Z,403.19,404.8949,402.5747,404.5493,170873
2020-11-03T16:00:00.000Z,405.356,407.783,404.968,406.278,250926
2020-11-04T16:00:00.000Z,406.2192,406.5933,401.3422,406.2157,212776
2020-11-05T16:00:00.000Z,408.1132,412.7554,407.635,410.3003,287809
2020-11-08T16:00:00.000Z,411.2887,413.0867,409.2084,409.5985,265827
2020-11-09T16:00:00.000Z,402.6593,402.6593,394.0422,398.8318,397505
2020-11-10T16:00:00.000Z,397.3906,398.6405,396.7081,397.9984,175228
2020-11-11T16:00:00.000Z,397.1628,397.9855,394.5346,397.3504,230867
2020-11-12T16:00:00.000Z,397.558,399.4403,397.1089,399.3421,178225
2020-11-15T16:00:00.000Z,400.1432,402.213,398.7887,399.1029,182767
2020-11-16T16:00:00.000Z,397.9875,400.8389,396.4277,398.7644,174547
2020-11-17T16:00:00.000Z,398.7521,399.9377,395.4378,396.0862,176233
2020-11-18T16:00:00.000Z,395.0749,397.9159,393.2181,394.5587,190571
2020-11-19T16:00:00.000Z,394.7942,395.4433,393.001,394.9204,189608
2020-11-22T16:00:00.000Z,394.9784,396.9733,394.4866,395.5442,164508
2020-11-23T16:00:00.000Z,395.254,395.254,384.969,386.2252,304934
2020-11-24T16:00:00.000Z,383.4594,383.7739,381.1483,382.14,239884
2020-11-25T16:00:00.000Z,383.6976,384.0869,381.2051,382.9357,163112
2020-11-26T16:00:00.000Z,383.4557,383.8121,381.7941,383.0585,170915
2020-11-29T16:00:00.000Z,382.6229,382.6229,370.635,373.2565,327678
2020-11-30T16:00:00.000Z,372.0696,377.0414,371.5957,376.0906,197615
2020-12-01T16:00:00.000Z,380.0749,382.486,379.665,381.6137,221599
2020-12-02T16:00:00.000Z,382.8357,386.3239,381.3043,385.8251,210238
2020-12-03T16:00:00.000Z,386.6748,387.4303,382.9235,386.3484,194310
2020-12-06T16:00:00.000Z,386.211,387.0361,383.4611,385.4299,218679
2020-12-07T16:00:00.000Z,384.6649,392.0092,383.8347,391.0453,236166
2020-12-08T16:00:00.000Z,390.4678,392.7246,388.1293,388.9056,190575
2020-12-09T16:00:00.000Z,388.7682,390.0638,384.7694,385.1316,204464
2020-12-10T16:00:00.000Z,385.3214,388.4435,384.1714,384.7086,183472
2020-12-13T16:00:00.000Z,384.9423,387.9831,384.0473,384.7054,174813
2020-12-14T16:00:00.000Z,383.5333,387.9319,382.6625,387.7705,195906
2020-12-15T16:00:00.000Z,388.1145,391.093,387.847,390.5134,184062
2020-12-16T16:00:00.000Z,390.2535,393.1413,388.4235,392.5647,184749
2020-12-17T16:00:00.000Z,394.3807,397.2618,393.5117,395.4704,211538
2020-12-20T16:00:00.000Z,395.8405,402.5382,393.9894,400.3678,229731
2020-12-21T16:00:00.000Z,397.6602,397.6602,394.1136,394.6729,235457
2020-12-22T16:00:00.000Z,394.8551,397.0543,392.8418,393.5589,202377
2020-12-23T16:00:00.000Z,392.7463,396.2974,392.4295,394.9531,179480
2020-12-24T16:00:00.000Z,394.9971,397.1425,393.2677,396.9414,148473
2020-12-27T16:00:00.000Z,396.6482,400.8423,394.1827,397.5019,177250
2020-12-28T16:00:00.000Z,395.8286,400.2078,395.1315,395.5525,280415
2020-12-29T16:00:00.000Z,395.6303,396.9244,393.897,395.4397,189006
2020-12-30T16:00:00.000Z,395.2375,399.3583,394.5052,396.9101,200610
2021-01-03T16:00:00.000Z,401.1193,402.405,400.8131,401.7459,120572
2021-01-04T16:00:00.000Z,403.2528,406.1465,402.7458,403.919,246425
2021-01-05T16:00:00.000Z,405.3439,406.3352,403.2182,404.3674,236894
2021-01-06T16:00:00.000Z,401.9382,404.0263,396.2616,400.8466,279246
2021-01-07T16:00:00.000Z,400.0514,400.6263,397.1527,397.673,205947
2021-01-10T16:00:00.000Z,394.3932,394.3932,379.9926,386.7931,344860
2021-01-11T16:00:00.000Z,386.2049,389.424,383.3855,389.0343,211955
2021-01-12T16:00:00.000Z,389.4024,390.2968,385.5922,389.1257,206524
2021-01-13T16:00:00.000Z,388.8646,390.2286,384.3807,386.4631,171505
2021-01-14T16:00:00.000Z,386.217,390.144,385.8999,387.793,200143
2021-01-17T16:00:00.000Z,388.0238,388.7317,382.1576,386.7602,225742
2021-01-18T16:00:00.000Z,387.0173,388.4716,386.1594,387.6121,105664
2021-01-19T16:00:00.000Z,386.6082,389.4224,385.3045,388.7977,150457
2021-01-20T16:00:00.000Z,387.1998,392.9357,384.8405,392.7359,208273
2021-01-21T16:00:00.000Z,391.7616,391.9294,389.5902,390.8684,156178
2021-01-24T16:00:00.000Z,388.1973,391.7038,386.6751,389.1097,165324
2021-01-25T16:00:00.000Z,391.371,392.6074,388.5151,390.1895,163424
2021-01-26T16:00:00.000Z,390.1526,390.5417,386.4055,388.0566,156247
2021-01-27T16:00:00.000Z,387.1003,389.624,385.5683,386.4033,182100
2021-01-28T16:00:00.000Z,386.5888,390.9053,384.8704,388.4645,235492
2021-01-31T16:00:00.000Z,390.4723,393.5309,387.0577,392.7426,325984
2021-02-01T16:00:00.000Z,392.9461,394.2406,389.0959,389.6471,226842
2021-02-02T16:00:00.000Z,387.6991,387.6991,383.6855,385.3105,220772
2021-02-03T16:00:00.000Z,385.116,385.9183,379.9234,382.4448,202228
2021-02-04T16:00:00.000Z,381.3688,381.6914,375.3209,378.0235,221268
2021-02-07T16:00:00.000Z,378.7443,381.6395,376.7308,381.1018,194875
2021-02-08T16:00:00.000Z,382.6647,385.9877,381.7171,385.7041,154145
2021-02-09T16:00:00.000Z,385.5457,386.5654,383.4154,385.8135,132503
2021-02-17T16:00:00.000Z,374.8751,374.8751,372.7295,374.42,90744
2021-02-18T16:00:00.000Z,374.7231,376.6202,370.8926,372.6817,226318
2021-02-21T16:00:00.000Z,372.8944,378.0271,372.3787,376.9164,228971
2021-02-22T16:00:00.000Z,377.4892,382.0119,377.4892,381.0184,193253
2021-02-23T16:00:00.000Z,381.0305,381.1128,377.3121,379.7909,185419
2021-02-24T16:00:00.000Z,378.8857,379.2756,374.1867,376.1704,252877
2021-02-25T16:00:00.000Z,374.5503,375.3938,368.8504,369.6847,309839
2021-02-28T16:00:00.000Z,369.4026,371.0671,360.4624,368.2651,349854
2021-03-01T16:00:00.000Z,365.6637,366.6188,358.7615,362.078,305484
2021-03-02T16:00:00.000Z,364.4444,365.2977,361.9992,363.8287,192829
2021-03-03T16:00:00.000Z,362.6143,362.6143,357.6491,360.6581,278325
2021-03-04T16:00:00.000Z,361.0176,362.0994,354.9862,356.9052,264815
2021-03-07T16:00:00.000Z,357.9558,362.2945,356.1655,360.7297,235536
2021-03-08T16:00:00.000Z,358.7948,359.8803,355.8585,359.4513,202259
2021-03-09T16:00:00.000Z,360.8128,365.2292,360.8128,363.2156,231680
2021-03-10T16:00:00.000Z,362.9574,367.3623,362.6602,366.3135,197805
2021-03-11T16:00:00.000Z,366.4649,366.6572,360.8243,361.1732,213148
2021-03-14T16:00:00.000Z,360.6417,366.538,358.9396,364.3426,208756
2021-03-15T16:00:00.000Z,365.4451,366.6274,363.6938,365.0356,160536
2021-03-16T16:00:00.000Z,365.3609,367.9315,365.1178,366.5583,171203
2021-03-17T16:00:00.000Z,365.6884,370.3543,364.1049,369.6789,206021
2021-03-18T16:00:00.000Z,366.688,369.0637,363.514,368.0173,221896
2021-03-21T16:00:00.000Z,367.8252,368.7641,365.4596,366.1061,183811
2021-03-22T16:00:00.000Z,366.1732,367.9185,365.3958,367.2235,134562
2021-03-23T16:00:00.000Z,367.5468,367.8298,364.6561,366.7054,166197
2021-03-24T16:00:00.000Z,366.9839,369.1922,366.2958,367.7376,135085
2021-03-25T16:00:00.000Z,367.2389,370.985,365.6949,366.787,211423
2021-03-28T16:00:00.000Z,366.4532,368.902,365.9537,366.9193,141717
2021-03-29T16:00:00.000Z,367.0773,367.7733,361.9518,362.0987,206245
2021-03-30T16:00:00.000Z,358.2759,359.4425,356.5043,357.9766,190162
2021-03-31T16:00:00.000Z,358.1127,366.0901,357.9661,365.5488,205553
2021-04-01T16:00:00.000Z,366.1359,370.5879,366.1359,370.5542,161505
2021-04-05T16:00:00.000Z,367.9037,369.7571,367.1903,367.8922,77431
2021-04-06T16:00:00.000Z,368.6738,370.765,368.525,369.7189,140617
2021-04-07T16:00:00.000Z,369.5053,371.419,368.142,370.6407,166652
2021-04-08T16:00:00.000Z,371.3277,374.5229,371.3277,372.5081,187035
2021-04-11T16:00:00.000Z,370.5922,371.4962,368.3659,369.8347,184982
2021-04-12T16:00:00.000Z,369.5258,369.5258,366.1674,366.3826,176233
2021-04-13T16:00:00.000Z,368.7261,371.1575,368.7261,370.2338,165987
2021-04-14T16:00:00.000Z,370.0292,370.2535,367.0234,370.1721,184728
2021-04-15T16:00:00.000Z,370.0035,374.6906,369.6315,373.4537,190730
2021-04-18T16:00:00.000Z,377.1644,377.9545,375.1346,376.2423,185630
2021-04-19T16:00:00.000Z,375.2092,375.2092,372.1539,372.7358,172159
2021-04-20T16:00:00.000Z,372.8575,376.7386,372.2793,376.622,170248
2021-04-21T16:00:00.000Z,376.3804,378.7447,375.7519,377.0229,176616
2021-04-22T16:00:00.000Z,375.8484,376.846,374.4948,375.9432,173832
2021-04-25T16:00:00.000Z,377.0953,378.1711,372.7239,373.9705,205319
2021-04-26T16:00:00.000Z,373.9236,375.2945,372.9081,374.3918,158498
2021-04-27T16:00:00.000Z,374.9256,375.797,371.7938,372.1858,204720
2021-04-28T16:00:00.000Z,372.248,375.9623,371.6138,373.5184,189845
2021-04-29T16:00:00.000Z,373.743,373.8264,368.8797,371.6399,210940
2021-05-05T16:00:00.000Z,374.2207,377.4151,374.1266,377.0507,103621
2021-05-06T16:00:00.000Z,377.1196,381.9402,376.3317,381.2557,222954
2021-05-09T16:00:00.000Z,384.5119,385.0182,381.32,382.6391,234110
2021-05-10T16:00:00.000Z,383.3973,384.0902,381.5143,382.3384,190641
2021-05-11T16:00:00.000Z,380.8971,383.2148,379.3835,383.2148,199928
2021-05-12T16:00:00.000Z,384.3255,385.3131,380.4991,381.4964,238468
2021-05-13T16:00:00.000Z,380.9723,384.1102,380.5664,384.0038,201721
2021-05-16T16:00:00.000Z,384.3761,388.9735,383.814,388.164,208855
2021-05-17T16:00:00.000Z,386.9656,392.5054,386.4669,390.836,234088
2021-05-18T16:00:00.000Z,390.9527,391.5113,388.8429,391.3918,226781
2021-05-19T16:00:00.000Z,391.3994,395.1982,389.2997,391.4774,329118
2021-05-20T16:00:00.000Z,391.3653,394.1932,390.7951,391.4402,205537
2021-05-23T16:00:00.000Z,394.276,395.0877,390.3588,392.817,272726
2021-05-24T16:00:00.000Z,392.7793,393.0965,389.3961,391.5552,231996
2021-05-25T16:00:00.000Z,391.6513,396.8517,390.7383,395.4746,279486
2021-05-26T16:00:00.000Z,395.974,396.1177,391.8332,393.218,220722
2021-05-27T16:00:00.000Z,393.4033,393.5735,390.3384,390.5216,237131
2021-05-30T16:00:00.000Z,391.4373,394.7529,391.0725,393.5981,219418
2021-05-31T16:00:00.000Z,394.0604,396.4538,393.1786,396.1682,154914
2021-06-01T16:00:00.000Z,396.116,396.3658,388.5113,389.4263,258270
2021-06-02T16:00:00.000Z,390.4158,391.8032,386.2914,386.9786,202806
2021-06-03T16:00:00.000Z,382.3723,384.0532,374.6791,382.2077,306321
2021-06-06T16:00:00.000Z,384.9167,386.4479,383.8309,384.6336,181873
2021-06-07T16:00:00.000Z,385.1659,390.2176,385.0047,387.3508,159170
2021-06-08T16:00:00.000Z,387.0791,388.277,385.6025,387.2108,150437
2021-06-09T16:00:00.000Z,387.4905,388.6452,384.4903,385.9315,182944
2021-06-10T16:00:00.000Z,387.6295,390.6359,386.8678,389.4903,185381
2021-06-14T16:00:00.000Z,383.2721,384.4499,379.8245,382.3481,138101
2021-06-15T16:00:00.000Z,382.0801,383.0783,379.4638,381.9432,154485
2021-06-16T16:00:00.000Z,381.7121,383.601,374.1522,375.5093,226262
2021-06-17T16:00:00.000Z,370.25,372.1879,369.314,371.3854,264044
2021-06-20T16:00:00.000Z,370.2697,372.0649,368.5109,371.7367,255509
2021-06-21T16:00:00.000Z,371.2285,374.3691,370.9801,373.1516,181100
2021-06-22T16:00:00.000Z,371.6926,374.1087,371.3631,373.7675,112481
2021-06-23T16:00:00.000Z,373.4752,375.8035,371.5643,371.6702,161942
2021-06-24T16:00:00.000Z,372.7637,373.6296,370.2631,371.1185,142242
2021-06-27T16:00:00.000Z,372.4138,373.2149,369.4639,371.8898,180446
2021-06-28T16:00:00.000Z,371.3225,372.3597,370.2419,370.5904,121635
2021-06-29T16:00:00.000Z,367.0089,369.2162,366.1186,367.2759,187467
2021-06-30T16:00:00.000Z,367.1555,372.1071,366.5714,371.5196,168222
2021-07-01T16:00:00.000Z,371.7019,372.9618,369.9586,372.4549,143243
2021-07-04T16:00:00.000Z,374.5707,375.6262,372.4471,373.6692,179394
2021-07-05T16:00:00.000Z,374.1562,377.5703,372.0987,377.2631,123279
2021-07-06T16:00:00.000Z,378.2945,378.8008,375.1889,377.0919,198280
2021-07-07T16:00:00.000Z,377.1477,378.1991,375.8994,376.4301,156451
2021-07-08T16:00:00.000Z,379.7203,380.5598,376.0276,377.5565,192877
2021-07-11T16:00:00.000Z,377.7635,379.6793,376.3628,376.8225,135429
2021-07-12T16:00:00.000Z,377.0718,378.8972,374.8647,378.6111,149579
2021-07-13T16:00:00.000Z,377.162,379.8164,376.703,379.311,151437
2021-07-14T16:00:00.000Z,381.4536,382.4629,379.818,382.3,150726
2021-07-15T16:00:00.000Z,381.0301,382.8757,379.9592,381.321,127638
2021-07-18T16:00:00.000Z,381.3905,382.1137,377.706,377.7163,182565
2021-07-19T16:00:00.000Z,379.2585,381.2457,378.0203,380.5835,153388
2021-07-20T16:00:00.000Z,382.1776,382.3116,377.4573,379.1983,187700
2021-07-21T16:00:00.000Z,376.4596,377.4843,375.5832,376.2339,167844
2021-07-22T16:00:00.000Z,376.4632,378.1813,375.1463,377.9559,141740
2021-07-25T16:00:00.000Z,377.3844,379.451,375.9446,378.9663,146143
2021-07-26T16:00:00.000Z,378.4709,378.4709,375.3301,375.7896,139730
2021-07-27T16:00:00.000Z,378.5037,380.6191,377.5256,379.8886,177944
2021-07-28T16:00:00.000Z,378.7438,381.7508,377.2613,381.1428,156216
2021-07-29T16:00:00.000Z,381.9414,383.0726,381.2054,382.455,132561
2021-08-01T16:00:00.000Z,381.58,382.0631,377.6274,377.8452,172321
2021-08-02T16:00:00.000Z,377.5819,380.0857,377.4378,377.8588,119396
2021-08-03T16:00:00.000Z,378.3434,379.122,377.9294,378.6962,102765
2021-08-04T16:00:00.000Z,381.2165,382.3898,377.3934,378.09,184168
2021-08-05T16:00:00.000Z,377.8927,378.4243,375.6473,375.9363,147483
2021-08-08T16:00:00.000Z,371.6489,371.672,362.816,365.6274,272226
2021-08-09T16:00:00.000Z,364.9294,365.9882,362.233,363.9699,181905
2021-08-10T16:00:00.000Z,362.7967,364.2136,360.9135,363.5581,161925
2021-08-11T16:00:00.000Z,365.4015,367.8387,364.6811,367.2184,156555
2021-08-12T16:00:00.000Z,366.4736,368.5213,365.2121,368.1354,133075
2021-08-15T16:00:00.000Z,369.0061,373.0344,369.0061,371.3243,153366
2021-08-16T16:00:00.000Z,372.0247,375.5161,371.9216,375.0881,132495
2021-08-17T16:00:00.000Z,374.8226,375.7726,373.237,375.463,144884
2021-08-18T16:00:00.000Z,374.8958,375.1911,372.4419,374.3857,171526
2021-08-19T16:00:00.000Z,374.9094,376.1738,372.8027,375.5966,148010
2021-08-22T16:00:00.000Z,374.808,375.4186,372.4443,374.9779,164897
2021-08-23T16:00:00.000Z,377.3037,378.5031,376.3908,377.7624,161285
2021-08-24T16:00:00.000Z,378.4981,378.7879,375.3371,375.6768,146785
2021-08-25T16:00:00.000Z,376.26,376.489,373.5517,374.0906,166925
2021-08-26T16:00:00.000Z,373.6987,378.561,372.9639,377.9144,188922
2021-08-29T16:00:00.000Z,377.3298,381.3015,374.651,379.1905,255385
2021-08-30T16:00:00.000Z,379.1892,379.8296,377.626,378.9976,129930
2021-08-31T16:00:00.000Z,377.6358,379.5268,376.1013,379.2775,179238
2021-09-01T16:00:00.000Z,379.7755,380.3559,377.5506,379.0775,134817
2021-09-02T16:00:00.000Z,378.6743,379.0289,376.7646,378.7294,128578
2021-09-05T16:00:00.000Z,379.9876,382.1932,379.058,381.147,184334
2021-09-06T16:00:00.000Z,380.7376,381.4121,379.0266,379.627,96120
2021-09-07T16:00:00.000Z,378.3206,379.4442,374.7379,375.1605,209713
2021-09-08T16:00:00.000Z,375.1303,375.5693,372.2575,373.4222,166947
2021-09-09T16:00:00.000Z,373.7491,375.8871,372.2874,375.7094,176195
2021-09-12T16:00:00.000Z,373.3714,374.3995,371.9206,373.5508,166238
2021-09-13T16:00:00.000Z,373.0533,375.2233,372.7997,374.0524,127794
2021-09-14T16:00:00.000Z,374.4047,376.8253,373.2104,375.1114,166094
2021-09-15T16:00:00.000Z,374.4723,374.7211,371.2413,372.0367,173307
2021-09-16T16:00:00.000Z,367.6894,368.5789,364.6706,368.1579,203743
2021-09-21T16:00:00.000Z,371.6658,373.4326,371.6658,372.831,74587
2021-09-22T16:00:00.000Z,372.0136,374.2144,368.9699,369.5557,149486
2021-09-23T16:00:00.000Z,369.0407,369.2536,365.5656,367.0783,193338
2021-09-26T16:00:00.000Z,366.1772,368.681,364.7569,368.1638,167506
2021-09-27T16:00:00.000Z,367.6766,368.4384,364.3962,364.5496,158089
2021-09-28T16:00:00.000Z,362.8993,365.5726,362.7952,364.8037,192121
2021-09-29T16:00:00.000Z,364.6268,364.9477,362.1116,363.2006,206831
2021-10-07T16:00:00.000Z,367.1405,368.6095,367.1405,367.8856,77788
2021-10-10T16:00:00.000Z,371.0071,372.5033,366.3617,366.4693,194127
2021-10-11T16:00:00.000Z,366.3379,369.0008,366.3379,368.6096,124603
2021-10-12T16:00:00.000Z,368.1937,369.9811,367.582,368.5235,149167
2021-10-13T16:00:00.000Z,368.0253,374.2904,367.2621,373.6806,248990
2021-10-14T16:00:00.000Z,375.4442,375.5993,372.7766,373.04,134534
2021-10-17T16:00:00.000Z,369.2802,370.4789,367.4237,368.1003,194220
2021-10-18T16:00:00.000Z,367.8247,369.3177,367.4685,369.2943,145752
2021-10-19T16:00:00.000Z,369.0651,369.6983,365.5188,368.1832,190935
2021-10-20T16:00:00.000Z,370.3358,370.7752,368.1411,370.1117,177242
2021-10-21T16:00:00.000Z,369.7034,371.8512,368.6288,371.6371,149318
2021-10-24T16:00:00.000Z,373.5509,374.8875,369.0865,370.7017,263268
2021-10-25T16:00:00.000Z,372.2642,373.3654,371.935,372.2286,141440
2021-10-26T16:00:00.000Z,371.4976,371.7738,367.6651,369.4761,204238
2021-10-27T16:00:00.000Z,370.1287,373.4851,368.8754,373.3082,212666
2021-10-28T16:00:00.000Z,372.8098,374.7229,370.9915,371.357,214378
2021-10-31T16:00:00.000Z,369.1311,370.8467,367.9793,369.7013,188574
2021-11-01T16:00:00.000Z,370.5664,372.6833,370.2518,372.2785,144433
2021-11-02T16:00:00.000Z,371.7954,372.0493,368.6087,369.0306,150995
2021-11-03T16:00:00.000Z,368.477,368.7273,365.0915,367.5734,188278
2021-11-04T16:00:00.000Z,371.2854,372.9862,370.9215,372.7471,174360
2021-11-07T16:00:00.000Z,372.0796,378.7418,371.787,377.0472,253573
2021-11-08T16:00:00.000Z,377.1566,378.8001,376.7433,378.4195,162961
2021-11-09T16:00:00.000Z,378.2087,379.5361,377.2115,378.5203,166772
2021-11-10T16:00:00.000Z,378.6424,386.7862,377.5835,384.4613,326808
2021-11-11T16:00:00.000Z,385.1107,386.4808,384.3896,384.6641,174585
2021-11-14T16:00:00.000Z,382.8413,386.133,382.7711,383.1543,234723
2021-11-15T16:00:00.000Z,384.1927,386.2097,384.1927,385.1671,183986
2021-11-16T16:00:00.000Z,386.9618,388.5547,382.2342,383.4756,242866
2021-11-17T16:00:00.000Z,385.1592,386.0012,384.0105,384.7721,158646
2021-11-18T16:00:00.000Z,385.4732,385.6715,383.1745,384.1158,177906
2021-11-21T16:00:00.000Z,384.5745,385.9141,380.2526,380.5249,225452
2021-11-22T16:00:00.000Z,380.3261,380.5724,373.1353,373.3178,294882
2021-11-23T16:00:00.000Z,371.5698,371.8784,369.4317,371.247,255191
2021-11-24T16:00:00.000Z,370.2984,371.6936,369.0029,371.3397,233585
2021-11-25T16:00:00.000Z,370.9768,373.6149,370.0095,373.1732,166317
2021-11-28T16:00:00.000Z,373.9788,375.1808,369.7562,371.9556,292881
2021-11-29T16:00:00.000Z,371.9392,371.9466,369.1192,370.8227,212553
2021-11-30T16:00:00.000Z,370.6992,373.4123,366.3323,369.4679,339409
2021-12-01T16:00:00.000Z,369.3428,370.0862,367.0895,367.7984,220404
2021-12-02T16:00:00.000Z,368.1688,368.5299,365.3391,366.8541,219446
2021-12-05T16:00:00.000Z,367.2641,369.985,365.8706,369.5621,233504
2021-12-06T16:00:00.000Z,369.1407,369.6902,368.0669,368.7701,132158
2021-12-07T16:00:00.000Z,368.9541,369.8487,366.8896,369.217,167507
2021-12-08T16:00:00.000Z,368.4138,368.4138,367.03,367.6404,152468
2021-12-09T16:00:00.000Z,367.5893,369.2264,366.075,366.554,189307
2021-12-12T16:00:00.000Z,366.9368,370.1434,366.829,369.0159,206143
2021-12-13T16:00:00.000Z,370.0616,370.2058,368.5334,369.3946,132634
2021-12-14T16:00:00.000Z,368.7768,369.0271,364.9032,365.3553,206993
2021-12-15T16:00:00.000Z,366.1082,368.9506,364.7098,368.899,176329
2021-12-16T16:00:00.000Z,368.9999,373.7803,368.8335,373.6371,242918
2021-12-19T16:00:00.000Z,374.9661,375.5607,372.6522,373.2172,164263
2021-12-20T16:00:00.000Z,372.4174,372.7988,370.2333,370.6464,154552
2021-12-21T16:00:00.000Z,372.1373,372.7058,369.687,369.8191,148493
2021-12-22T16:00:00.000Z,371.0708,374.1742,370.1421,373.7031,155040
2021-12-23T16:00:00.000Z,373.4908,374.7976,372.1259,374.4311,144996
2021-12-26T16:00:00.000Z,374.4133,375.2886,373.3649,374.1886,78103
2021-12-27T16:00:00.000Z,373.8397,375.3559,372.6154,375.3041,130147
2021-12-28T16:00:00.000Z,375.5222,376.2632,372.7589,373.5193,144566
2021-12-29T16:00:00.000Z,371.1556,373.2638,370.1276,371.7452,163322
2021-12-30T16:00:00.000Z,373.1903,376.0877,372.0309,375.6825,159429
2022-01-03T16:00:00.000Z,373.1065,373.7157,372.5253,372.7114,78254
2022-01-04T16:00:00.000Z,372.4813,374.8671,371.7581,374.0608,141502
2022-01-05T16:00:00.000Z,374.9412,376.9612,370.7572,371.4519,197988
2022-01-06T16:00:00.000Z,369.7464,370.7533,368.9765,369.225,177253
2022-01-09T16:00:00.000Z,369.2991,370.8123,368.1472,369.6715,177501
2022-01-10T16:00:00.000Z,369.525,373.2985,369.3559,372.941,157961
2022-01-11T16:00:00.000Z,373.1619,375.5226,371.9224,374.9622,140148
2022-01-12T16:00:00.000Z,375.008,376.362,374.5507,375.8641,146726
2022-01-13T16:00:00.000Z,375.6122,376.1582,373.2879,375.5758,141484
2022-01-16T16:00:00.000Z,374.3712,375.7114,372.9929,373.7963,149410
2022-01-17T16:00:00.000Z,373.9188,374.2413,372.6385,373.0846,86240
2022-01-18T16:00:00.000Z,373.1669,374.2862,371.4782,372.6991,179901
2022-01-19T16:00:00.000Z,373.3938,378.5334,373.3938,378.0685,198868
2022-01-20T16:00:00.000Z,378.1251,379.468,377.2485,377.9075,149970
2022-01-23T16:00:00.000Z,376.8968,378.5196,376.1387,376.9237,147852
2022-01-24T16:00:00.000Z,377.0888,378.1611,375.3999,377.6714,152023
2022-01-25T16:00:00.000Z,377.6132,379.8959,377.2172,378.3105,153023
2022-01-26T16:00:00.000Z,378.2927,378.5319,371.1584,371.3793,197392
2022-01-27T16:00:00.000Z,371.6227,372.3335,369.225,369.9858,162833
2022-02-06T16:00:00.000Z,372.3577,372.8341,371.8203,371.9903,59109
2022-02-07T16:00:00.000Z,372.7302,375.1996,372.7302,374.6743,110192
2022-02-08T16:00:00.000Z,374.555,376.7049,374.5014,376.5225,101264
2022-02-09T16:00:00.000Z,376.6295,377.8248,375.5879,377.3171,106726
2022-02-10T16:00:00.000Z,377.0109,378.3975,374.9288,375.1771,172385
2022-02-13T16:00:00.000Z,376.208,383.0554,375.2025,381.9124,177509
2022-02-14T16:00:00.000Z,381.6636,385.7951,381.1902,385.4788,184485
2022-02-15T16:00:00.000Z,379.3185,380.1251,378.1787,379.8254,166840
2022-02-16T16:00:00.000Z,379.562,384.1145,379.1589,383.5016,144952
2022-02-17T16:00:00.000Z,385.6502,388.2515,385.5387,386.6177,207902
2022-02-20T16:00:00.000Z,386.7215,388.7342,385.7511,385.9868,187813
2022-02-21T16:00:00.000Z,387.5241,391.3968,386.8048,390.7376,142622
2022-02-22T16:00:00.000Z,387.9674,389.0196,386.6528,387.5529,157616
2022-02-23T16:00:00.000Z,386.8663,397.3306,386.8402,396.0466,242164
2022-02-24T16:00:00.000Z,400.5939,401.5975,389.1171,391.4773,351284
2022-02-27T16:00:00.000Z,387.3403,392.0862,384.694,389.1668,282376
2022-02-28T16:00:00.000Z,389.619,391.3492,386.0186,389.3338,230681
2022-03-01T16:00:00.000Z,390.9622,395.2801,390.1851,394.7669,278958
2022-03-02T16:00:00.000Z,393.1279,394.7574,391.2595,393.4693,251080
2022-03-03T16:00:00.000Z,393.8594,397.3552,392.7795,394.9242,249938
2022-03-06T16:00:00.000Z,396.3945,406.7954,395.6901,403.6453,334571
2022-03-07T16:00:00.000Z,403.135,413.0624,398.7461,412.6208,331135
2022-03-08T16:00:00.000Z,409.9417,420.8701,408.2002,417.4688,439330
2022-03-09T16:00:00.000Z,409.1214,409.3213,400.125,404.4128,352617
2022-03-10T16:00:00.000Z,408.1341,409.1945,404.0514,405.1456,252191
2022-03-13T16:00:00.000Z,403.2091,406.8467,400.6646,402.8921,253552
2022-03-14T16:00:00.000Z,401.1696,401.4307,393.5032,394.7758,224727
2022-03-15T16:00:00.000Z,393.7615,395.3205,391.2061,391.4968,201547
2022-03-16T16:00:00.000Z,392.709,396.6854,388.984,395.8974,198592
2022-03-17T16:00:00.000Z,396.8526,398.9704,395.7553,396.3437,160647
2022-03-20T16:00:00.000Z,397.312,397.3674,394.2162,395.1732,155953
2022-03-21T16:00:00.000Z,395.2457,398.43,393.8519,397.5375,132850
2022-03-22T16:00:00.000Z,396.6061,396.6061,393.2835,395.111,135062
2022-03-23T16:00:00.000Z,396.6535,401.3043,396.6535,399.3954,137265
2022-03-24T16:00:00.000Z,400.7485,404.0074,400.24,402.0751,160800
2022-03-27T16:00:00.000Z,402.0094,403.3892,397.9111,398.126,164341
2022-03-28T16:00:00.000Z,398.7392,399.5465,395.2635,395.9573,119526
2022-03-29T16:00:00.000Z,390.4112,395.9127,389.2791,395.1478,174938
2022-03-30T16:00:00.000Z,395.5321,397.5108,393.1344,394.758,126287
2022-03-31T16:00:00.000Z,395.8595,398.6164,395.4489,396.6707,131654
2022-04-05T16:00:00.000Z,394.6019,396.1822,393.9513,394.9429,57369
2022-04-06T16:00:00.000Z,395.6621,396.3655,393.993,395.4246,109865
2022-04-07T16:00:00.000Z,395.8646,397.7694,395.7874,396.5892,121311
2022-04-10T16:00:00.000Z,397.1963,400.6577,397.0117,400.1161,162807
2022-04-11T16:00:00.000Z,403.8826,403.8826,399.3233,402.2574,154189
2022-04-12T16:00:00.000Z,404.5078,405.1675,402.5159,404.1896,169664
2022-04-13T16:00:00.000Z,406.0121,406.5313,404.4088,404.7922,121307
2022-04-14T16:00:00.000Z,405.2245,406.6946,403.35,406.3443,142890
2022-04-17T16:00:00.000Z,406.4333,408.9099,405.4337,408.5092,96212
2022-04-18T16:00:00.000Z,409.1535,409.5206,405.1704,405.5876,142567
2022-04-19T16:00:00.000Z,405.2081,405.69,399.9285,400.5897,215633
2022-04-20T16:00:00.000Z,402.9437,405.6735,402.3525,405.6135,137846
2022-04-21T16:00:00.000Z,404.9574,407.7282,403.3427,407.3549,173025
2022-04-24T16:00:00.000Z,406.1305,408.2979,404.0854,405.0611,241781
2022-04-25T16:00:00.000Z,400.5598,403.1785,400.3861,401.9078,204068
2022-04-26T16:00:00.000Z,401.685,403.8091,401.5903,401.6813,180012
2022-04-27T16:00:00.000Z,401.7579,401.9754,398.5751,401.6363,223207
2022-04-28T16:00:00.000Z,402.4706,407.8771,402.2073,406.585,190595
2022-05-04T16:00:00.000Z,403.5914,405.6636,403.5178,405.308,78283
2022-05-05T16:00:00.000Z,407.4793,407.5567,401.9951,404.3721,217809
2022-05-08T16:00:00.000Z,404.8952,407.3123,404.2101,406.1147,165669
2022-05-09T16:00:00.000Z,404.523,406.4762,402.8291,403.0441,189218
2022-05-10T16:00:00.000Z,404.3609,404.9051,398.929,400.7361,189281
2022-05-11T16:00:00.000Z,400.4513,405.361,400.4513,405.0708,198170
2022-05-12T16:00:00.000Z,404.3952,405.1518,400.28,400.5771,194942
2022-05-15T16:00:00.000Z,397.7192,398.995,395.8495,396.7484,216731
2022-05-16T16:00:00.000Z,396.9293,399.4236,395.5527,399.1153,160516
2022-05-17T16:00:00.000Z,398.147,398.147,394.2809,394.4978,169812
2022-05-18T16:00:00.000Z,394.5747,397.4165,394.5747,396.205,142152
2022-05-19T16:00:00.000Z,399.4478,399.7987,397.7464,398.4166,187142
2022-05-22T16:00:00.000Z,397.8124,400.3272,396.1269,398.4249,173645
2022-05-23T16:00:00.000Z,398.5459,399.7528,397.1509,399.3586,134360
2022-05-24T16:00:00.000Z,399.9457,401.2344,399.7156,400.0807,149562
2022-05-25T16:00:00.000Z,400.3792,401.8175,399.201,401.638,164483
2022-05-26T16:00:00.000Z,401.2969,403.8435,401.1665,403.6856,167034
2022-05-29T16:00:00.000Z,402.1266,402.7082,400.0485,400.4229,166548
2022-05-30T16:00:00.000Z,399.8949,401.0804,398.4668,399.5956,123076
2022-05-31T16:00:00.000Z,399.172,400.131,396.2978,396.9022,154369
2022-06-01T16:00:00.000Z,397.8536,400.3814,397.3992,399.6253,148732
2022-06-05T16:00:00.000Z,397.8726,399.2561,397.8394,398.6293,44610
2022-06-06T16:00:00.000Z,397.8916,398.068,395.8612,396.7345,120132
2022-06-07T16:00:00.000Z,397.9051,399.4213,397.6586,398.7485,113167
2022-06-08T16:00:00.000Z,399.9689,401.127,399.3845,399.4984,105177
2022-06-09T16:00:00.000Z,399.3672,399.8155,397.8646,398.2647,113760
2022-06-12T16:00:00.000Z,398.6655,406.5234,397.1585,404.9757,283373
2022-06-13T16:00:00.000Z,401.6155,402.2782,396.9987,397.5174,239948
2022-06-14T16:00:00.000Z,396.2082,396.6658,394.3814,395.1428,183929
2022-06-15T16:00:00.000Z,397.0632,397.1522,394.0605,396.4335,172169
2022-06-16T16:00:00.000Z,396.4843,399.4823,395.9628,399.1836,175093
2022-06-19T16:00:00.000Z,400.8577,400.8577,397.3787,397.6578,164219
2022-06-20T16:00:00.000Z,397.0963,398.145,396.6702,396.8911,94819
2022-06-21T16:00:00.000Z,397.3487,398.4322,395.8611,396.7789,134805
2022-06-22T16:00:00.000Z,399.5915,399.7259,396.9762,397.3355,154649
2022-06-23T16:00:00.000Z,397.3051,399.1341,393.7699,394.2557,207809
2022-06-26T16:00:00.000Z,394.0239,397.0203,393.0943,397.0086,168645
2022-06-27T16:00:00.000Z,396.2239,396.7487,393.941,394.6342,170861
2022-06-28T16:00:00.000Z,395.1764,396.1222,393.9858,394.1233,143448
2022-06-29T16:00:00.000Z,396.0883,396.7649,393.1256,393.5842,185952
2022-06-30T16:00:00.000Z,394.7963,395.2204,389.4097,389.9789,212511
2022-07-03T16:00:00.000Z,388.2083,392.3484,387.7372,391.9434,194776
2022-07-04T16:00:00.000Z,391.0405,392.2188,391.0152,391.6461,96873
2022-07-05T16:00:00.000Z,391.0772,391.0772,382.7289,383.9062,255392
2022-07-06T16:00:00.000Z,383.3828,383.7239,376.1182,378.4875,263546
2022-07-07T16:00:00.000Z,377.7722,379.1057,376.781,378.1257,159786
2022-07-10T16:00:00.000Z,377.1712,379.7548,376.6874,378.1895,194397
2022-07-11T16:00:00.000Z,378.215,380.6821,375.5775,377.938,214352
2022-07-12T16:00:00.000Z,377.4662,378.0421,374.959,375.4024,213330
2022-07-13T16:00:00.000Z,373.4114,379.6823,373.2384,375.7846,283103
2022-07-14T16:00:00.000Z,374.7572,375.3377,372.0303,373.2265,240350
2022-07-17T16:00:00.000Z,373.421,375.3928,371.791,374.7715,209580
2022-07-18T16:00:00.000Z,374.7752,375.7887,372.8961,373.6803,160431
2022-07-19T16:00:00.000Z,373.648,374.8215,373.2084,373.3945,138848
2022-07-20T16:00:00.000Z,373.9257,375.0622,369.745,370.1381,171807
2022-07-21T16:00:00.000Z,373.5091,376.3735,371.7652,375.8861,231862
2022-07-24T16:00:00.000Z,376.7642,379.5507,375.9919,377.0915,180473
2022-07-25T16:00:00.000Z,376.6579,377.6939,375.1355,377.3171,127866
2022-07-26T16:00:00.000Z,376.2052,376.9892,375.7921,376.5812,120310
2022-07-27T16:00:00.000Z,376.1871,380.6611,375.0215,380.6344,162109
2022-07-28T16:00:00.000Z,381.5025,386.3895,380.7997,385.989,202098
2022-07-31T16:00:00.000Z,384.1336,386.5279,383.7999,385.7596,164569
2022-08-01T16:00:00.000Z,387.7651,390.9437,387.1693,389.158,167040
2022-08-02T16:00:00.000Z,391.367,391.3789,384.5704,387.252,215707
2022-08-03T16:00:00.000Z,387.8752,388.4918,384.8178,387.8581,158779
2022-08-04T16:00:00.000Z,389.6292,391.8822,388.1245,391.0659,133246
2022-08-07T16:00:00.000Z,387.3427,389.287,386.6774,388.739,119304
2022-08-08T16:00:00.000Z,389.742,391.3562,389.6094,390.477,101634
2022-08-09T16:00:00.000Z,391.9062,393.1559,391.0464,391.2125,107446
2022-08-10T16:00:00.000Z,392.278,392.348,389.1444,389.6351,120915
2022-08-11T16:00:00.000Z,391.238,391.8857,389.8597,391.2532,93965
2022-08-14T16:00:00.000Z,391.6722,393.1904,390.8869,392.0489,119540
2022-08-15T16:00:00.000Z,390.6182,391.7822,389.5201,391.5502,105120
2022-08-16T16:00:00.000Z,390.0137,390.885,389.6618,389.9793,96155
2022-08-17T16:00:00.000Z,389.474,389.474,386.8457,387.8585,106022
2022-08-18T16:00:00.000Z,388.5408,389.0263,386.6062,387.6416,117933
2022-08-21T16:00:00.000Z,388.0991,388.7261,386.1472,386.385,102271
2022-08-22T16:00:00.000Z,385.3082,387.8945,385.188,387.3581,92831
2022-08-23T16:00:00.000Z,386.9042,389.6514,386.6361,389.6009,93029
2022-08-24T16:00:00.000Z,389.3873,391.1244,388.7197,390.9088,84499
2022-08-25T16:00:00.000Z,390.9943,391.6859,389.7347,391.3531,114876
2022-08-28T16:00:00.000Z,389.3776,391.2568,387.6368,388.1552,152155
2022-08-29T16:00:00.000Z,390.0287,391.0152,389.5281,389.5621,89046
2022-08-30T16:00:00.000Z,388.9723,389.3931,386.9444,387.2349,107110
2022-08-31T16:00:00.000Z,385.3666,387.123,383.329,384.0557,144010
2022-09-01T16:00:00.000Z,383.1449,383.6148,381.4677,383.3655,123455
2022-09-04T16:00:00.000Z,384.4927,387.8589,383.8916,387.184,114406
2022-09-05T16:00:00.000Z,387.4765,389.419,386.7257,389.2862,76366
2022-09-06T16:00:00.000Z,388.2682,388.712,385.6257,386.6572,111301
2022-09-07T16:00:00.000Z,387.088,389.9995,386.5206,389.7577,106713
2022-09-08T16:00:00.000Z,389.004,389.7699,387.0306,389.7699,122615
2022-09-12T16:00:00.000Z,389.644,390.46,389.0807,389.9139,48012
2022-09-13T16:00:00.000Z,387.5117,388.8436,386.9672,387.4012,126858
2022-09-14T16:00:00.000Z,388.1932,388.749,385.2509,385.4742,118547
2022-09-15T16:00:00.000Z,386.4182,386.9369,383.2711,383.9511,176158
2022-09-18T16:00:00.000Z,384.2125,386.2965,383.8091,384.9832,135188
2022-09-19T16:00:00.000Z,384.7891,387.3059,384.4164,386.1404,103118
2022-09-20T16:00:00.000Z,385.6227,387.6071,384.479,387.1891,108020
2022-09-21T16:00:00.000Z,387.3766,387.3827,384.575,386.3501,115027
2022-09-22T16:00:00.000Z,388.6708,388.6708,386.8396,387.9611,118015
2022-09-25T16:00:00.000Z,385.1857,386.8256,383.3163,384.7178,188855
2022-09-26T16:00:00.000Z,385.4627,385.7255,382.8042,385.2241,138455
2022-09-27T16:00:00.000Z,385.5288,386.2761,384.6585,386.2084,146382
2022-09-28T16:00:00.000Z,388.0403,390.1377,387.7399,389.816,186550
2022-09-29T16:00:00.000Z,388.1582,391.003,387.5781,390.9222,152879
2022-10-09T16:00:00.000Z,397.0045,397.4863,393.072,393.384,91024
2022-10-10T16:00:00.000Z,392.7229,393.1468,391.5036,392.8477,121483
2022-10-11T16:00:00.000Z,392.3825,393.9699,391.7974,393.1136,123458
2022-10-12T16:00:00.000Z,393.2193,393.996,392.7394,393.1227,95014
2022-10-13T16:00:00.000Z,391.8407,393.054,390.3336,392.4613,204472
2022-10-16T16:00:00.000Z,392.1974,392.1974,389.683,390.3075,136811
2022-10-17T16:00:00.000Z,392.8167,392.8841,390.0572,390.8379,110507
2022-10-18T16:00:00.000Z,391.3774,391.3918,389.9473,390.2236,101407
2022-10-19T16:00:00.000Z,390.031,390.3297,387.8894,388.1471,131269
2022-10-20T16:00:00.000Z,388.6541,389.5304,387.2761,387.5573,116349
2022-10-23T16:00:00.000Z,389.2042,392.8676,388.3561,392.8066,212172
2022-10-24T16:00:00.000Z,393.7943,394.9648,392.7778,393.9387,135120
2022-10-25T16:00:00.000Z,393.477,395.0469,393.3446,393.7935,137832
2022-10-26T16:00:00.000Z,392.4097,393.2495,391.8709,392.9568,136852
2022-10-27T16:00:00.000Z,393.1036,393.9622,392.8192,392.9675,111563
2022-10-30T16:00:00.000Z,391.9665,392.1411,390.5012,391.8876,120474
2022-10-31T16:00:00.000Z,391.754,392.3649,390.509,391.5142,118458
2022-11-01T16:00:00.000Z,392.0205,393.0914,391.1513,392.2172,120201
2022-11-02T16:00:00.000Z,393.4265,394.201,390.9468,391.0306,137767
2022-11-03T16:00:00.000Z,389.4349,391.3244,388.9017,390.861,142701
2022-11-06T16:00:00.000Z,390.8707,394.7867,390.5299,394.1952,181267
2022-11-07T16:00:00.000Z,394.6153,395.725,394.0332,394.99,138797
2022-11-08T16:00:00.000Z,395.1892,403.5281,395.0478,403.4802,216260
2022-11-09T16:00:00.000Z,402.8748,404.4453,402.0558,403.7263,163063
2022-11-10T16:00:00.000Z,403.6026,410.5332,403.4551,406.9459,252737
2022-11-13T16:00:00.000Z,407.6039,407.9169,403.0898,403.5835,171975
2022-11-14T16:00:00.000Z,404.4523,406.9499,403.7607,404.9425,161347
2022-11-15T16:00:00.000Z,405.9629,407.5705,404.6691,407.0899,191596
2022-11-16T16:00:00.000Z,408.5025,408.8621,406.9235,407.7311,165183
2022-11-17T16:00:00.000Z,408.4165,408.4165,406.8701,407.4337,152840
2022-11-20T16:00:00.000Z,406.5062,407.0087,404.1304,405.3077,167474
2022-11-21T16:00:00.000Z,404.6836,405.6403,404.0407,404.9487,157044
2022-11-22T16:00:00.000Z,405.1641,405.5658,404.145,404.7524,135408
2022-11-23T16:00:00.000Z,404.8722,407.3366,403.2254,406.4482,198258
2022-11-24T16:00:00.000Z,407.1411,408.1534,406.815,407.6123,139061
2022-11-27T16:00:00.000Z,407.4387,409.7474,406.7218,408.1089,190437
2022-11-28T16:00:00.000Z,408.5605,409.0761,405.9559,406.6849,194556
2022-11-29T16:00:00.000Z,407.0754,407.4871,404.8208,406.2223,169690
2022-11-30T16:00:00.000Z,404.7283,407.4117,401.5081,407.1872,228888
2022-12-01T16:00:00.000Z,407.7373,410.2552,407.7373,409.8929,199838
2022-12-04T16:00:00.000Z,408.4703,409.19,405.6963,405.8782,198724
2022-12-05T16:00:00.000Z,404.7321,404.7321,401.5926,401.9477,204633
2022-12-06T16:00:00.000Z,403.5639,403.6945,401.0406,401.2856,135566
2022-12-07T16:00:00.000Z,401.7263,403.1207,401.4271,402.6288,135340
2022-12-08T16:00:00.000Z,402.856,404.5654,402.612,403.7106,153293
2022-12-11T16:00:00.000Z,405.0675,406.7128,403.2589,403.5342,175334
2022-12-12T16:00:00.000Z,403.7433,404.0918,402.8093,403.733,125804
2022-12-13T16:00:00.000Z,404.5126,409.4617,404.135,408.2848,231166
2022-12-14T16:00:00.000Z,407.0413,408.3837,404.1989,405.1261,140716
2022-12-15T16:00:00.000Z,402.4412,403.618,401.6721,403.1723,171797
2022-12-18T16:00:00.000Z,403.8417,406.6925,403.3514,405.726,157930
2022-12-19T16:00:00.000Z,405.5069,406.1872,404.1475,405.9019,139770
2022-12-20T16:00:00.000Z,407.0588,410.6126,406.9224,409.9172,177706
2022-12-21T16:00:00.000Z,410.305,411.7488,410.0782,410.3099,128249
2022-12-22T16:00:00.000Z,410.8523,411.5433,406.1628,407.2033,170484
2022-12-25T16:00:00.000Z,407.6248,409.0841,407.3489,407.933,158014
2022-12-26T16:00:00.000Z,407.9282,408.7828,407.2161,408.7611,102642
2022-12-27T16:00:00.000Z,409.5861,413.0835,408.2412,409.3971,165891
2022-12-28T16:00:00.000Z,409.2069,410.4679,408.3666,409.0095,125942
2022-12-29T16:00:00.000Z,409.2904,411.4236,408.9808,411.3625,136829
2023-01-02T16:00:00.000Z,411.8979,412.2106,409.793,411.1555,112226
2023-01-03T16:00:00.000Z,411.2004,413.6703,410.6094,413.1292,185241
2023-01-04T16:00:00.000Z,413.8386,415.7861,412.4142,412.4994,182422
2023-01-05T16:00:00.000Z,411.7988,412.7515,408.5548,409.5615,202026
2023-01-08T16:00:00.000Z,409.4234,414.6018,409.0426,414.0235,213660
2023-01-09T16:00:00.000Z,414.0048,414.2783,412.2523,413.7215,146738
2023-01-10T16:00:00.000Z,413.8759,415.1952,413.5541,414.849,130219
2023-01-11T16:00:00.000Z,414.3894,414.9598,411.8015,414.6653,145301
2023-01-12T16:00:00.000Z,415.2309,416.3044,413.211,415.2805,193106
2023-01-15T16:00:00.000Z,415.1625,419.4233,414.9223,417.3508,175077
2023-01-16T16:00:00.000Z,418.336,419.6962,417.9363,419.0531,115429
2023-01-17T16:00:00.000Z,419.6542,420.9745,417.1874,418.4188,172983
2023-01-18T16:00:00.000Z,420.1413,421.4871,417.7011,419.7156,178823
2023-01-19T16:00:00.000Z,420.2266,424.3593,419.9616,423.5576,153298
2023-01-29T16:00:00.000Z,421.8927,423.0436,421.2823,422.8461,81871
2023-01-30T16:00:00.000Z,422.051,422.4616,419.2767,419.6453,157510
2023-01-31T16:00:00.000Z,418.4276,422.6941,418.3142,421.7826,144981
2023-02-01T16:00:00.000Z,422.0277,425.8723,420.6739,425.0579,158939
2023-02-02T16:00:00.000Z,425.962,426.1024,418.3403,419.6405,220230
2023-02-05T16:00:00.000Z,419.5256,419.6074,413.1665,414.0805,279958
2023-02-06T16:00:00.000Z,413.5085,414.0741,412.5945,412.9746,152104
2023-02-07T16:00:00.000Z,412.6695,414.4459,411.8019,413.0056,163446
2023-02-08T16:00:00.000Z,413.698,414.4639,412.232,413.8396,157736
2023-02-09T16:00:00.000Z,413.718,414.9591,410.1234,411.1088,198154
2023-02-12T16:00:00.000Z,412.6641,413.9058,411.5266,413.4665,137796
2023-02-13T16:00:00.000Z,412.8557,413.306,410.6702,413.1324,135988
2023-02-14T16:00:00.000Z,412.7253,414.3582,411.3374,412.0213,256156
2023-02-15T16:00:00.000Z,410.8323,412.032,410.598,411.8529,142180
2023-02-16T16:00:00.000Z,412.14,412.8329,410.4099,410.6597,171491
2023-02-19T16:00:00.000Z,411.0465,413.4102,410.6879,412.7518,152951
2023-02-20T16:00:00.000Z,412.7545,413.3647,412.085,412.1657,87436
2023-02-21T16:00:00.000Z,411.9008,413.6714,411.779,413.353,139188
2023-02-22T16:00:00.000Z,414.1126,414.4896,411.7497,412.4068,132577
2023-02-23T16:00:00.000Z,412.0317,413.9237,411.0015,413.5905,180449
2023-02-26T16:00:00.000Z,412.8873,413.7282,412.5212,412.7373,147782
2023-02-27T16:00:00.000Z,412.7298,413.9829,412.6836,413.2664,148767
2023-02-28T16:00:00.000Z,412.4048,415.3396,411.9648,414.7567,172696
2023-03-01T16:00:00.000Z,413.8962,414.6278,413.353,414.3547,153429
2023-03-02T16:00:00.000Z,414.692,416.4863,414.5652,416.3511,144625
2023-03-05T16:00:00.000Z,417.2637,419.4318,416.422,419.2401,148042
2023-03-06T16:00:00.000Z,420.0124,420.2653,419.0217,419.6909,105168
2023-03-07T16:00:00.000Z,418.3945,418.5386,414.6065,414.8789,187828
2023-03-08T16:00:00.000Z,414.5083,415.4914,414.147,414.854,115070
2023-03-09T16:00:00.000Z,415.4708,417.9534,415.2428,417.627,145509
2023-03-12T16:00:00.000Z,417.8796,423.6097,417.0559,421.2503,273216
2023-03-13T16:00:00.000Z,423.8437,426.7929,423.1482,426.4246,274392
2023-03-14T16:00:00.000Z,426.5493,427.0045,424.6646,426.6083,197114
2023-03-15T16:00:00.000Z,432.8203,434.5654,428.5961,430.6013,314171
2023-03-16T16:00:00.000Z,432.6834,433.7784,429.6587,432.5511,255522
2023-03-19T16:00:00.000Z,435.2977,446.0443,435.2302,445.1552,409444
2023-03-20T16:00:00.000Z,441.7708,444.3959,440.1853,441.7868,293778
2023-03-21T16:00:00.000Z,439.3274,439.7994,433.6322,435.6567,320503
2023-03-22T16:00:00.000Z,434.3865,440.1411,434.2193,438.652,262020
2023-03-23T16:00:00.000Z,438.115,442.5929,437.707,440.9921,263237
2023-03-26T16:00:00.000Z,443.9122,444.6032,438.3112,438.4281,289348
2023-03-27T16:00:00.000Z,434.5963,437.6163,434.4825,436.4894,234304
2023-03-28T16:00:00.000Z,437.9385,440.4711,436.751,438.1066,204691
2023-03-29T16:00:00.000Z,438.5738,440.0642,437.5184,439.2802,206094
2023-03-30T16:00:00.000Z,439.4894,441.9048,438.0882,441.6506,229861
2023-04-02T16:00:00.000Z,441.3226,441.6328,435.127,436.1562,268549
2023-04-03T16:00:00.000Z,440.8674,442.2672,439.1993,441.2276,242797
2023-04-05T16:00:00.000Z,448.1097,448.3865,446.6327,447.7492,114337
2023-04-06T16:00:00.000Z,447.3511,447.9059,445.3284,447.8384,195017
2023-04-09T16:00:00.000Z,444.8287,447.9059,442.2332,443.407,173580
2023-04-10T16:00:00.000Z,442.677,445.8228,441.7689,445.5202,222364
2023-04-11T16:00:00.000Z,445.2957,450.8124,444.754,449.5654,258549
2023-04-12T16:00:00.000Z,450.6823,450.6823,446.2399,449.4647,252894
2023-04-13T16:00:00.000Z,453.2755,453.7837,450.6915,451.7743,303481
2023-04-16T16:00:00.000Z,449.4879,450.3234,443.0693,446.8973,379691
2023-04-17T16:00:00.000Z,445.2367,445.7522,441.6106,445.2131,262869
2023-04-18T16:00:00.000Z,445.6087,447.8121,444.0281,444.9478,270080
2023-04-19T16:00:00.000Z,443.0938,446.1245,442.0742,445.5069,267901
2023-04-20T16:00:00.000Z,446.6063,447.5956,442.6832,443.535,259380
2023-04-23T16:00:00.000Z,443.1786,445.7791,440.7684,442.2915,324388
2023-04-24T16:00:00.000Z,442.9606,446.394,441.2151,446.1335,246921
2023-04-25T16:00:00.000Z,446.5665,449.7912,445.3042,447.6107,232996
2023-04-26T16:00:00.000Z,447.5141,450.0953,445.9982,448.5555,278473
2023-04-27T16:00:00.000Z,446.1625,446.8284,443.8911,445.2971,278572
2023-05-03T16:00:00.000Z,458.577,459.3521,454.7949,455.3518,207226
2023-05-04T16:00:00.000Z,455.6314,459.9563,455.266,457.9692,312846
2023-05-07T16:00:00.000Z,451.445,452.527,447.8972,452.5087,341189
2023-05-08T16:00:00.000Z,453.4453,454.263,451.653,453.349,211133
2023-05-09T16:00:00.000Z,453.7799,455.9273,453.1845,455.1391,205651
2023-05-10T16:00:00.000Z,457.3318,457.5073,453.5527,455.0818,251737
2023-05-11T16:00:00.000Z,457.0492,457.2174,450.8388,451.7779,326360
2023-05-14T16:00:00.000Z,453.1566,454.8451,452.4522,453.7247,263175
2023-05-15T16:00:00.000Z,453.9854,454.9664,451.6518,452.5882,228187
2023-05-16T16:00:00.000Z,454.085,454.3598,449.0441,450.5882,302801
2023-05-17T16:00:00.000Z,450.0292,450.5927,447.8829,449.847,259925
2023-05-18T16:00:00.000Z,449.1551,449.1551,446.5841,448.0544,286095
2023-05-21T16:00:00.000Z,446.4236,451.2995,445.7436,449.9539,312479
2023-05-22T16:00:00.000Z,449.947,450.869,447.7372,448.0768,226615
2023-05-23T16:00:00.000Z,447.7497,451.8047,447.73,450.4015,263231
2023-05-24T16:00:00.000Z,451.4221,451.505,447.6391,448.5298,295707
2023-05-25T16:00:00.000Z,445.9241,447.8182,445.2046,446.0933,309943
2023-05-28T16:00:00.000Z,445.8253,446.9038,444.3175,446.2168,234099
2023-05-29T16:00:00.000Z,446.763,446.9827,444.5551,445.2565,196557
2023-05-30T16:00:00.000Z,448.8207,452.2856,447.9017,451.4737,288522
2023-05-31T16:00:00.000Z,452.3601,454.3204,451.114,451.5631,247469
2023-06-01T16:00:00.000Z,452.6642,454.8589,452.3929,452.8834,194547
2023-06-04T16:00:00.000Z,451.812,452.9361,447.2379,447.9647,273049
2023-06-05T16:00:00.000Z,448.0235,451.5345,448.0235,450.9612,190377
2023-06-06T16:00:00.000Z,452.0777,453.0955,450.8513,451.8024,185838
2023-06-07T16:00:00.000Z,451.3531,453.2001,448.7886,449.2748,282156
2023-06-08T16:00:00.000Z,451.5064,453.1591,451.2032,453.1234,203969
2023-06-11T16:00:00.000Z,453.0028,453.9346,451.8463,453.2731,206295
2023-06-12T16:00:00.000Z,453.4262,454.6996,451.3384,454.4487,202687
2023-06-13T16:00:00.000Z,453.7426,454.3994,450.7182,451.6822,242487
2023-06-14T16:00:00.000Z,453.1828,453.3199,447.858,447.9468,257979
2023-06-15T16:00:00.000Z,447.6889,452.3167,447.6889,451.3073,238137
2023-06-18T16:00:00.000Z,452.3702,452.6259,450.5096,452.0853,215916
2023-06-19T16:00:00.000Z,451.8319,452.8618,451.3427,452.6397,139451
2023-06-20T16:00:00.000Z,451.8673,451.8673,448.9501,450.7694,261208
2023-06-25T16:00:00.000Z,449.3897,450.5713,449.3012,450.1975,98340
2023-06-26T16:00:00.000Z,452.0335,452.272,449.217,449.9395,224566
2023-06-27T16:00:00.000Z,449.7108,450.4457,447.1759,448.213,312107
2023-06-28T16:00:00.000Z,448.4872,449.6754,448.0911,448.7219,235280
2023-06-29T16:00:00.000Z,447.3423,450.1278,447.0958,449.755,253034
2023-07-02T16:00:00.000Z,450.6797,452.2965,450.2508,450.6136,238493
2023-07-03T16:00:00.000Z,451.5348,452.6632,450.6188,451.1016,196442
2023-07-04T16:00:00.000Z,451.279,452.0855,450.7078,451.8432,117741
2023-07-05T16:00:00.000Z,453.2638,453.9266,451.151,451.7891,254877
2023-07-06T16:00:00.000Z,449.0087,451.1086,448.9104,450.9581,291687
2023-07-09T16:00:00.000Z,451.5848,453.1319,451.2169,452.2541,260513
2023-07-10T16:00:00.000Z,450.7168,452.9325,450.5591,452.3716,265098
2023-07-11T16:00:00.000Z,452.2075,453.1899,452.0429,452.3662,229208
2023-07-12T16:00:00.000Z,453.4333,456.792,452.6935,456.5661,324856
2023-07-13T16:00:00.000Z,455.8954,456.5703,453.6252,454.2801,279068
2023-07-16T16:00:00.000Z,454.8208,456.3942,453.831,455.6066,262067
2023-07-17T16:00:00.000Z,454.8629,457.263,454.5231,457.207,213002
2023-07-18T16:00:00.000Z,458.5791,463.4374,458.0823,462.7354,336213
2023-07-19T16:00:00.000Z,463.3425,463.9313,461.4329,462.2614,245223
2023-07-20T16:00:00.000Z,460.1994,461.2962,459.2969,459.7144,263609
2023-07-23T16:00:00.000Z,459.1838,459.642,457.9741,459.4674,243804
2023-07-24T16:00:00.000Z,460.2201,460.2441,457.0958,457.2311,285843
2023-07-25T16:00:00.000Z,456.372,459.1894,455.8084,459.0769,231239
2023-07-26T16:00:00.000Z,459.5236,460.7776,457.9715,460.2137,237055
2023-07-27T16:00:00.000Z,458.3417,458.458,455.7146,456.7322,353086
2023-07-30T16:00:00.000Z,457.6781,457.924,456.0208,456.4359,227665
2023-07-31T16:00:00.000Z,458.5928,459.091,457.829,458.0721,183468
2023-08-01T16:00:00.000Z,456.3633,457.9363,455.804,457.6482,200453
2023-08-02T16:00:00.000Z,457.2386,457.3653,455.5038,455.5527,196994
2023-08-03T16:00:00.000Z,454.5272,455.8667,454.185,454.9013,195416
2023-08-06T16:00:00.000Z,455.8818,457.3059,455.4344,456.1595,204451
2023-08-07T16:00:00.000Z,456.0315,456.6118,454.9818,456.1647,137298
2023-08-08T16:00:00.000Z,455.5051,456.7308,455.2024,455.8666,183962
2023-08-09T16:00:00.000Z,455.2765,455.9712,453.6441,454.1412,201130
2023-08-10T16:00:00.000Z,455.0201,456.2251,454.2959,455.9734,220364
2023-08-13T16:00:00.000Z,456.1696,456.6817,455.5175,456.1714,145727
2023-08-14T16:00:00.000Z,456.308,456.3715,455.1556,456.2417,158399
2023-08-15T16:00:00.000Z,456.5063,457.6836,456.3007,457.4023,182198
2023-08-16T16:00:00.000Z,457.3419,457.8705,455.8798,457.136,158015
2023-08-17T16:00:00.000Z,456.8642,457.2979,455.0985,455.4191,184525
2023-08-20T16:00:00.000Z,455.4616,457.7111,454.8897,457.316,182465
2023-08-21T16:00:00.000Z,457.2068,457.2072,455.7727,456.7918,159531
2023-08-22T16:00:00.000Z,456.9263,458.511,456.2278,458.2002,182734
2023-08-23T16:00:00.000Z,458.4966,460.8357,458.232,460.2753,182440
2023-08-24T16:00:00.000Z,459.477,460.1509,458.8034,458.8731,170610
2023-08-27T16:00:00.000Z,459.5044,459.8686,457.8598,459.0391,219939
2023-08-28T16:00:00.000Z,459.5211,461.1928,458.8476,460.605,162137
2023-08-29T16:00:00.000Z,460.142,462.6099,459.975,462.04,238318
2023-08-30T16:00:00.000Z,463.1355,463.7947,462.3482,463.6765,172997
2023-08-31T16:00:00.000Z,462.5895,463.3639,461.6782,462.9859,187316
2023-09-03T16:00:00.000Z,463.8947,466.0984,462.0927,464.9203,232471
2023-09-04T16:00:00.000Z,464.34,465.5416,463.2962,465.0345,139266
2023-09-05T16:00:00.000Z,464.9177,465.1591,463.7456,464.3434,152288
2023-09-06T16:00:00.000Z,464.1215,464.8276,463.5287,464.244,168606
2023-09-07T16:00:00.000Z,465.0497,467.6574,464.1106,466.9474,178882
2023-09-10T16:00:00.000Z,466.3851,468.0213,466.0473,466.6535,198051
2023-09-11T16:00:00.000Z,466.8995,467.3356,466.1081,466.9003,146994
2023-09-12T16:00:00.000Z,465.7879,468.7226,465.7401,467.7351,187696
2023-09-13T16:00:00.000Z,468.3008,472.969,466.9896,472.0863,258845
2023-09-14T16:00:00.000Z,472.0998,480.2808,467.2488,469.8397,451713
2023-09-17T16:00:00.000Z,470.3912,473.2145,466.0888,467.4384,319995
2023-09-18T16:00:00.000Z,467.5115,470.3696,466.5906,469.9679,162878
2023-09-19T16:00:00.000Z,470.4508,472.8523,469.6881,471.509,193799
2023-09-20T16:00:00.000Z,471.5777,473.1036,470.4171,471.0132,178531
2023-09-21T16:00:00.000Z,469.4363,472.1529,468.3939,470.6043,234005
2023-09-24T16:00:00.000Z,470.7572,471.9225,469.7877,471.6497,150434
2023-09-25T16:00:00.000Z,472.0461,472.1043,470.5512,470.857,66494
