time,open,high,low,close,volume
2024-01-17T14:00:00.000Z,147.939,147.991,147.914,147.966,3321
2024-01-17T14:15:00.000Z,147.966,147.987,147.898,147.933,3064
2024-01-17T14:30:00.000Z,147.934,148.168,147.883,148.117,3807
2024-01-17T14:45:00.000Z,148.118,148.373,148.118,148.344,3654
2024-01-17T15:00:00.000Z,148.341,148.388,148.122,148.145,4086
2024-01-17T15:15:00.000Z,148.146,148.339,148.142,148.334,3657
2024-01-17T15:30:00.000Z,148.334,148.476,148.334,148.444,3938
2024-01-17T15:45:00.000Z,148.443,148.53,148.391,148.446,3427
2024-01-17T16:00:00.000Z,148.44,148.466,148.284,148.455,3604
2024-01-17T16:15:00.000Z,148.454,148.519,148.383,148.421,3203
2024-01-17T16:30:00.000Z,148.422,148.488,148.295,148.305,3316
2024-01-17T16:45:00.000Z,148.304,148.467,148.299,148.392,3283
2024-01-17T17:00:00.000Z,148.391,148.401,148.308,148.321,2457
2024-01-17T17:15:00.000Z,148.322,148.367,148.291,148.343,2076
2024-01-17T17:30:00.000Z,148.342,148.376,148.231,148.253,2176
2024-01-17T17:45:00.000Z,148.252,148.274,148.17,148.225,2671
2024-01-17T18:00:00.000Z,148.224,148.355,148.217,148.344,2303
2024-01-17T18:15:00.000Z,148.342,148.384,148.3,148.312,2169
2024-01-17T18:30:00.000Z,148.313,148.361,148.281,148.345,1737
2024-01-17T18:45:00.000Z,148.347,148.394,148.307,148.326,1572
2024-01-17T19:00:00.000Z,148.327,148.329,148.247,148.301,1947
2024-01-17T19:15:00.000Z,148.301,148.307,148.184,148.252,1600
2024-01-17T19:30:00.000Z,148.253,148.278,148.199,148.209,1620
2024-01-17T19:45:00.000Z,148.208,148.287,148.166,148.271,2160
2024-01-17T20:00:00.000Z,148.272,148.293,148.232,148.236,1491
2024-01-17T20:15:00.000Z,148.235,148.277,148.226,148.247,1617
2024-01-17T20:30:00.000Z,148.246,148.256,148.183,148.195,1558
2024-01-17T20:45:00.000Z,148.196,148.229,148.173,148.193,1931
2024-01-17T21:00:00.000Z,148.194,148.203,148.124,148.153,994
2024-01-17T21:15:00.000Z,148.154,148.198,148.154,148.194,997
2024-01-17T21:30:00.000Z,148.193,148.215,148.181,148.192,708
2024-01-17T21:45:00.000Z,148.192,148.198,148.138,148.152,731
2024-01-17T22:00:00.000Z,148.129,148.172,148.058,148.058,32
2024-01-17T22:15:00.000Z,148.073,148.102,148.034,148.077,125
2024-01-17T22:30:00.000Z,148.071,148.136,148.056,148.106,334
2024-01-17T22:45:00.000Z,148.105,148.129,148.076,148.107,345
2024-01-17T23:00:00.000Z,148.109,148.159,148.081,148.145,1121
2024-01-17T23:15:00.000Z,148.144,148.148,148.101,148.109,679
2024-01-17T23:30:00.000Z,148.108,148.163,148.108,148.16,637
2024-01-17T23:45:00.000Z,148.159,148.159,148.102,148.14,608
2024-01-18T00:00:00.000Z,148.138,148.181,148.069,148.141,1656
2024-01-18T00:15:00.000Z,148.142,148.196,148.114,148.157,1104
2024-01-18T00:30:00.000Z,148.156,148.253,148.149,148.232,1731
2024-01-18T00:45:00.000Z,148.233,148.234,147.994,148.002,2750
2024-01-18T01:00:00.000Z,148.003,148.035,147.904,147.912,3012
2024-01-18T01:15:00.000Z,147.911,148.037,147.868,147.976,2066
2024-01-18T01:30:00.000Z,147.977,148.095,147.941,148.071,2086
2024-01-18T01:45:00.000Z,148.072,148.092,148.015,148.03,1805
2024-01-18T02:00:00.000Z,148.041,148.06,147.908,147.935,2015
2024-01-18T02:15:00.000Z,147.936,148.014,147.927,147.986,1574
2024-01-18T02:30:00.000Z,147.99,148.076,147.978,148.066,1377
2024-01-18T02:45:00.000Z,148.065,148.097,148.009,148.05,1383
2024-01-18T03:00:00.000Z,148.051,148.161,148.038,148.104,1650
2024-01-18T03:15:00.000Z,148.105,148.108,148.011,148.058,1566
2024-01-18T03:30:00.000Z,148.056,148.121,148.026,148.052,1405
2024-01-18T03:45:00.000Z,148.052,148.071,148.003,148.021,1297
2024-01-18T04:00:00.000Z,148.022,148.024,147.939,147.967,1166
2024-01-18T04:15:00.000Z,147.969,147.991,147.908,147.98,1234
2024-01-18T04:30:00.000Z,147.981,148.021,147.936,147.938,1079
2024-01-18T04:45:00.000Z,147.937,147.958,147.889,147.93,1369
2024-01-18T05:00:00.000Z,147.931,148,147.931,147.996,1400
2024-01-18T05:15:00.000Z,147.995,148.039,147.964,148.033,1139
2024-01-18T05:30:00.000Z,148.037,148.067,147.955,147.976,1173
2024-01-18T05:45:00.000Z,147.975,148.008,147.862,147.878,1520
2024-01-18T06:00:00.000Z,147.876,147.896,147.753,147.857,2134
2024-01-18T06:15:00.000Z,147.855,147.881,147.798,147.834,1723
2024-01-18T06:30:00.000Z,147.839,147.926,147.784,147.91,1912
2024-01-18T06:45:00.000Z,147.911,147.911,147.689,147.748,2242
2024-01-18T07:00:00.000Z,147.749,147.842,147.736,147.778,2459
2024-01-18T07:15:00.000Z,147.779,147.86,147.711,147.825,2255
2024-01-18T07:30:00.000Z,147.825,147.887,147.818,147.832,2451
2024-01-18T07:45:00.000Z,147.833,147.843,147.768,147.789,2758
2024-01-18T08:00:00.000Z,147.787,147.869,147.714,147.838,3854
2024-01-18T08:15:00.000Z,147.837,147.872,147.764,147.82,2618
2024-01-18T08:30:00.000Z,147.82,147.961,147.819,147.885,3021
2024-01-18T08:45:00.000Z,147.889,147.933,147.857,147.898,2304
2024-01-18T09:00:00.000Z,147.902,147.945,147.812,147.837,2842
2024-01-18T09:15:00.000Z,147.838,147.85,147.739,147.745,2798
2024-01-18T09:30:00.000Z,147.746,147.777,147.656,147.738,2867
2024-01-18T09:45:00.000Z,147.739,147.864,147.722,147.849,2707
2024-01-18T10:00:00.000Z,147.849,147.858,147.801,147.838,2657
2024-01-18T10:15:00.000Z,147.837,147.87,147.8,147.853,1892
2024-01-18T10:30:00.000Z,147.854,147.929,147.845,147.891,1897
2024-01-18T10:45:00.000Z,147.891,147.923,147.849,147.856,1851
2024-01-18T11:00:00.000Z,147.855,147.963,147.831,147.943,1891
2024-01-18T11:15:00.000Z,147.943,147.95,147.839,147.855,1701
2024-01-18T11:30:00.000Z,147.854,147.929,147.843,147.874,2107
2024-01-18T11:45:00.000Z,147.877,147.902,147.805,147.82,2246
2024-01-18T12:00:00.000Z,147.819,147.839,147.757,147.769,2569
2024-01-18T12:15:00.000Z,147.768,147.838,147.753,147.827,2074
2024-01-18T12:30:00.000Z,147.826,147.929,147.817,147.904,2546
2024-01-18T12:45:00.000Z,147.906,147.939,147.849,147.9,2367
2024-01-18T13:00:00.000Z,147.9,147.99,147.9,147.922,2643
2024-01-18T13:15:00.000Z,147.921,148.01,147.892,147.948,2658
2024-01-18T13:30:00.000Z,147.951,148.234,147.951,148.232,5230
2024-01-18T13:45:00.000Z,148.233,148.301,148.16,148.228,4497
2024-01-18T14:00:00.000Z,148.23,148.243,147.983,148.014,3612
2024-01-18T14:15:00.000Z,148.013,148.11,147.923,147.997,3387
2024-01-18T14:30:00.000Z,148,148.102,147.853,148.092,4095
2024-01-18T14:45:00.000Z,148.091,148.105,147.977,148.007,3642
2024-01-18T15:00:00.000Z,148.008,148.169,147.95,148.155,3520
2024-01-18T15:15:00.000Z,148.154,148.162,148.029,148.051,3347
2024-01-18T15:30:00.000Z,148.051,148.086,147.977,148.061,3305
2024-01-18T15:45:00.000Z,148.06,148.203,148.06,148.176,3254
2024-01-18T16:00:00.000Z,148.177,148.236,148.156,148.184,3246
2024-01-18T16:15:00.000Z,148.183,148.192,148.019,148.02,2519
2024-01-18T16:30:00.000Z,148.017,148.15,148.003,148.142,2381
2024-01-18T16:45:00.000Z,148.142,148.204,148.125,148.159,2336
2024-01-18T17:00:00.000Z,148.159,148.262,148.159,148.214,2724
2024-01-18T17:15:00.000Z,148.216,148.264,148.18,148.195,2224
2024-01-18T17:30:00.000Z,148.196,148.244,148.164,148.233,1826
2024-01-18T17:45:00.000Z,148.232,148.247,148.207,148.222,1284
2024-01-18T18:00:00.000Z,148.22,148.254,148.156,148.215,2218
2024-01-18T18:15:00.000Z,148.214,148.219,148.075,148.114,2281
2024-01-18T18:30:00.000Z,148.115,148.153,148.09,148.114,1583
2024-01-18T18:45:00.000Z,148.115,148.148,148.096,148.147,1653
2024-01-18T19:00:00.000Z,148.149,148.198,148.129,148.148,1666
2024-01-18T19:15:00.000Z,148.149,148.184,148.131,148.148,1485
2024-01-18T19:30:00.000Z,148.147,148.208,148.105,148.201,1504
2024-01-18T19:45:00.000Z,148.201,148.231,148.165,148.227,2014
2024-01-18T20:00:00.000Z,148.228,148.279,148.212,148.262,1460
2024-01-18T20:15:00.000Z,148.263,148.274,148.21,148.213,1369
2024-01-18T20:30:00.000Z,148.212,148.231,148.191,148.213,1814
2024-01-18T20:45:00.000Z,148.212,148.228,148.175,148.18,1853
2024-01-18T21:00:00.000Z,148.18,148.199,148.161,148.163,851
2024-01-18T21:15:00.000Z,148.162,148.164,148.096,148.114,819
2024-01-18T21:30:00.000Z,148.114,148.122,148.085,148.086,544
2024-01-18T21:45:00.000Z,148.085,148.166,148.085,148.158,758
2024-01-18T22:00:00.000Z,148.131,148.131,148.044,148.093,60
2024-01-18T22:15:00.000Z,148.093,148.149,148.093,148.135,78
2024-01-18T22:30:00.000Z,148.135,148.135,148.098,148.113,229
2024-01-18T22:45:00.000Z,148.113,148.126,148.111,148.115,258
2024-01-18T23:00:00.000Z,148.117,148.129,148.035,148.037,638
2024-01-18T23:15:00.000Z,148.045,148.088,148.045,148.079,709
2024-01-18T23:30:00.000Z,148.089,148.182,148.078,148.122,939
2024-01-18T23:45:00.000Z,148.117,148.161,148.09,148.125,898
2024-01-19T00:00:00.000Z,148.122,148.146,148.06,148.075,1355
2024-01-19T00:15:00.000Z,148.074,148.085,147.938,147.976,1600
2024-01-19T00:30:00.000Z,147.979,148.114,147.951,148.075,1988
2024-01-19T00:45:00.000Z,148.079,148.111,147.965,148.029,2986
2024-01-19T01:00:00.000Z,148.028,148.142,148.007,148.104,2144
2024-01-19T01:15:00.000Z,148.103,148.345,148.09,148.309,2647
2024-01-19T01:30:00.000Z,148.309,148.327,148.238,148.308,2327
2024-01-19T01:45:00.000Z,148.307,148.393,148.278,148.356,2197
2024-01-19T02:00:00.000Z,148.359,148.477,148.324,148.375,2026
2024-01-19T02:15:00.000Z,148.374,148.404,148.226,148.27,2085
2024-01-19T02:30:00.000Z,148.269,148.28,148.147,148.194,1939
2024-01-19T02:45:00.000Z,148.195,148.265,148.159,148.257,1564
2024-01-19T03:00:00.000Z,148.256,148.297,148.243,148.266,1309
2024-01-19T03:15:00.000Z,148.263,148.297,148.248,148.255,1025
2024-01-19T03:30:00.000Z,148.254,148.265,148.201,148.202,976
2024-01-19T03:45:00.000Z,148.201,148.253,148.189,148.224,953
2024-01-19T04:00:00.000Z,148.226,148.287,148.218,148.278,792
2024-01-19T04:15:00.000Z,148.277,148.365,148.266,148.323,909
2024-01-19T04:30:00.000Z,148.322,148.327,148.293,148.3,678
2024-01-19T04:45:00.000Z,148.301,148.371,148.295,148.362,622
2024-01-19T05:00:00.000Z,148.363,148.413,148.353,148.39,1051
2024-01-19T05:15:00.000Z,148.391,148.491,148.381,148.469,1269
2024-01-19T05:30:00.000Z,148.474,148.674,148.458,148.624,2141
2024-01-19T05:45:00.000Z,148.625,148.675,148.615,148.652,1784
2024-01-19T06:00:00.000Z,148.653,148.743,148.594,148.698,2124
2024-01-19T06:15:00.000Z,148.696,148.801,148.663,148.756,1746
2024-01-19T06:30:00.000Z,148.761,148.806,148.67,148.685,1502
2024-01-19T06:45:00.000Z,148.683,148.709,148.564,148.588,1532
2024-01-19T07:00:00.000Z,148.586,148.61,148.399,148.425,3230
2024-01-19T07:15:00.000Z,148.426,148.457,148.252,148.277,2817
2024-01-19T07:30:00.000Z,148.277,148.358,148.24,148.244,2970
2024-01-19T07:45:00.000Z,148.244,148.315,148.196,148.271,2914
2024-01-19T08:00:00.000Z,148.271,148.308,148.116,148.216,3522
2024-01-19T08:15:00.000Z,148.217,148.332,148.181,148.315,3086
2024-01-19T08:30:00.000Z,148.319,148.356,148.242,148.265,2399
2024-01-19T08:45:00.000Z,148.265,148.267,148.05,148.081,2434
2024-01-19T09:00:00.000Z,148.082,148.135,147.923,147.948,3343
2024-01-19T09:15:00.000Z,147.949,148.076,147.927,148.042,2592
2024-01-19T09:30:00.000Z,148.044,148.139,148.044,148.101,2433
2024-01-19T09:45:00.000Z,148.1,148.116,147.975,147.981,2172
2024-01-19T10:00:00.000Z,147.982,148.01,147.859,147.88,2720
2024-01-19T10:15:00.000Z,147.873,147.968,147.84,147.96,2184
2024-01-19T10:30:00.000Z,147.959,148.021,147.958,147.997,1963
2024-01-19T10:45:00.000Z,147.996,148.01,147.905,147.948,1700
2024-01-19T11:00:00.000Z,147.947,148.049,147.924,148.03,2280
2024-01-19T11:15:00.000Z,148.032,148.124,148.015,148.069,1889
2024-01-19T11:30:00.000Z,148.07,148.091,148.002,148.022,1995
2024-01-19T11:45:00.000Z,148.022,148.064,147.968,147.978,1658
2024-01-19T12:00:00.000Z,147.977,148.03,147.959,148.013,1979
2024-01-19T12:15:00.000Z,148.013,148.127,148.005,148.104,1866
2024-01-19T12:30:00.000Z,148.105,148.147,148.078,148.131,1859
2024-01-19T12:45:00.000Z,148.133,148.188,148.132,148.161,1871
2024-01-19T13:00:00.000Z,148.158,148.161,148.028,148.041,2868
2024-01-19T13:15:00.000Z,148.04,148.121,147.961,148.109,2898
2024-01-19T13:30:00.000Z,148.115,148.196,147.974,148.16,4083
2024-01-19T13:45:00.000Z,148.161,148.215,148.098,148.137,3324
2024-01-19T14:00:00.000Z,148.138,148.221,148.076,148.187,2774
2024-01-19T14:15:00.000Z,148.186,148.315,148.178,148.298,2509
2024-01-19T14:30:00.000Z,148.297,148.445,148.259,148.444,3595
2024-01-19T14:45:00.000Z,148.444,148.45,148.295,148.297,3078
2024-01-19T15:00:00.000Z,148.291,148.534,148.089,148.486,4929
2024-01-19T15:15:00.000Z,148.486,148.5,148.327,148.343,3512
2024-01-19T15:30:00.000Z,148.344,148.414,148.234,148.258,3120
2024-01-19T15:45:00.000Z,148.259,148.324,148.093,148.104,3373
2024-01-19T16:00:00.000Z,148.104,148.168,148.051,148.149,3033
2024-01-19T16:15:00.000Z,148.148,148.242,148.108,148.14,2640
2024-01-19T16:30:00.000Z,148.141,148.232,148.083,148.221,2858
2024-01-19T16:45:00.000Z,148.22,148.249,148.177,148.211,2301
2024-01-19T17:00:00.000Z,148.21,148.231,148.144,148.145,1933
2024-01-19T17:15:00.000Z,148.143,148.164,148.04,148.056,1881
2024-01-19T17:30:00.000Z,148.057,148.147,148.024,148.103,2229
2024-01-19T17:45:00.000Z,148.103,148.177,148.094,148.123,1781
2024-01-19T18:00:00.000Z,148.122,148.249,148.121,148.209,1861
2024-01-19T18:15:00.000Z,148.208,148.236,148.182,148.218,1811
2024-01-19T18:30:00.000Z,148.218,148.309,148.211,148.278,1547
2024-01-19T18:45:00.000Z,148.277,148.283,148.23,148.245,1126
2024-01-19T19:00:00.000Z,148.246,148.258,148.194,148.197,1373
2024-01-19T19:15:00.000Z,148.198,148.251,148.184,148.208,1256
2024-01-19T19:30:00.000Z,148.208,148.211,148.172,148.185,1164
2024-01-19T19:45:00.000Z,148.186,148.232,148.139,148.191,1890
2024-01-19T20:00:00.000Z,148.191,148.191,148.14,148.174,1454
2024-01-19T20:15:00.000Z,148.174,148.178,148.128,148.171,1173
2024-01-19T20:30:00.000Z,148.172,148.2,148.146,148.2,1245
2024-01-19T20:45:00.000Z,148.198,148.199,148.145,148.153,1537
2024-01-19T21:00:00.000Z,148.149,148.151,148.102,148.108,1177
2024-01-19T21:15:00.000Z,148.107,148.111,148.087,148.102,759
2024-01-19T21:30:00.000Z,148.101,148.162,148.099,148.146,805
2024-01-19T21:45:00.000Z,148.148,148.16,148.121,148.15,637
2024-01-21T22:00:00.000Z,148.253,148.253,148.173,148.196,38
2024-01-21T22:15:00.000Z,148.196,148.25,148.121,148.168,57
2024-01-21T22:30:00.000Z,148.165,148.168,148.156,148.167,81
2024-01-21T22:45:00.000Z,148.167,148.202,148.152,148.202,92
2024-01-21T23:00:00.000Z,148.21,148.261,148.148,148.155,867
2024-01-21T23:15:00.000Z,148.156,148.16,148.079,148.116,1083
2024-01-21T23:30:00.000Z,148.116,148.191,148.108,148.174,984
2024-01-21T23:45:00.000Z,148.175,148.185,148.119,148.125,851
2024-01-22T00:00:00.000Z,148.125,148.143,148.013,148.087,1973
2024-01-22T00:15:00.000Z,148.088,148.232,148.081,148.204,1771
2024-01-22T00:30:00.000Z,148.203,148.207,148.043,148.048,1591
2024-01-22T00:45:00.000Z,148.047,148.141,148.031,148.088,2679
2024-01-22T01:00:00.000Z,148.087,148.106,147.885,147.887,2802
2024-01-22T01:15:00.000Z,147.889,147.952,147.82,147.93,2461
2024-01-22T01:30:00.000Z,147.931,147.949,147.78,147.802,2474
2024-01-22T01:45:00.000Z,147.803,147.887,147.784,147.862,1955
2024-01-22T02:00:00.000Z,147.861,147.934,147.847,147.871,1544
2024-01-22T02:15:00.000Z,147.873,147.945,147.843,147.91,1605
2024-01-22T02:30:00.000Z,147.91,147.97,147.768,147.81,1946
2024-01-22T02:45:00.000Z,147.811,147.818,147.732,147.749,1751
2024-01-22T03:00:00.000Z,147.753,147.885,147.744,147.877,1772
2024-01-22T03:15:00.000Z,147.88,147.929,147.856,147.898,1807
2024-01-22T03:30:00.000Z,147.9,147.954,147.862,147.928,1358
2024-01-22T03:45:00.000Z,147.929,147.941,147.889,147.918,1158
2024-01-22T04:00:00.000Z,147.919,147.94,147.896,147.898,899
2024-01-22T04:15:00.000Z,147.897,147.916,147.853,147.896,857
2024-01-22T04:30:00.000Z,147.897,147.913,147.845,147.885,1379
2024-01-22T04:45:00.000Z,147.884,147.893,147.836,147.843,1022
2024-01-22T05:00:00.000Z,147.844,147.911,147.833,147.888,1282
2024-01-22T05:15:00.000Z,147.886,148.063,147.877,148.017,1677
2024-01-22T05:30:00.000Z,148.018,148.108,148.016,148.08,1756
2024-01-22T05:45:00.000Z,148.083,148.124,148.041,148.056,1596
2024-01-22T06:00:00.000Z,148.056,148.066,147.983,148.043,2078
2024-01-22T06:15:00.000Z,148.045,148.077,147.981,148.01,1730
2024-01-22T06:30:00.000Z,148.011,148.116,147.989,148.086,2177
2024-01-22T06:45:00.000Z,148.084,148.106,148.036,148.084,1788
2024-01-22T07:00:00.000Z,148.082,148.132,148.035,148.037,2406
2024-01-22T07:15:00.000Z,148.038,148.044,147.917,147.991,2574
2024-01-22T07:30:00.000Z,147.992,148.075,147.975,148.063,2226
2024-01-22T07:45:00.000Z,148.064,148.084,147.986,148.038,2519
2024-01-22T08:00:00.000Z,148.04,148.134,148.03,148.07,3324
2024-01-22T08:15:00.000Z,148.071,148.095,147.998,148.049,2982
2024-01-22T08:30:00.000Z,148.05,148.262,148.048,148.239,2861
2024-01-22T08:45:00.000Z,148.242,148.304,148.197,148.242,2956
2024-01-22T09:00:00.000Z,148.247,148.276,148.122,148.143,2308
2024-01-22T09:15:00.000Z,148.142,148.144,148.062,148.125,2376
2024-01-22T09:30:00.000Z,148.126,148.139,148.054,148.129,2304
2024-01-22T09:45:00.000Z,148.131,148.151,148.094,148.112,1833
2024-01-22T10:00:00.000Z,148.113,148.146,148.044,148.06,1967
2024-01-22T10:15:00.000Z,148.062,148.116,148.028,148.041,1982
2024-01-22T10:30:00.000Z,148.041,148.048,147.991,148.034,2186
2024-01-22T10:45:00.000Z,148.035,148.042,147.978,148.019,2263
2024-01-22T11:00:00.000Z,148.018,148.026,147.912,147.917,2205
2024-01-22T11:15:00.000Z,147.916,147.969,147.898,147.935,1989
2024-01-22T11:30:00.000Z,147.936,147.938,147.857,147.901,2077
2024-01-22T11:45:00.000Z,147.903,147.934,147.884,147.887,1735
2024-01-22T12:00:00.000Z,147.887,147.913,147.85,147.879,2045
2024-01-22T12:15:00.000Z,147.878,147.878,147.771,147.799,2241
2024-01-22T12:30:00.000Z,147.799,147.854,147.707,147.743,2443
2024-01-22T12:45:00.000Z,147.746,147.839,147.746,147.787,2417
2024-01-22T13:00:00.000Z,147.789,147.865,147.763,147.839,2875
2024-01-22T13:15:00.000Z,147.838,147.893,147.765,147.776,3080
2024-01-22T13:30:00.000Z,147.783,147.851,147.682,147.735,3486
2024-01-22T13:45:00.000Z,147.737,147.748,147.618,147.688,3256
2024-01-22T14:00:00.000Z,147.687,147.774,147.687,147.714,2618
2024-01-22T14:15:00.000Z,147.715,147.871,147.695,147.858,2516
2024-01-22T14:30:00.000Z,147.857,147.957,147.779,147.915,3326
2024-01-22T14:45:00.000Z,147.913,147.914,147.812,147.846,3018
2024-01-22T15:00:00.000Z,147.847,147.929,147.762,147.772,2671
2024-01-22T15:15:00.000Z,147.77,147.806,147.73,147.778,2713
2024-01-22T15:30:00.000Z,147.777,147.851,147.767,147.811,2450
2024-01-22T15:45:00.000Z,147.812,147.883,147.754,147.846,2769
2024-01-22T16:00:00.000Z,147.847,147.964,147.847,147.957,2401
2024-01-22T16:15:00.000Z,147.957,147.968,147.882,147.941,2280
2024-01-22T16:30:00.000Z,147.94,147.974,147.933,147.969,1915
2024-01-22T16:45:00.000Z,147.969,148.017,147.951,147.957,1826
2024-01-22T17:00:00.000Z,147.956,148.038,147.95,147.97,1298
2024-01-22T17:15:00.000Z,147.971,147.981,147.936,147.965,1428
2024-01-22T17:30:00.000Z,147.963,147.965,147.908,147.951,1370
2024-01-22T17:45:00.000Z,147.952,147.987,147.931,147.983,1410
2024-01-22T18:00:00.000Z,147.984,148.093,147.984,148.092,1574
2024-01-22T18:15:00.000Z,148.091,148.142,148.075,148.135,1380
2024-01-22T18:30:00.000Z,148.136,148.144,148.096,148.131,1465
2024-01-22T18:45:00.000Z,148.129,148.139,148.079,148.093,1278
2024-01-22T19:00:00.000Z,148.092,148.125,148.079,148.117,1337
2024-01-22T19:15:00.000Z,148.117,148.135,148.085,148.097,1225
2024-01-22T19:30:00.000Z,148.095,148.099,148.005,148.039,1098
2024-01-22T19:45:00.000Z,148.04,148.043,148.01,148.032,1406
2024-01-22T20:00:00.000Z,148.033,148.126,148.02,148.112,1499
2024-01-22T20:15:00.000Z,148.111,148.12,148.072,148.075,1011
2024-01-22T20:30:00.000Z,148.072,148.081,148.053,148.065,1196
2024-01-22T20:45:00.000Z,148.066,148.093,148.041,148.043,1675
2024-01-22T21:00:00.000Z,148.044,148.106,148.034,148.101,1030
2024-01-22T21:15:00.000Z,148.1,148.104,148.077,148.085,587
2024-01-22T21:30:00.000Z,148.086,148.138,148.086,148.111,535
2024-01-22T21:45:00.000Z,148.11,148.145,148.11,148.116,427
2024-01-22T22:00:00.000Z,148.081,148.1,147.916,147.94,145
2024-01-22T22:15:00.000Z,147.922,147.987,147.922,147.955,100
2024-01-22T22:30:00.000Z,147.946,147.975,147.946,147.964,169
2024-01-22T22:45:00.000Z,147.962,148.012,147.954,147.961,430
2024-01-22T23:00:00.000Z,147.961,148.063,147.958,148.062,533
2024-01-22T23:15:00.000Z,148.06,148.095,148.049,148.084,385
2024-01-22T23:30:00.000Z,148.084,148.115,148.071,148.103,286
2024-01-22T23:45:00.000Z,148.1,148.151,148.096,148.147,649
2024-01-23T00:00:00.000Z,148.145,148.225,148.119,148.174,1744
2024-01-23T00:15:00.000Z,148.172,148.211,148.122,148.138,1100
2024-01-23T00:30:00.000Z,148.137,148.191,148.11,148.138,1137
2024-01-23T00:45:00.000Z,148.138,148.138,148.057,148.116,1759
2024-01-23T01:00:00.000Z,148.117,148.135,148.07,148.134,1411
2024-01-23T01:15:00.000Z,148.135,148.167,148.1,148.123,1350
2024-01-23T01:30:00.000Z,148.123,148.154,148.091,148.139,1577
2024-01-23T01:45:00.000Z,148.137,148.16,148.087,148.103,1545
2024-01-23T02:00:00.000Z,148.102,148.188,148.078,148.179,2274
2024-01-23T02:15:00.000Z,148.18,148.274,148.164,148.166,1660
2024-01-23T02:30:00.000Z,148.166,148.175,148.085,148.141,1975
2024-01-23T02:45:00.000Z,148.143,148.262,148.12,148.225,1788
2024-01-23T03:00:00.000Z,148.225,148.551,148.102,148.436,2643
2024-01-23T03:15:00.000Z,148.435,148.49,148.147,148.361,2409
2024-01-23T03:30:00.000Z,148.36,148.431,148.137,148.243,2129
2024-01-23T03:45:00.000Z,148.242,148.262,147.853,147.896,3035
2024-01-23T04:00:00.000Z,147.898,148.048,147.861,148.037,2183
2024-01-23T04:15:00.000Z,148.038,148.21,147.962,148.199,1704
2024-01-23T04:30:00.000Z,148.201,148.21,148.066,148.095,1498
2024-01-23T04:45:00.000Z,148.093,148.109,147.903,147.948,1622
2024-01-23T05:00:00.000Z,147.944,148.049,147.874,148.048,1741
2024-01-23T05:15:00.000Z,148.053,148.072,147.939,147.953,1727
2024-01-23T05:30:00.000Z,147.954,148.017,147.885,147.886,1818
2024-01-23T05:45:00.000Z,147.885,147.963,147.865,147.926,1402
2024-01-23T06:00:00.000Z,147.925,148.14,147.884,148.118,1769
2024-01-23T06:15:00.000Z,148.12,148.175,147.993,148.001,1657
2024-01-23T06:30:00.000Z,148.002,148.065,147.503,147.626,3733
2024-01-23T06:45:00.000Z,147.627,147.67,146.982,147.131,4659
2024-01-23T07:00:00.000Z,147.128,147.334,147.036,147.213,4773
2024-01-23T07:15:00.000Z,147.214,147.474,147.183,147.442,3206
2024-01-23T07:30:00.000Z,147.443,147.783,147.421,147.674,4013
2024-01-23T07:45:00.000Z,147.678,147.678,147.426,147.585,2918
2024-01-23T08:00:00.000Z,147.585,147.67,147.424,147.429,3350
2024-01-23T08:15:00.000Z,147.426,147.504,147.349,147.436,2877
2024-01-23T08:30:00.000Z,147.434,147.44,147.254,147.352,2893
2024-01-23T08:45:00.000Z,147.351,147.413,147.289,147.348,2629
2024-01-23T09:00:00.000Z,147.351,147.558,147.341,147.479,2810
2024-01-23T09:15:00.000Z,147.478,147.655,147.478,147.591,2839
2024-01-23T09:30:00.000Z,147.591,147.629,147.526,147.557,2302
2024-01-23T09:45:00.000Z,147.56,147.734,147.56,147.711,2111
2024-01-23T10:00:00.000Z,147.712,147.912,147.712,147.835,2551
2024-01-23T10:15:00.000Z,147.834,147.894,147.78,147.813,2092
2024-01-23T10:30:00.000Z,147.817,147.888,147.749,147.878,1601
2024-01-23T10:45:00.000Z,147.878,147.928,147.827,147.841,2162
2024-01-23T11:00:00.000Z,147.84,147.884,147.762,147.762,1983
2024-01-23T11:15:00.000Z,147.761,148.158,147.761,148.053,2418
2024-01-23T11:30:00.000Z,148.052,148.068,147.924,147.991,2247
2024-01-23T11:45:00.000Z,147.992,148.044,147.944,148.028,1899
2024-01-23T12:00:00.000Z,148.028,148.099,148,148,2027
2024-01-23T12:15:00.000Z,147.99,148.083,147.948,148.053,2003
2024-01-23T12:30:00.000Z,148.054,148.141,148.04,148.042,2051
2024-01-23T12:45:00.000Z,148.043,148.054,147.875,147.984,2698
2024-01-23T13:00:00.000Z,147.99,148.071,147.912,148.045,2501
2024-01-23T13:15:00.000Z,148.044,148.045,147.91,147.92,2419
2024-01-23T13:30:00.000Z,147.921,147.99,147.9,147.954,2339
2024-01-23T13:45:00.000Z,147.951,148.064,147.879,148.052,2833
2024-01-23T14:00:00.000Z,148.05,148.249,148.05,148.127,2872
2024-01-23T14:15:00.000Z,148.126,148.245,148.126,148.224,2303
2024-01-23T14:30:00.000Z,148.227,148.34,148.182,148.29,3452
2024-01-23T14:45:00.000Z,148.291,148.374,148.287,148.335,2905
2024-01-23T15:00:00.000Z,148.334,148.376,148.223,148.348,2943
2024-01-23T15:15:00.000Z,148.346,148.425,148.314,148.415,3023
2024-01-23T15:30:00.000Z,148.414,148.543,148.402,148.48,3274
2024-01-23T15:45:00.000Z,148.481,148.492,148.353,148.482,3047
2024-01-23T16:00:00.000Z,148.484,148.496,148.359,148.476,2877
2024-01-23T16:15:00.000Z,148.474,148.587,148.455,148.489,2460
2024-01-23T16:30:00.000Z,148.488,148.587,148.487,148.587,1995
2024-01-23T16:45:00.000Z,148.588,148.595,148.529,148.555,2079
2024-01-23T17:00:00.000Z,148.554,148.573,148.51,148.553,1716
2024-01-23T17:15:00.000Z,148.552,148.597,148.536,148.557,1700
2024-01-23T17:30:00.000Z,148.558,148.697,148.541,148.676,1698
2024-01-23T17:45:00.000Z,148.677,148.697,148.571,148.595,1946
2024-01-23T18:00:00.000Z,148.595,148.622,148.547,148.577,1708
2024-01-23T18:15:00.000Z,148.576,148.576,148.47,148.506,1321
2024-01-23T18:30:00.000Z,148.505,148.506,148.445,148.464,1493
2024-01-23T18:45:00.000Z,148.465,148.556,148.462,148.523,1521
2024-01-23T19:00:00.000Z,148.524,148.569,148.435,148.443,1312
2024-01-23T19:15:00.000Z,148.443,148.48,148.419,148.43,1335
2024-01-23T19:30:00.000Z,148.427,148.45,148.295,148.314,1540
2024-01-23T19:45:00.000Z,148.315,148.385,148.296,148.378,1778
2024-01-23T20:00:00.000Z,148.377,148.412,148.339,148.359,1100
2024-01-23T20:15:00.000Z,148.361,148.407,148.342,148.405,760
2024-01-23T20:30:00.000Z,148.404,148.41,148.362,148.365,894
2024-01-23T20:45:00.000Z,148.365,148.376,148.333,148.355,1400
2024-01-23T21:00:00.000Z,148.354,148.398,148.352,148.37,773
2024-01-23T21:15:00.000Z,148.369,148.373,148.324,148.334,692
2024-01-23T21:30:00.000Z,148.335,148.364,148.327,148.351,569
2024-01-23T21:45:00.000Z,148.35,148.387,148.345,148.37,852
2024-01-23T22:00:00.000Z,148.303,148.355,148.258,148.307,132
2024-01-23T22:15:00.000Z,148.305,148.349,148.301,148.309,54
2024-01-23T22:30:00.000Z,148.308,148.327,148.302,148.326,208
2024-01-23T22:45:00.000Z,148.317,148.379,148.31,148.375,290
2024-01-23T23:00:00.000Z,148.376,148.385,148.285,148.327,718
2024-01-23T23:15:00.000Z,148.327,148.327,148.22,148.227,718
2024-01-23T23:30:00.000Z,148.232,148.29,148.224,148.255,433
2024-01-23T23:45:00.000Z,148.254,148.279,148.212,148.249,908
2024-01-24T00:00:00.000Z,148.249,148.262,148.148,148.179,1693
2024-01-24T00:15:00.000Z,148.18,148.246,148.132,148.227,1510
2024-01-24T00:30:00.000Z,148.225,148.25,148.076,148.132,1639
2024-01-24T00:45:00.000Z,148.131,148.157,148.047,148.113,2241
2024-01-24T01:00:00.000Z,148.118,148.182,148.033,148.055,1752
2024-01-24T01:15:00.000Z,148.056,148.165,147.981,148.107,2564
2024-01-24T01:30:00.000Z,148.105,148.154,148.079,148.132,2043
2024-01-24T01:45:00.000Z,148.134,148.166,147.998,148.021,2064
2024-01-24T02:00:00.000Z,148.02,148.151,148.014,148.147,1537
2024-01-24T02:15:00.000Z,148.152,148.204,148.11,148.18,1377
2024-01-24T02:30:00.000Z,148.179,148.255,148.167,148.172,1606
2024-01-24T02:45:00.000Z,148.171,148.193,148.103,148.105,1725
2024-01-24T03:00:00.000Z,148.104,148.148,148.073,148.095,1389
2024-01-24T03:15:00.000Z,148.096,148.13,148.065,148.095,1067
2024-01-24T03:30:00.000Z,148.096,148.102,147.883,147.892,1526
2024-01-24T03:45:00.000Z,147.891,147.895,147.754,147.807,2725
2024-01-24T04:00:00.000Z,147.805,147.873,147.781,147.848,1427
2024-01-24T04:15:00.000Z,147.847,147.924,147.839,147.911,1321
2024-01-24T04:30:00.000Z,147.912,147.913,147.767,147.785,1383
2024-01-24T04:45:00.000Z,147.786,147.9,147.786,147.883,1466
2024-01-24T05:00:00.000Z,147.885,148.017,147.884,147.955,1073
2024-01-24T05:15:00.000Z,147.956,147.996,147.913,147.914,1053
2024-01-24T05:30:00.000Z,147.911,147.947,147.84,147.878,1299
2024-01-24T05:45:00.000Z,147.88,147.888,147.815,147.876,1503
2024-01-24T06:00:00.000Z,147.877,147.943,147.877,147.892,1598
2024-01-24T06:15:00.000Z,147.894,147.931,147.85,147.887,1082
2024-01-24T06:30:00.000Z,147.891,147.957,147.867,147.88,1548
2024-01-24T06:45:00.000Z,147.88,147.904,147.826,147.869,1328
2024-01-24T07:00:00.000Z,147.869,147.909,147.705,147.781,2898
2024-01-24T07:15:00.000Z,147.78,147.904,147.759,147.894,1824
2024-01-24T07:30:00.000Z,147.895,147.896,147.702,147.73,2522
2024-01-24T07:45:00.000Z,147.731,147.821,147.715,147.796,2811
2024-01-24T08:00:00.000Z,147.794,147.794,147.661,147.718,3316
2024-01-24T08:15:00.000Z,147.723,147.723,147.56,147.586,3480
2024-01-24T08:30:00.000Z,147.579,147.601,147.453,147.536,3287
2024-01-24T08:45:00.000Z,147.537,147.623,147.498,147.564,2198
2024-01-24T09:00:00.000Z,147.565,147.627,147.499,147.515,2603
2024-01-24T09:15:00.000Z,147.517,147.548,147.423,147.454,2552
2024-01-24T09:30:00.000Z,147.456,147.532,147.378,147.524,3268
2024-01-24T09:45:00.000Z,147.525,147.573,147.467,147.53,2455
2024-01-24T10:00:00.000Z,147.532,147.56,147.466,147.511,2302
2024-01-24T10:15:00.000Z,147.511,147.607,147.502,147.586,2018
2024-01-24T10:30:00.000Z,147.587,147.627,147.566,147.575,1731
2024-01-24T10:45:00.000Z,147.572,147.572,147.483,147.484,1568
2024-01-24T11:00:00.000Z,147.484,147.531,147.442,147.518,1590
2024-01-24T11:15:00.000Z,147.518,147.518,147.473,147.5,1264
2024-01-24T11:30:00.000Z,147.502,147.596,147.496,147.498,1629
2024-01-24T11:45:00.000Z,147.497,147.559,147.471,147.517,2000
2024-01-24T12:00:00.000Z,147.518,147.521,147.387,147.455,1939
2024-01-24T12:15:00.000Z,147.453,147.47,147.341,147.401,2084
2024-01-24T12:30:00.000Z,147.403,147.404,147.207,147.254,2413
2024-01-24T12:45:00.000Z,147.254,147.335,147.236,147.297,2349
2024-01-24T13:00:00.000Z,147.298,147.304,147.06,147.069,2967
2024-01-24T13:15:00.000Z,147.069,147.084,146.89,146.934,3684
2024-01-24T13:30:00.000Z,146.934,147.023,146.847,147.002,4200
2024-01-24T13:45:00.000Z,146.996,147.011,146.722,146.769,3473
2024-01-24T14:00:00.000Z,146.777,146.906,146.745,146.763,3112
2024-01-24T14:15:00.000Z,146.763,146.776,146.661,146.69,2650
2024-01-24T14:30:00.000Z,146.692,146.877,146.651,146.83,3358
2024-01-24T14:45:00.000Z,146.829,147.259,146.824,147.074,5002
2024-01-24T15:00:00.000Z,147.071,147.218,146.962,146.972,4120
2024-01-24T15:15:00.000Z,146.967,146.969,146.756,146.836,3878
2024-01-24T15:30:00.000Z,146.837,147.05,146.781,146.816,3457
2024-01-24T15:45:00.000Z,146.817,147.031,146.773,146.945,3441
2024-01-24T16:00:00.000Z,146.947,147.309,146.894,147.286,3449
2024-01-24T16:15:00.000Z,147.286,147.303,147.163,147.296,3006
2024-01-24T16:30:00.000Z,147.297,147.404,147.272,147.393,2633
2024-01-24T16:45:00.000Z,147.394,147.434,147.29,147.312,2462
2024-01-24T17:00:00.000Z,147.314,147.326,147.213,147.225,1889
2024-01-24T17:15:00.000Z,147.225,147.317,147.166,147.184,2113
2024-01-24T17:30:00.000Z,147.183,147.204,147.122,147.19,1679
2024-01-24T17:45:00.000Z,147.191,147.213,147.142,147.192,1973
2024-01-24T18:00:00.000Z,147.196,147.386,147.161,147.374,2832
2024-01-24T18:15:00.000Z,147.379,147.445,147.334,147.419,2704
2024-01-24T18:30:00.000Z,147.418,147.468,147.36,147.451,2275
2024-01-24T18:45:00.000Z,147.451,147.489,147.438,147.481,1516
2024-01-24T19:00:00.000Z,147.484,147.504,147.457,147.469,1317
2024-01-24T19:15:00.000Z,147.47,147.578,147.465,147.508,1704
2024-01-24T19:30:00.000Z,147.506,147.581,147.488,147.57,1560
2024-01-24T19:45:00.000Z,147.571,147.596,147.557,147.566,1152
2024-01-24T20:00:00.000Z,147.565,147.568,147.51,147.562,1362
2024-01-24T20:15:00.000Z,147.561,147.598,147.555,147.589,1229
2024-01-24T20:30:00.000Z,147.591,147.597,147.549,147.565,1157
2024-01-24T20:45:00.000Z,147.573,147.624,147.572,147.61,1484
2024-01-24T21:00:00.000Z,147.611,147.64,147.565,147.565,920
2024-01-24T21:15:00.000Z,147.566,147.595,147.56,147.587,653
2024-01-24T21:30:00.000Z,147.588,147.605,147.569,147.583,528
2024-01-24T21:45:00.000Z,147.584,147.589,147.482,147.512,985
2024-01-24T22:00:00.000Z,147.487,147.487,147.346,147.438,33
2024-01-24T22:15:00.000Z,147.438,147.488,147.433,147.437,51
2024-01-24T22:30:00.000Z,147.437,147.441,147.385,147.421,547
2024-01-24T22:45:00.000Z,147.42,147.469,147.381,147.426,718
2024-01-24T23:00:00.000Z,147.435,147.621,147.423,147.57,1065
2024-01-24T23:15:00.000Z,147.57,147.572,147.444,147.482,1115
2024-01-24T23:30:00.000Z,147.482,147.562,147.482,147.556,944
2024-01-24T23:45:00.000Z,147.557,147.615,147.512,147.591,982
2024-01-25T00:00:00.000Z,147.587,147.71,147.545,147.654,2224
2024-01-25T00:15:00.000Z,147.653,147.743,147.631,147.723,1858
2024-01-25T00:30:00.000Z,147.723,147.745,147.654,147.674,1723
2024-01-25T00:45:00.000Z,147.673,147.765,147.636,147.728,2573
2024-01-25T01:00:00.000Z,147.727,147.816,147.722,147.787,1956
2024-01-25T01:15:00.000Z,147.788,147.856,147.745,147.753,1934
2024-01-25T01:30:00.000Z,147.754,147.76,147.62,147.628,1939
2024-01-25T01:45:00.000Z,147.627,147.717,147.614,147.667,2204
2024-01-25T02:00:00.000Z,147.665,147.679,147.6,147.667,2071
2024-01-25T02:15:00.000Z,147.666,147.696,147.635,147.641,1606
2024-01-25T02:30:00.000Z,147.641,147.735,147.634,147.734,1630
2024-01-25T02:45:00.000Z,147.734,147.768,147.69,147.714,1362
2024-01-25T03:00:00.000Z,147.716,147.72,147.568,147.686,1916
2024-01-25T03:15:00.000Z,147.687,147.703,147.64,147.666,1263
2024-01-25T03:30:00.000Z,147.665,147.703,147.66,147.68,1051
2024-01-25T03:45:00.000Z,147.678,147.683,147.614,147.654,1256
2024-01-25T04:00:00.000Z,147.654,147.669,147.611,147.612,1205
2024-01-25T04:15:00.000Z,147.613,147.66,147.586,147.654,1258
2024-01-25T04:30:00.000Z,147.655,147.739,147.655,147.729,1227
2024-01-25T04:45:00.000Z,147.731,147.781,147.731,147.771,979
2024-01-25T05:00:00.000Z,147.772,147.779,147.727,147.748,1041
2024-01-25T05:15:00.000Z,147.749,147.793,147.711,147.736,1571
2024-01-25T05:30:00.000Z,147.736,147.788,147.734,147.781,1132
2024-01-25T05:45:00.000Z,147.782,147.86,147.771,147.8,1427
2024-01-25T06:00:00.000Z,147.802,147.881,147.742,147.845,1778
2024-01-25T06:15:00.000Z,147.846,147.863,147.799,147.81,1430
2024-01-25T06:30:00.000Z,147.811,147.818,147.691,147.692,1666
2024-01-25T06:45:00.000Z,147.686,147.749,147.674,147.726,1232
2024-01-25T07:00:00.000Z,147.724,147.752,147.639,147.643,2612
2024-01-25T07:15:00.000Z,147.642,147.69,147.617,147.623,2179
2024-01-25T07:30:00.000Z,147.622,147.629,147.537,147.596,2338
2024-01-25T07:45:00.000Z,147.599,147.679,147.568,147.671,2524
2024-01-25T08:00:00.000Z,147.673,147.742,147.67,147.726,3041
2024-01-25T08:15:00.000Z,147.726,147.844,147.72,147.761,3148
2024-01-25T08:30:00.000Z,147.76,147.792,147.649,147.663,2561
2024-01-25T08:45:00.000Z,147.662,147.716,147.653,147.657,1670
2024-01-25T09:00:00.000Z,147.656,147.696,147.638,147.671,2324
2024-01-25T09:15:00.000Z,147.676,147.682,147.634,147.651,2215
2024-01-25T09:30:00.000Z,147.65,147.657,147.58,147.634,2372
2024-01-25T09:45:00.000Z,147.636,147.668,147.609,147.641,2443
2024-01-25T10:00:00.000Z,147.639,147.651,147.535,147.562,2904
2024-01-25T10:15:00.000Z,147.564,147.658,147.543,147.595,2073
2024-01-25T10:30:00.000Z,147.595,147.607,147.515,147.554,2238
2024-01-25T10:45:00.000Z,147.554,147.61,147.534,147.597,1924
2024-01-25T11:00:00.000Z,147.595,147.662,147.585,147.618,2034
2024-01-25T11:15:00.000Z,147.617,147.629,147.553,147.579,1837
2024-01-25T11:30:00.000Z,147.58,147.597,147.474,147.506,2283
2024-01-25T11:45:00.000Z,147.507,147.542,147.479,147.515,1646
2024-01-25T12:00:00.000Z,147.513,147.592,147.499,147.581,2009
2024-01-25T12:15:00.000Z,147.582,147.698,147.58,147.657,1633
2024-01-25T12:30:00.000Z,147.653,147.68,147.629,147.656,1774
2024-01-25T12:45:00.000Z,147.655,147.764,147.651,147.746,2248
2024-01-25T13:00:00.000Z,147.747,147.753,147.622,147.672,2668
2024-01-25T13:15:00.000Z,147.671,147.684,147.578,147.632,3293
2024-01-25T13:30:00.000Z,147.643,147.951,147.317,147.437,6105
2024-01-25T13:45:00.000Z,147.437,147.565,147.288,147.374,5801
2024-01-25T14:00:00.000Z,147.376,147.403,147.085,147.121,5478
2024-01-25T14:15:00.000Z,147.122,147.331,147.099,147.198,4491
2024-01-25T14:30:00.000Z,147.2,147.424,147.187,147.334,4790
2024-01-25T14:45:00.000Z,147.322,147.409,147.237,147.313,4432
2024-01-25T15:00:00.000Z,147.319,147.423,147.226,147.33,4240
2024-01-25T15:15:00.000Z,147.329,147.4,147.226,147.377,4240
2024-01-25T15:30:00.000Z,147.376,147.52,147.376,147.463,4027
2024-01-25T15:45:00.000Z,147.463,147.626,147.454,147.579,3472
2024-01-25T16:00:00.000Z,147.578,147.698,147.559,147.581,3223
2024-01-25T16:15:00.000Z,147.58,147.61,147.507,147.593,2408
2024-01-25T16:30:00.000Z,147.592,147.735,147.592,147.687,2704
2024-01-25T16:45:00.000Z,147.688,147.766,147.676,147.699,2311
2024-01-25T17:00:00.000Z,147.7,147.753,147.658,147.666,2483
2024-01-25T17:15:00.000Z,147.667,147.759,147.634,147.732,2496
2024-01-25T17:30:00.000Z,147.733,147.875,147.725,147.843,2089
2024-01-25T17:45:00.000Z,147.844,147.901,147.814,147.828,2282
2024-01-25T18:00:00.000Z,147.829,147.876,147.695,147.731,3097
2024-01-25T18:15:00.000Z,147.734,147.813,147.695,147.709,2515
2024-01-25T18:30:00.000Z,147.708,147.802,147.698,147.797,1691
2024-01-25T18:45:00.000Z,147.796,147.845,147.757,147.839,1836
2024-01-25T19:00:00.000Z,147.839,147.876,147.785,147.818,1716
2024-01-25T19:15:00.000Z,147.817,147.874,147.802,147.843,1749
2024-01-25T19:30:00.000Z,147.844,147.849,147.772,147.807,1595
2024-01-25T19:45:00.000Z,147.811,147.842,147.794,147.838,1467
2024-01-25T20:00:00.000Z,147.837,147.847,147.772,147.784,1408
2024-01-25T20:15:00.000Z,147.783,147.821,147.766,147.766,1352
2024-01-25T20:30:00.000Z,147.765,147.777,147.73,147.731,1425
2024-01-25T20:45:00.000Z,147.731,147.743,147.696,147.722,1602
2024-01-25T21:00:00.000Z,147.717,147.746,147.717,147.728,860
2024-01-25T21:15:00.000Z,147.729,147.734,147.689,147.7,870
2024-01-25T21:30:00.000Z,147.701,147.702,147.669,147.673,650
2024-01-25T21:45:00.000Z,147.673,147.691,147.653,147.661,889
2024-01-25T22:00:00.000Z,147.636,147.636,147.484,147.615,27
2024-01-25T22:15:00.000Z,147.612,147.619,147.59,147.616,32
2024-01-25T22:30:00.000Z,147.616,147.655,147.615,147.637,164
2024-01-25T22:45:00.000Z,147.634,147.643,147.627,147.632,200
2024-01-25T23:00:00.000Z,147.629,147.661,147.555,147.557,1003
2024-01-25T23:15:00.000Z,147.555,147.571,147.499,147.526,1004
2024-01-25T23:30:00.000Z,147.528,147.703,147.528,147.689,1407
2024-01-25T23:45:00.000Z,147.687,147.743,147.645,147.723,1092
2024-01-26T00:00:00.000Z,147.722,147.85,147.698,147.784,2006
2024-01-26T00:15:00.000Z,147.783,147.827,147.716,147.737,1736
2024-01-26T00:30:00.000Z,147.736,147.789,147.653,147.658,1636
2024-01-26T00:45:00.000Z,147.659,147.659,147.536,147.57,2696
2024-01-26T01:00:00.000Z,147.57,147.663,147.544,147.651,2130
2024-01-26T01:15:00.000Z,147.65,147.675,147.514,147.601,1828
2024-01-26T01:30:00.000Z,147.605,147.643,147.536,147.579,1971
2024-01-26T01:45:00.000Z,147.577,147.578,147.48,147.549,1808
2024-01-26T02:00:00.000Z,147.55,147.626,147.51,147.626,1974
2024-01-26T02:15:00.000Z,147.625,147.628,147.573,147.608,1490
2024-01-26T02:30:00.000Z,147.605,147.642,147.513,147.596,1703
2024-01-26T02:45:00.000Z,147.597,147.652,147.585,147.644,1155
2024-01-26T03:00:00.000Z,147.642,147.663,147.55,147.584,1230
2024-01-26T03:15:00.000Z,147.584,147.607,147.573,147.602,1255
2024-01-26T03:30:00.000Z,147.602,147.627,147.573,147.618,1057
2024-01-26T03:45:00.000Z,147.617,147.715,147.614,147.665,1014
2024-01-26T04:00:00.000Z,147.664,147.753,147.649,147.741,826
2024-01-26T04:15:00.000Z,147.739,147.765,147.698,147.708,1075
2024-01-26T04:30:00.000Z,147.711,147.797,147.697,147.787,973
2024-01-26T04:45:00.000Z,147.786,147.804,147.766,147.794,1044
2024-01-26T05:00:00.000Z,147.795,147.825,147.761,147.766,1228
2024-01-26T05:15:00.000Z,147.765,147.782,147.743,147.777,828
2024-01-26T05:30:00.000Z,147.778,147.792,147.727,147.743,1415
2024-01-26T05:45:00.000Z,147.742,147.743,147.692,147.731,1217
2024-01-26T06:00:00.000Z,147.731,147.795,147.731,147.757,1617
2024-01-26T06:15:00.000Z,147.758,147.811,147.734,147.791,1318
2024-01-26T06:30:00.000Z,147.794,147.868,147.793,147.813,1692
2024-01-26T06:45:00.000Z,147.814,147.815,147.733,147.761,1425
2024-01-26T07:00:00.000Z,147.762,147.842,147.735,147.82,2032
2024-01-26T07:15:00.000Z,147.819,147.885,147.778,147.804,2404
2024-01-26T07:30:00.000Z,147.806,147.845,147.758,147.845,2571
2024-01-26T07:45:00.000Z,147.845,147.873,147.767,147.772,2219
2024-01-26T08:00:00.000Z,147.773,147.859,147.757,147.826,2888
2024-01-26T08:15:00.000Z,147.827,147.829,147.735,147.791,2939
2024-01-26T08:30:00.000Z,147.788,147.849,147.748,147.818,2511
2024-01-26T08:45:00.000Z,147.818,147.826,147.778,147.81,2172
2024-01-26T09:00:00.000Z,147.808,148.048,147.791,148.04,2958
2024-01-26T09:15:00.000Z,148.04,148.089,147.932,147.934,2783
2024-01-26T09:30:00.000Z,147.934,147.945,147.813,147.84,2662
2024-01-26T09:45:00.000Z,147.84,147.873,147.81,147.835,2414
2024-01-26T10:00:00.000Z,147.833,147.834,147.674,147.734,2636
2024-01-26T10:15:00.000Z,147.733,147.763,147.689,147.737,1791
2024-01-26T10:30:00.000Z,147.737,147.761,147.66,147.68,1959
2024-01-26T10:45:00.000Z,147.679,147.731,147.634,147.657,1738
2024-01-26T11:00:00.000Z,147.655,147.673,147.597,147.671,2286
2024-01-26T11:15:00.000Z,147.671,147.685,147.623,147.672,2053
2024-01-26T11:30:00.000Z,147.671,147.746,147.671,147.732,1707
2024-01-26T11:45:00.000Z,147.73,147.767,147.696,147.717,1345
2024-01-26T12:00:00.000Z,147.716,147.765,147.667,147.669,1444
2024-01-26T12:15:00.000Z,147.669,147.714,147.645,147.698,1610
2024-01-26T12:30:00.000Z,147.697,147.793,147.685,147.782,1927
2024-01-26T12:45:00.000Z,147.784,147.828,147.738,147.767,2117
2024-01-26T13:00:00.000Z,147.77,147.792,147.697,147.705,2558
2024-01-26T13:15:00.000Z,147.704,147.729,147.638,147.652,2855
2024-01-26T13:30:00.000Z,147.657,147.916,147.416,147.754,5256
2024-01-26T13:45:00.000Z,147.755,147.816,147.564,147.653,4798
2024-01-26T14:00:00.000Z,147.652,147.826,147.637,147.821,4159
2024-01-26T14:15:00.000Z,147.82,147.898,147.801,147.823,3380
2024-01-26T14:30:00.000Z,147.825,147.934,147.747,147.852,4026
2024-01-26T14:45:00.000Z,147.853,147.948,147.836,147.876,3163
2024-01-26T15:00:00.000Z,147.875,148.111,147.875,148.011,3711
2024-01-26T15:15:00.000Z,148.01,148.142,148.007,148.122,3235
2024-01-26T15:30:00.000Z,148.123,148.165,147.979,148.067,2924
2024-01-26T15:45:00.000Z,148.066,148.12,148.042,148.079,2690
2024-01-26T16:00:00.000Z,148.083,148.113,147.982,148.055,2646
2024-01-26T16:15:00.000Z,148.055,148.058,147.904,147.911,2183
2024-01-26T16:30:00.000Z,147.911,147.965,147.898,147.935,2162
2024-01-26T16:45:00.000Z,147.934,147.959,147.911,147.946,2605
2024-01-26T17:00:00.000Z,147.945,148.003,147.904,147.924,2232
2024-01-26T17:15:00.000Z,147.925,147.957,147.884,147.935,1477
2024-01-26T17:30:00.000Z,147.936,147.992,147.927,147.969,1519
2024-01-26T17:45:00.000Z,147.97,148.032,147.964,147.991,1540
2024-01-26T18:00:00.000Z,147.992,148.016,147.963,148.003,1218
2024-01-26T18:15:00.000Z,148.004,148.031,147.989,148.022,1151
2024-01-26T18:30:00.000Z,148.023,148.115,148.021,148.092,1268
2024-01-26T18:45:00.000Z,148.093,148.209,148.091,148.139,1176
2024-01-26T19:00:00.000Z,148.14,148.167,148.115,148.122,892
2024-01-26T19:15:00.000Z,148.122,148.162,148.106,148.153,1018
2024-01-26T19:30:00.000Z,148.154,148.157,148.074,148.078,1052
2024-01-26T19:45:00.000Z,148.077,148.11,148.052,148.098,1319
2024-01-26T20:00:00.000Z,148.097,148.11,148.067,148.067,1317
2024-01-26T20:15:00.000Z,148.065,148.082,148.047,148.058,814
2024-01-26T20:30:00.000Z,148.057,148.081,148.05,148.052,968
2024-01-26T20:45:00.000Z,148.053,148.088,148.05,148.076,1465
2024-01-26T21:00:00.000Z,148.076,148.08,148.053,148.067,722
2024-01-26T21:15:00.000Z,148.068,148.126,148.068,148.123,563
2024-01-26T21:30:00.000Z,148.121,148.149,148.112,148.144,529
2024-01-26T21:45:00.000Z,148.145,148.151,148.104,148.124,758
2024-01-28T22:00:00.000Z,148.083,148.083,148.059,148.072,61
2024-01-28T22:15:00.000Z,148.072,148.093,148.067,148.09,49
2024-01-28T22:30:00.000Z,148.09,148.1,148.083,148.1,31
2024-01-28T22:45:00.000Z,148.1,148.1,148.05,148.07,88
2024-01-28T23:00:00.000Z,148.079,148.128,148.054,148.111,1009
2024-01-28T23:15:00.000Z,148.111,148.161,148.024,148.027,1646
2024-01-28T23:30:00.000Z,148.028,148.179,148.025,148.173,1056
2024-01-28T23:45:00.000Z,148.172,148.188,148.095,148.185,1096
2024-01-29T00:00:00.000Z,148.181,148.253,148.165,148.249,1536
2024-01-29T00:15:00.000Z,148.249,148.31,148.194,148.297,1522
2024-01-29T00:30:00.000Z,148.295,148.336,148.279,148.295,1770
2024-01-29T00:45:00.000Z,148.294,148.295,148.191,148.209,2262
2024-01-29T01:00:00.000Z,148.207,148.207,148.07,148.137,1904
2024-01-29T01:15:00.000Z,148.136,148.185,148.089,148.097,1568
2024-01-29T01:30:00.000Z,148.098,148.098,148.027,148.075,1400
2024-01-29T01:45:00.000Z,148.074,148.139,148.073,148.131,1304
2024-01-29T02:00:00.000Z,148.133,148.253,148.13,148.218,1667
2024-01-29T02:15:00.000Z,148.218,148.24,148.164,148.171,1097
2024-01-29T02:30:00.000Z,148.172,148.187,148.121,148.147,1073
2024-01-29T02:45:00.000Z,148.146,148.177,148.121,148.123,916
2024-01-29T03:00:00.000Z,148.122,148.138,148.098,148.108,1111
2024-01-29T03:15:00.000Z,148.107,148.187,148.092,148.168,878
2024-01-29T03:30:00.000Z,148.169,148.184,148.155,148.175,696
2024-01-29T03:45:00.000Z,148.175,148.176,148.122,148.138,715
2024-01-29T04:00:00.000Z,148.139,148.139,148.04,148.084,1023
2024-01-29T04:15:00.000Z,148.085,148.103,148.042,148.053,980
2024-01-29T04:30:00.000Z,148.054,148.097,147.996,148.025,955
2024-01-29T04:45:00.000Z,148.024,148.083,148.022,148.068,792
2024-01-29T05:00:00.000Z,148.069,148.097,148.054,148.075,938
2024-01-29T05:15:00.000Z,148.077,148.078,148.018,148.057,1015
2024-01-29T05:30:00.000Z,148.058,148.101,148.052,148.075,1295
2024-01-29T05:45:00.000Z,148.077,148.1,148.028,148.029,1144
2024-01-29T06:00:00.000Z,148.028,148.072,147.946,147.952,1301
2024-01-29T06:15:00.000Z,147.952,147.983,147.897,147.928,1541
2024-01-29T06:30:00.000Z,147.929,147.975,147.912,147.919,1225
2024-01-29T06:45:00.000Z,147.918,147.933,147.879,147.893,1569
2024-01-29T07:00:00.000Z,147.894,147.904,147.824,147.832,2531
2024-01-29T07:15:00.000Z,147.831,147.86,147.784,147.82,2373
2024-01-29T07:30:00.000Z,147.822,147.847,147.76,147.775,2467
2024-01-29T07:45:00.000Z,147.773,147.86,147.753,147.804,2263
2024-01-29T08:00:00.000Z,147.803,147.86,147.719,147.855,3155
2024-01-29T08:15:00.000Z,147.854,147.902,147.827,147.88,2426
2024-01-29T08:30:00.000Z,147.88,147.908,147.798,147.812,2397
2024-01-29T08:45:00.000Z,147.811,147.906,147.808,147.88,2361
2024-01-29T09:00:00.000Z,147.881,147.911,147.814,147.846,2764
2024-01-29T09:15:00.000Z,147.845,147.87,147.753,147.791,2652
2024-01-29T09:30:00.000Z,147.79,147.806,147.739,147.756,2394
2024-01-29T09:45:00.000Z,147.758,147.785,147.711,147.743,2253
2024-01-29T10:00:00.000Z,147.742,147.817,147.733,147.797,2043
2024-01-29T10:15:00.000Z,147.796,147.859,147.796,147.855,1538
2024-01-29T10:30:00.000Z,147.854,147.856,147.76,147.767,1864
2024-01-29T10:45:00.000Z,147.766,147.841,147.744,147.829,1593
2024-01-29T11:00:00.000Z,147.83,147.831,147.782,147.812,1549
2024-01-29T11:15:00.000Z,147.812,147.887,147.812,147.871,1203
2024-01-29T11:30:00.000Z,147.87,147.876,147.837,147.873,1568
2024-01-29T11:45:00.000Z,147.874,147.926,147.864,147.875,1403
2024-01-29T12:00:00.000Z,147.875,147.909,147.865,147.899,1235
2024-01-29T12:15:00.000Z,147.898,147.94,147.837,147.896,1784
2024-01-29T12:30:00.000Z,147.895,147.92,147.861,147.886,1465
2024-01-29T12:45:00.000Z,147.887,147.99,147.867,147.969,1929
2024-01-29T13:00:00.000Z,147.97,148.004,147.938,147.989,2013
2024-01-29T13:15:00.000Z,147.989,148.095,147.969,147.975,2465
2024-01-29T13:30:00.000Z,147.976,147.994,147.896,147.919,2866
2024-01-29T13:45:00.000Z,147.92,147.987,147.885,147.975,2685
2024-01-29T14:00:00.000Z,147.974,148.009,147.898,147.98,2115
2024-01-29T14:15:00.000Z,147.978,148.045,147.957,148.033,1949
2024-01-29T14:30:00.000Z,148.034,148.052,147.916,147.951,2430
2024-01-29T14:45:00.000Z,147.95,148.011,147.898,147.93,2171
2024-01-29T15:00:00.000Z,147.931,147.998,147.853,147.854,2404
2024-01-29T15:15:00.000Z,147.855,147.926,147.819,147.873,2164
2024-01-29T15:30:00.000Z,147.874,147.881,147.75,147.762,2601
2024-01-29T15:45:00.000Z,147.765,147.79,147.62,147.666,3281
2024-01-29T16:00:00.000Z,147.667,147.715,147.61,147.637,2881
2024-01-29T16:15:00.000Z,147.638,147.739,147.635,147.669,1850
2024-01-29T16:30:00.000Z,147.668,147.728,147.641,147.643,1514
2024-01-29T16:45:00.000Z,147.642,147.673,147.593,147.651,1890
2024-01-29T17:00:00.000Z,147.651,147.697,147.621,147.686,1322
2024-01-29T17:15:00.000Z,147.687,147.7,147.623,147.635,1375
2024-01-29T17:30:00.000Z,147.636,147.636,147.588,147.626,1295
2024-01-29T17:45:00.000Z,147.627,147.662,147.604,147.66,1218
2024-01-29T18:00:00.000Z,147.661,147.699,147.653,147.658,1214
2024-01-29T18:15:00.000Z,147.66,147.674,147.629,147.631,1225
2024-01-29T18:30:00.000Z,147.631,147.647,147.588,147.616,1013
2024-01-29T18:45:00.000Z,147.615,147.716,147.589,147.672,1069
2024-01-29T19:00:00.000Z,147.673,147.694,147.588,147.617,1270
2024-01-29T19:15:00.000Z,147.617,147.671,147.605,147.649,1166
2024-01-29T19:30:00.000Z,147.648,147.658,147.615,147.635,1029
2024-01-29T19:45:00.000Z,147.636,147.675,147.631,147.65,1147
2024-01-29T20:00:00.000Z,147.647,147.647,147.398,147.412,2559
2024-01-29T20:15:00.000Z,147.41,147.417,147.254,147.295,3046
2024-01-29T20:30:00.000Z,147.294,147.468,147.262,147.427,2536
2024-01-29T20:45:00.000Z,147.429,147.492,147.398,147.455,2191
2024-01-29T21:00:00.000Z,147.454,147.532,147.452,147.522,1152
2024-01-29T21:15:00.000Z,147.522,147.538,147.472,147.484,1014
2024-01-29T21:30:00.000Z,147.484,147.523,147.48,147.493,685
2024-01-29T21:45:00.000Z,147.492,147.51,147.48,147.493,668
2024-01-29T22:00:00.000Z,147.485,147.485,147.409,147.442,62
2024-01-29T22:15:00.000Z,147.457,147.457,147.434,147.437,20
2024-01-29T22:30:00.000Z,147.443,147.482,147.443,147.472,224
2024-01-29T22:45:00.000Z,147.472,147.531,147.469,147.497,360
2024-01-29T23:00:00.000Z,147.495,147.504,147.431,147.449,671
2024-01-29T23:15:00.000Z,147.449,147.451,147.393,147.403,804
2024-01-29T23:30:00.000Z,147.403,147.436,147.375,147.428,789
2024-01-29T23:45:00.000Z,147.429,147.5,147.406,147.488,701
2024-01-30T00:00:00.000Z,147.49,147.49,147.331,147.332,1855
2024-01-30T00:15:00.000Z,147.337,147.342,147.227,147.239,1897
2024-01-30T00:30:00.000Z,147.238,147.324,147.208,147.214,1704
2024-01-30T00:45:00.000Z,147.215,147.334,147.192,147.298,2466
2024-01-30T01:00:00.000Z,147.304,147.432,147.304,147.365,2178
2024-01-30T01:15:00.000Z,147.365,147.419,147.34,147.342,1614
2024-01-30T01:30:00.000Z,147.342,147.357,147.287,147.326,1661
2024-01-30T01:45:00.000Z,147.325,147.344,147.249,147.314,1551
2024-01-30T02:00:00.000Z,147.318,147.356,147.301,147.302,1398
2024-01-30T02:15:00.000Z,147.303,147.406,147.301,147.389,1408
2024-01-30T02:30:00.000Z,147.388,147.445,147.375,147.44,1431
2024-01-30T02:45:00.000Z,147.44,147.443,147.373,147.441,1238
2024-01-30T03:00:00.000Z,147.442,147.485,147.408,147.428,1217
2024-01-30T03:15:00.000Z,147.428,147.439,147.392,147.417,1025
2024-01-30T03:30:00.000Z,147.417,147.438,147.372,147.38,1187
2024-01-30T03:45:00.000Z,147.383,147.399,147.371,147.395,773
2024-01-30T04:00:00.000Z,147.394,147.396,147.327,147.344,995
2024-01-30T04:15:00.000Z,147.343,147.369,147.307,147.318,898
2024-01-30T04:30:00.000Z,147.317,147.403,147.31,147.375,1330
2024-01-30T04:45:00.000Z,147.375,147.401,147.361,147.363,1644
2024-01-30T05:00:00.000Z,147.364,147.389,147.345,147.36,1106
2024-01-30T05:15:00.000Z,147.366,147.366,147.302,147.321,1347
2024-01-30T05:30:00.000Z,147.322,147.371,147.304,147.336,1363
2024-01-30T05:45:00.000Z,147.336,147.404,147.335,147.386,1300
2024-01-30T06:00:00.000Z,147.387,147.408,147.329,147.333,1377
2024-01-30T06:15:00.000Z,147.333,147.354,147.309,147.339,1403
2024-01-30T06:30:00.000Z,147.338,147.345,147.276,147.338,1461
2024-01-30T06:45:00.000Z,147.339,147.401,147.321,147.399,1694
2024-01-30T07:00:00.000Z,147.4,147.408,147.248,147.272,2006
2024-01-30T07:15:00.000Z,147.272,147.35,147.228,147.274,2403
2024-01-30T07:30:00.000Z,147.276,147.29,147.182,147.249,2203
2024-01-30T07:45:00.000Z,147.25,147.27,147.16,147.226,2313
2024-01-30T08:00:00.000Z,147.225,147.499,147.225,147.421,4201
2024-01-30T08:15:00.000Z,147.42,147.547,147.404,147.524,3480
2024-01-30T08:30:00.000Z,147.525,147.554,147.429,147.476,3075
2024-01-30T08:45:00.000Z,147.477,147.493,147.415,147.43,2303
2024-01-30T09:00:00.000Z,147.429,147.505,147.36,147.37,2891
2024-01-30T09:15:00.000Z,147.371,147.402,147.314,147.332,2285
2024-01-30T09:30:00.000Z,147.333,147.392,147.301,147.378,2070
2024-01-30T09:45:00.000Z,147.381,147.427,147.374,147.391,1973
2024-01-30T10:00:00.000Z,147.39,147.396,147.277,147.284,2313
2024-01-30T10:15:00.000Z,147.283,147.325,147.244,147.265,2105
2024-01-30T10:30:00.000Z,147.266,147.283,147.208,147.245,2280
2024-01-30T10:45:00.000Z,147.243,147.284,147.211,147.263,2136
2024-01-30T11:00:00.000Z,147.265,147.348,147.245,147.345,1936
2024-01-30T11:15:00.000Z,147.344,147.368,147.297,147.311,2182
2024-01-30T11:30:00.000Z,147.31,147.355,147.299,147.315,2080
2024-01-30T11:45:00.000Z,147.319,147.393,147.304,147.384,1808
2024-01-30T12:00:00.000Z,147.383,147.428,147.361,147.414,1472
2024-01-30T12:15:00.000Z,147.413,147.414,147.344,147.35,1601
2024-01-30T12:30:00.000Z,147.35,147.448,147.341,147.446,2047
2024-01-30T12:45:00.000Z,147.446,147.477,147.404,147.443,2182
2024-01-30T13:00:00.000Z,147.442,147.567,147.428,147.543,3001
2024-01-30T13:15:00.000Z,147.542,147.58,147.471,147.488,3163
2024-01-30T13:30:00.000Z,147.486,147.559,147.445,147.497,2747
2024-01-30T13:45:00.000Z,147.497,147.557,147.49,147.52,3027
2024-01-30T14:00:00.000Z,147.519,147.521,147.379,147.41,3201
2024-01-30T14:15:00.000Z,147.409,147.412,147.218,147.231,3306
2024-01-30T14:30:00.000Z,147.23,147.286,147.182,147.212,3417
2024-01-30T14:45:00.000Z,147.213,147.224,147.097,147.181,2905
2024-01-30T15:00:00.000Z,147.186,147.693,147.139,147.682,5366
2024-01-30T15:15:00.000Z,147.682,147.842,147.655,147.741,4401
2024-01-30T15:30:00.000Z,147.742,147.859,147.727,147.836,3658
2024-01-30T15:45:00.000Z,147.838,147.891,147.781,147.847,3320
2024-01-30T16:00:00.000Z,147.85,147.929,147.788,147.89,3328
2024-01-30T16:15:00.000Z,147.89,147.923,147.811,147.811,2785
2024-01-30T16:30:00.000Z,147.81,147.833,147.742,147.743,2457
2024-01-30T16:45:00.000Z,147.742,147.772,147.698,147.718,2265
2024-01-30T17:00:00.000Z,147.717,147.738,147.663,147.689,1841
2024-01-30T17:15:00.000Z,147.694,147.752,147.681,147.712,1922
2024-01-30T17:30:00.000Z,147.715,147.754,147.701,147.749,1439
2024-01-30T17:45:00.000Z,147.748,147.822,147.741,147.808,1693
2024-01-30T18:00:00.000Z,147.809,147.871,147.805,147.818,1299
2024-01-30T18:15:00.000Z,147.817,147.846,147.785,147.787,1132
2024-01-30T18:30:00.000Z,147.786,147.823,147.738,147.82,1358
2024-01-30T18:45:00.000Z,147.821,147.825,147.745,147.766,1168
2024-01-30T19:00:00.000Z,147.768,147.769,147.707,147.712,1253
2024-01-30T19:15:00.000Z,147.711,147.711,147.663,147.665,1367
2024-01-30T19:30:00.000Z,147.664,147.674,147.58,147.582,1229
2024-01-30T19:45:00.000Z,147.581,147.637,147.581,147.602,1889
2024-01-30T20:00:00.000Z,147.601,147.667,147.598,147.667,1489
2024-01-30T20:15:00.000Z,147.668,147.668,147.625,147.649,1282
2024-01-30T20:30:00.000Z,147.649,147.664,147.605,147.629,1482
2024-01-30T20:45:00.000Z,147.628,147.635,147.597,147.612,1410
2024-01-30T21:00:00.000Z,147.612,147.631,147.589,147.614,1201
2024-01-30T21:15:00.000Z,147.615,147.616,147.591,147.591,706
2024-01-30T21:30:00.000Z,147.591,147.591,147.571,147.583,488
2024-01-30T21:45:00.000Z,147.584,147.613,147.581,147.594,840
2024-01-30T22:00:00.000Z,147.596,147.596,147.531,147.539,29
2024-01-30T22:15:00.000Z,147.54,147.606,147.539,147.558,72
2024-01-30T22:30:00.000Z,147.563,147.595,147.559,147.586,90
2024-01-30T22:45:00.000Z,147.585,147.602,147.582,147.599,56
2024-01-30T23:00:00.000Z,147.603,147.604,147.497,147.528,717
2024-01-30T23:15:00.000Z,147.529,147.558,147.509,147.536,727
2024-01-30T23:30:00.000Z,147.54,147.555,147.506,147.519,719
2024-01-30T23:45:00.000Z,147.518,147.528,147.336,147.338,1193
2024-01-31T00:00:00.000Z,147.339,147.374,147.191,147.309,2364
2024-01-31T00:15:00.000Z,147.308,147.329,147.203,147.318,1763
2024-01-31T00:30:00.000Z,147.319,147.464,147.276,147.444,2002
2024-01-31T00:45:00.000Z,147.445,147.516,147.404,147.504,2629
2024-01-31T01:00:00.000Z,147.509,147.538,147.431,147.445,2308
2024-01-31T01:15:00.000Z,147.443,147.517,147.409,147.448,2211
2024-01-31T01:30:00.000Z,147.447,147.483,147.39,147.458,2181
2024-01-31T01:45:00.000Z,147.457,147.607,147.456,147.547,2133
2024-01-31T02:00:00.000Z,147.552,147.648,147.552,147.637,2099
2024-01-31T02:15:00.000Z,147.638,147.688,147.601,147.674,1780
2024-01-31T02:30:00.000Z,147.675,147.679,147.598,147.637,1629
2024-01-31T02:45:00.000Z,147.638,147.72,147.632,147.682,1498
2024-01-31T03:00:00.000Z,147.683,147.692,147.626,147.639,1415
2024-01-31T03:15:00.000Z,147.641,147.71,147.618,147.71,1126
2024-01-31T03:30:00.000Z,147.709,147.749,147.701,147.745,1042
2024-01-31T03:45:00.000Z,147.746,147.746,147.698,147.732,1271
2024-01-31T04:00:00.000Z,147.734,147.817,147.734,147.746,1246
2024-01-31T04:15:00.000Z,147.747,147.757,147.657,147.682,1157
2024-01-31T04:30:00.000Z,147.683,147.69,147.633,147.638,938
2024-01-31T04:45:00.000Z,147.639,147.653,147.577,147.611,1164
2024-01-31T05:00:00.000Z,147.612,147.666,147.583,147.601,1517
2024-01-31T05:15:00.000Z,147.602,147.67,147.602,147.657,1195
2024-01-31T05:30:00.000Z,147.658,147.748,147.645,147.726,1573
2024-01-31T05:45:00.000Z,147.725,147.748,147.714,147.719,1534
2024-01-31T06:00:00.000Z,147.716,147.815,147.714,147.801,1673
2024-01-31T06:15:00.000Z,147.802,147.867,147.795,147.81,1460
2024-01-31T06:30:00.000Z,147.809,147.842,147.775,147.811,1124
2024-01-31T06:45:00.000Z,147.812,147.884,147.81,147.883,1363
2024-01-31T07:00:00.000Z,147.882,147.898,147.774,147.775,1697
2024-01-31T07:15:00.000Z,147.774,147.79,147.716,147.717,1399
2024-01-31T07:30:00.000Z,147.715,147.77,147.675,147.729,2301
2024-01-31T07:45:00.000Z,147.728,147.728,147.606,147.657,3074
2024-01-31T08:00:00.000Z,147.657,147.659,147.569,147.58,3205
2024-01-31T08:15:00.000Z,147.579,147.646,147.51,147.565,2987
2024-01-31T08:30:00.000Z,147.568,147.57,147.461,147.474,2764
2024-01-31T08:45:00.000Z,147.473,147.475,147.415,147.456,2646
2024-01-31T09:00:00.000Z,147.458,147.559,147.449,147.537,3262
2024-01-31T09:15:00.000Z,147.537,147.537,147.404,147.448,2584
2024-01-31T09:30:00.000Z,147.446,147.475,147.412,147.439,1921
2024-01-31T09:45:00.000Z,147.44,147.808,147.424,147.768,3287
2024-01-31T10:00:00.000Z,147.769,147.803,147.707,147.77,2257
2024-01-31T10:15:00.000Z,147.77,147.791,147.723,147.766,2299
2024-01-31T10:30:00.000Z,147.766,147.841,147.757,147.825,2190
2024-01-31T10:45:00.000Z,147.826,147.85,147.805,147.828,1877
2024-01-31T11:00:00.000Z,147.825,147.855,147.763,147.783,2098
2024-01-31T11:15:00.000Z,147.784,147.801,147.739,147.776,1990
2024-01-31T11:30:00.000Z,147.778,147.804,147.755,147.79,1779
2024-01-31T11:45:00.000Z,147.789,147.885,147.767,147.845,1764
2024-01-31T12:00:00.000Z,147.843,147.844,147.759,147.775,1559
2024-01-31T12:15:00.000Z,147.774,147.832,147.731,147.829,2107
2024-01-31T12:30:00.000Z,147.829,147.883,147.797,147.838,2133
2024-01-31T12:45:00.000Z,147.838,147.841,147.766,147.798,1852
2024-01-31T13:00:00.000Z,147.797,147.871,147.747,147.803,3254
2024-01-31T13:15:00.000Z,147.804,147.804,147.617,147.669,3665
2024-01-31T13:30:00.000Z,147.669,147.748,147.488,147.577,4609
2024-01-31T13:45:00.000Z,147.583,147.608,147.457,147.502,4223
2024-01-31T14:00:00.000Z,147.504,147.565,147.354,147.366,3855
2024-01-31T14:15:00.000Z,147.367,147.415,147.311,147.327,3383
2024-01-31T14:30:00.000Z,147.326,147.348,146.848,146.916,4260
2024-01-31T14:45:00.000Z,146.915,146.915,146.469,146.638,5025
2024-01-31T15:00:00.000Z,146.639,146.774,146.486,146.652,4896
2024-01-31T15:15:00.000Z,146.651,146.717,146.472,146.646,4649
2024-01-31T15:30:00.000Z,146.643,146.745,146.449,146.5,4505
2024-01-31T15:45:00.000Z,146.496,146.496,146.143,146.183,5342
2024-01-31T16:00:00.000Z,146.184,146.412,146.07,146.366,4818
2024-01-31T16:15:00.000Z,146.365,146.394,146.23,146.299,3916
2024-01-31T16:30:00.000Z,146.299,146.373,146.229,146.265,3648
2024-01-31T16:45:00.000Z,146.266,146.317,146.132,146.266,3316
2024-01-31T17:00:00.000Z,146.267,146.426,146.267,146.368,2145
2024-01-31T17:15:00.000Z,146.368,146.404,146.29,146.369,2264
2024-01-31T17:30:00.000Z,146.37,146.37,146.257,146.26,2480
2024-01-31T17:45:00.000Z,146.259,146.369,146.249,146.358,2303
2024-01-31T18:00:00.000Z,146.359,146.444,146.351,146.431,2350
2024-01-31T18:15:00.000Z,146.432,146.464,146.382,146.422,2045
2024-01-31T18:30:00.000Z,146.423,146.459,146.373,146.421,2009
2024-01-31T18:45:00.000Z,146.422,146.51,146.394,146.394,2119
2024-01-31T19:00:00.000Z,146.399,146.877,146.076,146.612,5581
2024-01-31T19:15:00.000Z,146.611,146.737,146.518,146.677,4406
2024-01-31T19:30:00.000Z,146.676,146.803,146.142,146.257,5660
2024-01-31T19:45:00.000Z,146.258,146.387,146.01,146.377,5153
2024-01-31T20:00:00.000Z,146.38,147.228,146.309,146.937,5544
2024-01-31T20:15:00.000Z,146.942,147.277,146.851,147.249,5074
2024-01-31T20:30:00.000Z,147.248,147.447,147.237,147.319,4701
2024-01-31T20:45:00.000Z,147.315,147.362,147.151,147.152,3958
2024-01-31T21:00:00.000Z,147.157,147.221,146.945,147.02,3742
2024-01-31T21:15:00.000Z,147.022,147.03,146.849,146.954,2374
2024-01-31T21:30:00.000Z,146.954,146.982,146.903,146.968,1871
2024-01-31T21:45:00.000Z,146.969,147.011,146.928,146.964,1969
2024-01-31T22:00:00.000Z,146.887,146.917,146.843,146.864,96
2024-01-31T22:15:00.000Z,146.87,146.931,146.847,146.895,126
2024-01-31T22:30:00.000Z,146.895,146.899,146.852,146.879,529
2024-01-31T22:45:00.000Z,146.878,146.897,146.858,146.859,822
2024-01-31T23:00:00.000Z,146.864,146.876,146.761,146.775,1137
2024-01-31T23:15:00.000Z,146.773,146.918,146.773,146.882,1513
2024-01-31T23:30:00.000Z,146.882,146.892,146.783,146.83,1110
2024-01-31T23:45:00.000Z,146.831,147.048,146.785,147.01,1475
2024-02-01T00:00:00.000Z,147.007,147.083,146.982,147.028,2575
2024-02-01T00:15:00.000Z,147.027,147.049,146.903,146.913,2320
2024-02-01T00:30:00.000Z,146.915,146.919,146.613,146.651,2662
2024-02-01T00:45:00.000Z,146.65,146.77,146.631,146.757,2846
2024-02-01T01:00:00.000Z,146.747,146.912,146.646,146.841,2757
2024-02-01T01:15:00.000Z,146.84,146.937,146.798,146.864,2249
2024-02-01T01:30:00.000Z,146.861,146.919,146.781,146.789,2308
2024-02-01T01:45:00.000Z,146.788,146.808,146.732,146.776,2126
2024-02-01T02:00:00.000Z,146.778,146.784,146.477,146.52,2376
2024-02-01T02:15:00.000Z,146.518,146.657,146.508,146.641,2277
2024-02-01T02:30:00.000Z,146.64,146.668,146.559,146.561,2065
2024-02-01T02:45:00.000Z,146.56,146.587,146.533,146.58,1730
2024-02-01T03:00:00.000Z,146.58,146.646,146.548,146.586,1718
2024-02-01T03:15:00.000Z,146.586,146.656,146.575,146.631,1431
2024-02-01T03:30:00.000Z,146.632,146.722,146.631,146.719,1697
2024-02-01T03:45:00.000Z,146.72,146.734,146.69,146.708,1187
2024-02-01T04:00:00.000Z,146.707,146.747,146.62,146.746,1270
2024-02-01T04:15:00.000Z,146.747,146.79,146.739,146.768,1672
2024-02-01T04:30:00.000Z,146.768,146.793,146.694,146.728,1213
2024-02-01T04:45:00.000Z,146.733,146.822,146.716,146.792,1304
2024-02-01T05:00:00.000Z,146.794,146.867,146.786,146.853,1319
2024-02-01T05:15:00.000Z,146.854,146.857,146.767,146.792,1481
2024-02-01T05:30:00.000Z,146.793,146.882,146.753,146.864,1462
2024-02-01T05:45:00.000Z,146.869,146.886,146.776,146.864,1592
2024-02-01T06:00:00.000Z,146.865,146.914,146.842,146.89,1567
2024-02-01T06:15:00.000Z,146.892,146.947,146.866,146.911,1628
2024-02-01T06:30:00.000Z,146.908,146.915,146.84,146.887,1610
2024-02-01T06:45:00.000Z,146.895,146.927,146.815,146.889,1774
2024-02-01T07:00:00.000Z,146.889,146.889,146.716,146.875,2941
2024-02-01T07:15:00.000Z,146.876,147.031,146.828,146.976,2629
2024-02-01T07:30:00.000Z,146.974,146.987,146.874,146.952,2882
2024-02-01T07:45:00.000Z,146.953,147.052,146.806,146.807,3041
2024-02-01T08:00:00.000Z,146.808,146.861,146.632,146.661,3936
2024-02-01T08:15:00.000Z,146.662,146.744,146.605,146.655,3264
2024-02-01T08:30:00.000Z,146.655,146.767,146.593,146.616,3658
2024-02-01T08:45:00.000Z,146.616,146.741,146.59,146.612,3579
2024-02-01T09:00:00.000Z,146.612,146.769,146.592,146.756,3308
2024-02-01T09:15:00.000Z,146.764,146.796,146.683,146.778,2823
2024-02-01T09:30:00.000Z,146.777,146.902,146.755,146.896,2964
2024-02-01T09:45:00.000Z,146.897,146.914,146.786,146.795,2639
2024-02-01T10:00:00.000Z,146.788,146.881,146.788,146.826,2880
2024-02-01T10:15:00.000Z,146.825,146.836,146.726,146.811,2186
2024-02-01T10:30:00.000Z,146.814,146.895,146.794,146.831,2246
2024-02-01T10:45:00.000Z,146.83,146.87,146.762,146.842,2312
2024-02-01T11:00:00.000Z,146.843,146.877,146.776,146.787,1751
2024-02-01T11:15:00.000Z,146.789,146.827,146.741,146.78,2327
2024-02-01T11:30:00.000Z,146.784,146.814,146.737,146.762,2596
2024-02-01T11:45:00.000Z,146.762,146.868,146.75,146.842,2512
2024-02-01T12:00:00.000Z,146.844,147.018,146.841,147.012,3030
2024-02-01T12:15:00.000Z,147.012,147.117,147.012,147.054,3126
2024-02-01T12:30:00.000Z,147.054,147.106,147.018,147.022,2734
2024-02-01T12:45:00.000Z,147.023,147.099,146.964,146.964,3287
2024-02-01T13:00:00.000Z,146.965,147.054,146.876,146.888,3661
2024-02-01T13:15:00.000Z,146.888,146.958,146.859,146.892,3452
2024-02-01T13:30:00.000Z,146.843,146.847,146.459,146.557,4626
2024-02-01T13:45:00.000Z,146.555,146.681,146.467,146.663,3433
2024-02-01T14:00:00.000Z,146.664,146.669,146.422,146.431,3311
2024-02-01T14:15:00.000Z,146.429,146.491,146.34,146.437,3016
2024-02-01T14:30:00.000Z,146.436,146.538,146.371,146.469,3469
2024-02-01T14:45:00.000Z,146.482,146.552,146.327,146.375,3902
2024-02-01T15:00:00.000Z,146.807,146.816,146.501,146.672,4828
2024-02-01T15:15:00.000Z,146.671,146.761,146.503,146.552,4464
2024-02-01T15:30:00.000Z,146.553,146.681,146.454,146.466,3770
2024-02-01T15:45:00.000Z,146.467,146.482,146.248,146.316,4029
2024-02-01T16:00:00.000Z,146.314,146.316,146.033,146.037,4243
2024-02-01T16:15:00.000Z,146.039,146.204,145.981,146.202,3956
2024-02-01T16:30:00.000Z,146.198,146.217,146.026,146.036,3774
2024-02-01T16:45:00.000Z,146.029,146.202,145.897,146.187,3784
2024-02-01T17:00:00.000Z,146.188,146.313,146.145,146.287,3690
2024-02-01T17:15:00.000Z,146.288,146.386,146.235,146.35,3187
2024-02-01T17:30:00.000Z,146.347,146.355,146.208,146.337,3260
2024-02-01T17:45:00.000Z,146.338,146.413,146.28,146.356,2964
2024-02-01T18:00:00.000Z,146.359,146.432,146.318,146.345,2971
2024-02-01T18:15:00.000Z,146.346,146.483,146.336,146.465,2661
2024-02-01T18:30:00.000Z,146.465,146.483,146.273,146.324,2651
2024-02-01T18:45:00.000Z,146.325,146.422,146.297,146.369,2507
2024-02-01T19:00:00.000Z,146.37,146.373,146.208,146.21,2294
2024-02-01T19:15:00.000Z,146.209,146.301,146.192,146.241,2046
2024-02-01T19:30:00.000Z,146.233,146.338,146.207,146.232,2302
2024-02-01T19:45:00.000Z,146.231,146.299,146.216,146.271,2804
2024-02-01T20:00:00.000Z,146.271,146.328,146.258,146.311,1885
2024-02-01T20:15:00.000Z,146.31,146.342,146.279,146.321,1409
2024-02-01T20:30:00.000Z,146.32,146.345,146.299,146.327,1633
2024-02-01T20:45:00.000Z,146.329,146.349,146.309,146.327,2137
2024-02-01T21:00:00.000Z,146.326,146.444,146.326,146.43,1391
2024-02-01T21:15:00.000Z,146.429,146.439,146.351,146.424,1131
2024-02-01T21:30:00.000Z,146.424,146.449,146.403,146.413,1244
2024-02-01T21:45:00.000Z,146.413,146.434,146.403,146.422,836
2024-02-01T22:00:00.000Z,146.39,146.412,146.302,146.401,38
2024-02-01T22:15:00.000Z,146.401,146.482,146.4,146.469,141
2024-02-01T22:30:00.000Z,146.478,146.479,146.263,146.434,335
2024-02-01T22:45:00.000Z,146.436,146.462,146.407,146.458,813
2024-02-01T23:00:00.000Z,146.45,146.45,146.366,146.366,765
2024-02-01T23:15:00.000Z,146.367,146.439,146.367,146.433,812
2024-02-01T23:30:00.000Z,146.44,146.516,146.44,146.493,866
2024-02-01T23:45:00.000Z,146.494,146.508,146.446,146.463,528
2024-02-02T00:00:00.000Z,146.462,146.495,146.34,146.384,1876
2024-02-02T00:15:00.000Z,146.385,146.43,146.276,146.29,1411
2024-02-02T00:30:00.000Z,146.289,146.347,146.279,146.318,1490
2024-02-02T00:45:00.000Z,146.318,146.417,146.285,146.391,2405
2024-02-02T01:00:00.000Z,146.391,146.409,146.241,146.344,1773
2024-02-02T01:15:00.000Z,146.344,146.369,146.271,146.35,2305
2024-02-02T01:30:00.000Z,146.349,146.459,146.324,146.414,2413
2024-02-02T01:45:00.000Z,146.413,146.456,146.347,146.358,2083
2024-02-02T02:00:00.000Z,146.357,146.395,146.305,146.371,1965
2024-02-02T02:15:00.000Z,146.37,146.457,146.356,146.424,1422
2024-02-02T02:30:00.000Z,146.42,146.433,146.348,146.368,1371
2024-02-02T02:45:00.000Z,146.369,146.4,146.321,146.341,1405
2024-02-02T03:00:00.000Z,146.342,146.357,146.327,146.345,1119
2024-02-02T03:15:00.000Z,146.346,146.373,146.331,146.347,875
2024-02-02T03:30:00.000Z,146.35,146.413,146.344,146.398,1163
2024-02-02T03:45:00.000Z,146.399,146.411,146.366,146.378,1416
2024-02-02T04:00:00.000Z,146.379,146.382,146.32,146.357,1357
2024-02-02T04:15:00.000Z,146.357,146.396,146.339,146.388,928
2024-02-02T04:30:00.000Z,146.389,146.43,146.368,146.422,1006
2024-02-02T04:45:00.000Z,146.425,146.48,146.417,146.422,1333
2024-02-02T05:00:00.000Z,146.423,146.468,146.386,146.464,1419
2024-02-02T05:15:00.000Z,146.464,146.517,146.44,146.452,1375
2024-02-02T05:30:00.000Z,146.453,146.508,146.449,146.5,1537
2024-02-02T05:45:00.000Z,146.499,146.5,146.406,146.433,1500
2024-02-02T06:00:00.000Z,146.431,146.457,146.357,146.404,1629
2024-02-02T06:15:00.000Z,146.408,146.461,146.385,146.393,2077
2024-02-02T06:30:00.000Z,146.395,146.464,146.384,146.416,1799
2024-02-02T06:45:00.000Z,146.417,146.529,146.416,146.483,1722
2024-02-02T07:00:00.000Z,146.482,146.547,146.476,146.492,2510
2024-02-02T07:15:00.000Z,146.493,146.592,146.492,146.582,2417
2024-02-02T07:30:00.000Z,146.583,146.592,146.508,146.526,2483
2024-02-02T07:45:00.000Z,146.525,146.639,146.495,146.625,2850
2024-02-02T08:00:00.000Z,146.626,146.645,146.548,146.606,3110
2024-02-02T08:15:00.000Z,146.606,146.684,146.579,146.656,2833
2024-02-02T08:30:00.000Z,146.656,146.686,146.626,146.65,2594
2024-02-02T08:45:00.000Z,146.651,146.75,146.647,146.737,2256
2024-02-02T09:00:00.000Z,146.736,146.786,146.722,146.774,2341
2024-02-02T09:15:00.000Z,146.775,146.802,146.725,146.737,2104
2024-02-02T09:30:00.000Z,146.738,146.787,146.701,146.717,2132
2024-02-02T09:45:00.000Z,146.717,146.725,146.673,146.695,2037
2024-02-02T10:00:00.000Z,146.694,146.71,146.632,146.692,1984
2024-02-02T10:15:00.000Z,146.696,146.699,146.656,146.671,1708
2024-02-02T10:30:00.000Z,146.672,146.727,146.65,146.718,1987
2024-02-02T10:45:00.000Z,146.72,146.728,146.605,146.611,1854
2024-02-02T11:00:00.000Z,146.61,146.614,146.498,146.501,1943
2024-02-02T11:15:00.000Z,146.502,146.55,146.499,146.526,1946
2024-02-02T11:30:00.000Z,146.529,146.538,146.464,146.484,1766
2024-02-02T11:45:00.000Z,146.484,146.557,146.483,146.532,1616
2024-02-02T12:00:00.000Z,146.53,146.582,146.525,146.537,1806
2024-02-02T12:15:00.000Z,146.537,146.558,146.512,146.54,1961
2024-02-02T12:30:00.000Z,146.538,146.611,146.53,146.582,1739
2024-02-02T12:45:00.000Z,146.582,146.629,146.561,146.582,2004
2024-02-02T13:00:00.000Z,146.584,146.663,146.561,146.613,2399
2024-02-02T13:15:00.000Z,146.61,146.702,146.556,146.635,3186
2024-02-02T13:30:00.000Z,146.646,147.792,146.635,147.645,6386
2024-02-02T13:45:00.000Z,147.657,147.99,147.657,147.965,5536
2024-02-02T14:00:00.000Z,147.967,148.057,147.865,147.889,5379
2024-02-02T14:15:00.000Z,147.888,147.949,147.805,147.878,4818
2024-02-02T14:30:00.000Z,147.877,147.902,147.706,147.772,4822
2024-02-02T14:45:00.000Z,147.771,147.902,147.684,147.849,4175
2024-02-02T15:00:00.000Z,147.869,148.13,147.829,148.086,4415
2024-02-02T15:15:00.000Z,148.087,148.253,148.082,148.242,3983
2024-02-02T15:30:00.000Z,148.243,148.343,148.172,148.228,3777
2024-02-02T15:45:00.000Z,148.227,148.291,148.181,148.278,3510
2024-02-02T16:00:00.000Z,148.279,148.312,148.195,148.283,3619
2024-02-02T16:15:00.000Z,148.282,148.389,148.262,148.351,2818
2024-02-02T16:30:00.000Z,148.351,148.52,148.337,148.509,2461
2024-02-02T16:45:00.000Z,148.502,148.585,148.462,148.541,2361
2024-02-02T17:00:00.000Z,148.54,148.574,148.498,148.528,2181
2024-02-02T17:15:00.000Z,148.53,148.53,148.454,148.459,1982
2024-02-02T17:30:00.000Z,148.46,148.498,148.427,148.459,1421
2024-02-02T17:45:00.000Z,148.457,148.553,148.409,148.526,2171
2024-02-02T18:00:00.000Z,148.525,148.568,148.5,148.51,2019
2024-02-02T18:15:00.000Z,148.507,148.509,148.372,148.397,1730
2024-02-02T18:30:00.000Z,148.396,148.418,148.242,148.248,1863
2024-02-02T18:45:00.000Z,148.247,148.334,148.247,148.311,1786
2024-02-02T19:00:00.000Z,148.312,148.352,148.292,148.308,1697
2024-02-02T19:15:00.000Z,148.307,148.332,148.287,148.309,1657
2024-02-02T19:30:00.000Z,148.307,148.346,148.28,148.291,1529
2024-02-02T19:45:00.000Z,148.292,148.357,148.233,148.329,1952
2024-02-02T20:00:00.000Z,148.33,148.331,148.246,148.267,1411
2024-02-02T20:15:00.000Z,148.266,148.353,148.252,148.325,1282
2024-02-02T20:30:00.000Z,148.324,148.349,148.304,148.327,1676
2024-02-02T20:45:00.000Z,148.328,148.329,148.28,148.308,1635
2024-02-02T21:00:00.000Z,148.309,148.315,148.273,148.297,1005
2024-02-02T21:15:00.000Z,148.298,148.327,148.29,148.308,674
2024-02-02T21:30:00.000Z,148.306,148.377,148.293,148.37,763
2024-02-02T21:45:00.000Z,148.373,148.407,148.353,148.387,697
2024-02-04T22:00:00.000Z,148.385,148.386,148.307,148.386,49
2024-02-04T22:15:00.000Z,148.379,148.48,148.343,148.367,213
2024-02-04T22:30:00.000Z,148.386,148.421,148.365,148.399,60
2024-02-04T22:45:00.000Z,148.4,148.462,148.4,148.448,81
2024-02-04T23:00:00.000Z,148.465,148.615,148.442,148.58,1706
2024-02-04T23:15:00.000Z,148.58,148.671,148.565,148.566,1551
2024-02-04T23:30:00.000Z,148.567,148.583,148.473,148.523,1545
2024-02-04T23:45:00.000Z,148.522,148.531,148.475,148.514,1108
2024-02-05T00:00:00.000Z,148.511,148.611,148.391,148.529,2838
2024-02-05T00:15:00.000Z,148.53,148.76,148.527,148.702,2721
2024-02-05T00:30:00.000Z,148.701,148.825,148.69,148.741,2846
2024-02-05T00:45:00.000Z,148.743,148.767,148.624,148.695,2776
2024-02-05T01:00:00.000Z,148.695,148.696,148.541,148.65,2285
2024-02-05T01:15:00.000Z,148.649,148.687,148.541,148.571,1979
2024-02-05T01:30:00.000Z,148.57,148.57,148.45,148.499,1996
2024-02-05T01:45:00.000Z,148.505,148.534,148.368,148.376,1918
2024-02-05T02:00:00.000Z,148.377,148.466,148.353,148.43,1640
2024-02-05T02:15:00.000Z,148.431,148.504,148.418,148.483,1841
2024-02-05T02:30:00.000Z,148.484,148.502,148.425,148.44,1463
2024-02-05T02:45:00.000Z,148.439,148.545,148.433,148.52,1431
2024-02-05T03:00:00.000Z,148.522,148.554,148.426,148.473,1661
2024-02-05T03:15:00.000Z,148.472,148.484,148.407,148.416,1485
2024-02-05T03:30:00.000Z,148.415,148.432,148.379,148.397,1307
2024-02-05T03:45:00.000Z,148.396,148.412,148.359,148.402,1261
2024-02-05T04:00:00.000Z,148.401,148.43,148.358,148.397,1028
2024-02-05T04:15:00.000Z,148.396,148.408,148.355,148.36,1000
2024-02-05T04:30:00.000Z,148.358,148.401,148.316,148.392,972
2024-02-05T04:45:00.000Z,148.391,148.443,148.358,148.433,1008
2024-02-05T05:00:00.000Z,148.434,148.504,148.425,148.466,1326
2024-02-05T05:15:00.000Z,148.462,148.463,148.354,148.386,1543
2024-02-05T05:30:00.000Z,148.387,148.457,148.357,148.423,1668
2024-02-05T05:45:00.000Z,148.424,148.428,148.331,148.338,1826
2024-02-05T06:00:00.000Z,148.337,148.394,148.309,148.365,1839
2024-02-05T06:15:00.000Z,148.365,148.383,148.274,148.289,1438
2024-02-05T06:30:00.000Z,148.29,148.407,148.287,148.294,1475
2024-02-05T06:45:00.000Z,148.292,148.339,148.267,148.324,1555
2024-02-05T07:00:00.000Z,148.319,148.389,148.272,148.331,2407
2024-02-05T07:15:00.000Z,148.328,148.406,148.3,148.376,2368
2024-02-05T07:30:00.000Z,148.375,148.42,148.315,148.396,2512
2024-02-05T07:45:00.000Z,148.396,148.489,148.393,148.48,2607
2024-02-05T08:00:00.000Z,148.481,148.542,148.407,148.456,2796
2024-02-05T08:15:00.000Z,148.457,148.606,148.432,148.58,2527
2024-02-05T08:30:00.000Z,148.58,148.604,148.512,148.545,2618
2024-02-05T08:45:00.000Z,148.546,148.546,148.466,148.496,2635
2024-02-05T09:00:00.000Z,148.496,148.505,148.367,148.402,2678
2024-02-05T09:15:00.000Z,148.401,148.476,148.368,148.445,1999
2024-02-05T09:30:00.000Z,148.444,148.556,148.434,148.532,2318
2024-02-05T09:45:00.000Z,148.531,148.537,148.462,148.503,2619
2024-02-05T10:00:00.000Z,148.505,148.53,148.43,148.495,2169
2024-02-05T10:15:00.000Z,148.494,148.559,148.472,148.505,1934
2024-02-05T10:30:00.000Z,148.505,148.508,148.421,148.451,2332
2024-02-05T10:45:00.000Z,148.452,148.474,148.424,148.431,1957
2024-02-05T11:00:00.000Z,148.432,148.449,148.393,148.397,1394
2024-02-05T11:15:00.000Z,148.398,148.405,148.345,148.347,1489
2024-02-05T11:30:00.000Z,148.346,148.405,148.308,148.396,2051
2024-02-05T11:45:00.000Z,148.395,148.457,148.365,148.435,1913
2024-02-05T12:00:00.000Z,148.436,148.501,148.43,148.455,1677
2024-02-05T12:15:00.000Z,148.456,148.488,148.431,148.444,1607
2024-02-05T12:30:00.000Z,148.445,148.543,148.437,148.541,1844
2024-02-05T12:45:00.000Z,148.539,148.63,148.512,148.63,2276
2024-02-05T13:00:00.000Z,148.63,148.679,148.581,148.589,3033
2024-02-05T13:15:00.000Z,148.589,148.624,148.547,148.587,3027
2024-02-05T13:30:00.000Z,148.588,148.598,148.48,148.502,2860
2024-02-05T13:45:00.000Z,148.503,148.604,148.473,148.569,2907
2024-02-05T14:00:00.000Z,148.57,148.57,148.46,148.48,2587
2024-02-05T14:15:00.000Z,148.481,148.55,148.463,148.548,2062
2024-02-05T14:30:00.000Z,148.551,148.562,148.447,148.539,3067
2024-02-05T14:45:00.000Z,148.54,148.541,148.391,148.401,3079
2024-02-05T15:00:00.000Z,148.483,148.746,148.483,148.606,4823
2024-02-05T15:15:00.000Z,148.607,148.682,148.595,148.634,3410
2024-02-05T15:30:00.000Z,148.635,148.776,148.605,148.757,3208
2024-02-05T15:45:00.000Z,148.758,148.876,148.725,148.875,3236
2024-02-05T16:00:00.000Z,148.876,148.894,148.773,148.822,2443
2024-02-05T16:15:00.000Z,148.821,148.884,148.795,148.815,2362
2024-02-05T16:30:00.000Z,148.816,148.852,148.718,148.842,2151
2024-02-05T16:45:00.000Z,148.843,148.855,148.789,148.796,1623
2024-02-05T17:00:00.000Z,148.795,148.807,148.738,148.754,1828
2024-02-05T17:15:00.000Z,148.754,148.79,148.695,148.702,1604
2024-02-05T17:30:00.000Z,148.706,148.707,148.6,148.62,1823
2024-02-05T17:45:00.000Z,148.62,148.642,148.575,148.619,1664
2024-02-05T18:00:00.000Z,148.618,148.625,148.538,148.544,1902
2024-02-05T18:15:00.000Z,148.545,148.581,148.52,148.578,1614
2024-02-05T18:30:00.000Z,148.577,148.577,148.525,148.57,1458
2024-02-05T18:45:00.000Z,148.57,148.57,148.505,148.535,1740
2024-02-05T19:00:00.000Z,148.536,148.602,148.51,148.594,1504
2024-02-05T19:15:00.000Z,148.593,148.626,148.586,148.612,1309
2024-02-05T19:30:00.000Z,148.613,148.69,148.609,148.688,965
2024-02-05T19:45:00.000Z,148.688,148.71,148.674,148.7,1530
2024-02-05T20:00:00.000Z,148.702,148.747,148.669,148.736,1320
2024-02-05T20:15:00.000Z,148.737,148.767,148.722,148.731,1363
2024-02-05T20:30:00.000Z,148.732,148.736,148.664,148.674,1291
2024-02-05T20:45:00.000Z,148.673,148.684,148.632,148.644,2036
2024-02-05T21:00:00.000Z,148.644,148.712,148.641,148.706,869
2024-02-05T21:15:00.000Z,148.708,148.718,148.695,148.702,528
2024-02-05T21:30:00.000Z,148.701,148.711,148.673,148.674,487
2024-02-05T21:45:00.000Z,148.674,148.697,148.672,148.678,472
2024-02-05T22:00:00.000Z,148.667,148.667,148.579,148.636,29
2024-02-05T22:15:00.000Z,148.636,148.741,148.629,148.635,123
2024-02-05T22:30:00.000Z,148.635,148.679,148.635,148.663,193
2024-02-05T22:45:00.000Z,148.664,148.664,148.642,148.656,221
2024-02-05T23:00:00.000Z,148.659,148.676,148.632,148.656,523
2024-02-05T23:15:00.000Z,148.654,148.676,148.602,148.607,796
2024-02-05T23:30:00.000Z,148.608,148.674,148.606,148.625,885
2024-02-05T23:45:00.000Z,148.622,148.682,148.61,148.667,756
2024-02-06T00:00:00.000Z,148.666,148.666,148.543,148.61,1565
2024-02-06T00:15:00.000Z,148.609,148.632,148.593,148.622,1286
2024-02-06T00:30:00.000Z,148.621,148.637,148.586,148.631,1230
2024-02-06T00:45:00.000Z,148.632,148.655,148.562,148.591,1547
2024-02-06T01:00:00.000Z,148.593,148.603,148.513,148.536,1390
2024-02-06T01:15:00.000Z,148.537,148.551,148.502,148.512,1488
2024-02-06T01:30:00.000Z,148.511,148.581,148.495,148.565,1715
2024-02-06T01:45:00.000Z,148.564,148.566,148.467,148.523,1798
2024-02-06T02:00:00.000Z,148.522,148.565,148.506,148.522,1606
2024-02-06T02:15:00.000Z,148.523,148.59,148.506,148.561,1438
2024-02-06T02:30:00.000Z,148.56,148.565,148.528,148.542,982
2024-02-06T02:45:00.000Z,148.541,148.585,148.541,148.579,855
2024-02-06T03:00:00.000Z,148.579,148.605,148.539,148.605,1184
2024-02-06T03:15:00.000Z,148.604,148.656,148.604,148.643,1224
2024-02-06T03:30:00.000Z,148.643,148.66,148.596,148.659,1701
2024-02-06T03:45:00.000Z,148.66,148.671,148.6,148.632,1511
2024-02-06T04:00:00.000Z,148.631,148.632,148.575,148.597,936
2024-02-06T04:15:00.000Z,148.599,148.617,148.5,148.501,1350
2024-02-06T04:30:00.000Z,148.505,148.554,148.454,148.547,1260
2024-02-06T04:45:00.000Z,148.548,148.556,148.432,148.47,1341
2024-02-06T05:00:00.000Z,148.47,148.477,148.38,148.447,1904
2024-02-06T05:15:00.000Z,148.445,148.484,148.416,148.472,1686
2024-02-06T05:30:00.000Z,148.472,148.509,148.461,148.461,1508
2024-02-06T05:45:00.000Z,148.462,148.478,148.426,148.44,1552
2024-02-06T06:00:00.000Z,148.439,148.448,148.377,148.397,1919
2024-02-06T06:15:00.000Z,148.396,148.445,148.36,148.389,1656
2024-02-06T06:30:00.000Z,148.388,148.427,148.385,148.424,1459
2024-02-06T06:45:00.000Z,148.42,148.474,148.409,148.444,1415
2024-02-06T07:00:00.000Z,148.438,148.473,148.393,148.425,2875
2024-02-06T07:15:00.000Z,148.427,148.502,148.392,148.498,2967
2024-02-06T07:30:00.000Z,148.499,148.558,148.479,148.509,1995
2024-02-06T07:45:00.000Z,148.508,148.516,148.449,148.513,2281
2024-02-06T08:00:00.000Z,148.514,148.608,148.493,148.577,2950
2024-02-06T08:15:00.000Z,148.576,148.625,148.567,148.594,2387
2024-02-06T08:30:00.000Z,148.595,148.599,148.549,148.59,2542
2024-02-06T08:45:00.000Z,148.591,148.668,148.591,148.653,2775
2024-02-06T09:00:00.000Z,148.652,148.693,148.54,148.556,2530
2024-02-06T09:15:00.000Z,148.558,148.641,148.554,148.619,2171
2024-02-06T09:30:00.000Z,148.618,148.641,148.551,148.629,2385
2024-02-06T09:45:00.000Z,148.628,148.706,148.613,148.682,1988
2024-02-06T10:00:00.000Z,148.681,148.708,148.634,148.697,2128
2024-02-06T10:15:00.000Z,148.699,148.734,148.665,148.711,2482
2024-02-06T10:30:00.000Z,148.713,148.746,148.702,148.723,2135
2024-02-06T10:45:00.000Z,148.723,148.77,148.706,148.768,2229
2024-02-06T11:00:00.000Z,148.768,148.787,148.735,148.739,2048
2024-02-06T11:15:00.000Z,148.739,148.755,148.703,148.718,1793
2024-02-06T11:30:00.000Z,148.718,148.726,148.68,148.694,2050
2024-02-06T11:45:00.000Z,148.694,148.695,148.649,148.682,1898
2024-02-06T12:00:00.000Z,148.684,148.728,148.683,148.711,1706
2024-02-06T12:15:00.000Z,148.712,148.778,148.703,148.773,2005
2024-02-06T12:30:00.000Z,148.772,148.786,148.679,148.685,2067
2024-02-06T12:45:00.000Z,148.683,148.689,148.588,148.594,2567
2024-02-06T13:00:00.000Z,148.595,148.629,148.491,148.5,3478
2024-02-06T13:15:00.000Z,148.5,148.576,148.46,148.56,3050
2024-02-06T13:30:00.000Z,148.559,148.635,148.503,148.63,3241
2024-02-06T13:45:00.000Z,148.631,148.65,148.572,148.62,2952
2024-02-06T14:00:00.000Z,148.621,148.626,148.525,148.557,2616
2024-02-06T14:15:00.000Z,148.558,148.609,148.507,148.559,2688
2024-02-06T14:30:00.000Z,148.557,148.609,148.453,148.473,3396
2024-02-06T14:45:00.000Z,148.472,148.49,148.398,148.415,3046
2024-02-06T15:00:00.000Z,148.415,148.508,148.191,148.196,3659
2024-02-06T15:15:00.000Z,148.195,148.281,148.011,148.122,4483
2024-02-06T15:30:00.000Z,148.12,148.22,148.074,148.13,3829
2024-02-06T15:45:00.000Z,148.129,148.16,148.001,148.096,3650
2024-02-06T16:00:00.000Z,148.097,148.192,148.051,148.127,3134
2024-02-06T16:15:00.000Z,148.128,148.164,148.041,148.07,3020
2024-02-06T16:30:00.000Z,148.07,148.11,148.026,148.037,2653
2024-02-06T16:45:00.000Z,148.035,148.054,147.973,148.028,1857
2024-02-06T17:00:00.000Z,148.029,148.082,147.967,148.062,2822
2024-02-06T17:15:00.000Z,148.062,148.088,147.956,148.022,2395
2024-02-06T17:30:00.000Z,148.022,148.037,147.915,147.919,2188
2024-02-06T17:45:00.000Z,147.918,147.923,147.849,147.922,2267
2024-02-06T18:00:00.000Z,147.922,147.988,147.82,147.922,3519
2024-02-06T18:15:00.000Z,147.922,148.039,147.892,147.989,2639
2024-02-06T18:30:00.000Z,147.988,147.989,147.872,147.874,2448
2024-02-06T18:45:00.000Z,147.875,147.939,147.849,147.865,2633
2024-02-06T19:00:00.000Z,147.864,147.983,147.846,147.976,2279
2024-02-06T19:15:00.000Z,147.975,147.992,147.926,147.969,2202
2024-02-06T19:30:00.000Z,147.969,147.999,147.936,147.979,1971
2024-02-06T19:45:00.000Z,147.978,147.997,147.948,147.964,1713
2024-02-06T20:00:00.000Z,147.96,147.964,147.857,147.872,1714
2024-02-06T20:15:00.000Z,147.873,147.933,147.869,147.918,1437
2024-02-06T20:30:00.000Z,147.918,147.926,147.864,147.892,1146
2024-02-06T20:45:00.000Z,147.89,147.898,147.828,147.849,1873
2024-02-06T21:00:00.000Z,147.849,147.914,147.847,147.882,919
2024-02-06T21:15:00.000Z,147.881,147.892,147.878,147.886,532
2024-02-06T21:30:00.000Z,147.887,147.935,147.883,147.929,521
2024-02-06T21:45:00.000Z,147.928,147.952,147.914,147.943,755
2024-02-06T22:00:00.000Z,147.935,147.935,147.886,147.904,84
2024-02-06T22:15:00.000Z,147.896,147.914,147.875,147.892,59
2024-02-06T22:30:00.000Z,147.892,147.9,147.871,147.899,121
2024-02-06T22:45:00.000Z,147.899,147.902,147.861,147.865,308
2024-02-06T23:00:00.000Z,147.867,147.877,147.741,147.838,1487
2024-02-06T23:15:00.000Z,147.827,147.835,147.761,147.819,818
2024-02-06T23:30:00.000Z,147.819,147.862,147.8,147.856,844
2024-02-06T23:45:00.000Z,147.857,147.858,147.813,147.822,744
2024-02-07T00:00:00.000Z,147.823,147.922,147.82,147.877,2202
2024-02-07T00:15:00.000Z,147.878,147.94,147.877,147.912,1805
2024-02-07T00:30:00.000Z,147.91,147.911,147.828,147.868,1671
2024-02-07T00:45:00.000Z,147.867,147.947,147.826,147.854,2010
2024-02-07T01:00:00.000Z,147.853,147.867,147.795,147.843,1792
2024-02-07T01:15:00.000Z,147.843,147.868,147.798,147.832,1828
2024-02-07T01:30:00.000Z,147.833,147.852,147.792,147.802,2086
2024-02-07T01:45:00.000Z,147.801,147.811,147.713,147.805,2097
2024-02-07T02:00:00.000Z,147.806,147.898,147.806,147.866,1969
2024-02-07T02:15:00.000Z,147.866,147.88,147.83,147.859,1453
2024-02-07T02:30:00.000Z,147.858,147.927,147.846,147.919,1382
2024-02-07T02:45:00.000Z,147.92,147.989,147.881,147.906,1508
2024-02-07T03:00:00.000Z,147.904,147.914,147.824,147.841,1385
2024-02-07T03:15:00.000Z,147.842,147.878,147.819,147.851,1307
2024-02-07T03:30:00.000Z,147.85,147.877,147.835,147.842,1219
2024-02-07T03:45:00.000Z,147.843,147.905,147.842,147.903,1057
2024-02-07T04:00:00.000Z,147.904,147.934,147.893,147.931,865
2024-02-07T04:15:00.000Z,147.933,147.934,147.878,147.899,871
2024-02-07T04:30:00.000Z,147.897,147.932,147.885,147.924,636
2024-02-07T04:45:00.000Z,147.925,147.976,147.897,147.974,1304
2024-02-07T05:00:00.000Z,147.974,147.983,147.911,147.98,1591
2024-02-07T05:15:00.000Z,147.979,147.999,147.947,147.992,1081
2024-02-07T05:30:00.000Z,147.993,147.995,147.934,147.952,1494
2024-02-07T05:45:00.000Z,147.953,147.98,147.934,147.953,1268
2024-02-07T06:00:00.000Z,147.953,147.986,147.91,147.976,1470
2024-02-07T06:15:00.000Z,147.977,148.052,147.918,148.04,1421
2024-02-07T06:30:00.000Z,148.038,148.047,147.984,148.017,1516
2024-02-07T06:45:00.000Z,148.02,148.065,148.003,148.027,1467
2024-02-07T07:00:00.000Z,148.023,148.029,147.902,147.904,2598
2024-02-07T07:15:00.000Z,147.904,147.913,147.794,147.807,2956
2024-02-07T07:30:00.000Z,147.808,147.866,147.75,147.84,2500
2024-02-07T07:45:00.000Z,147.839,147.887,147.805,147.822,2333
2024-02-07T08:00:00.000Z,147.82,147.9,147.812,147.895,3128
2024-02-07T08:15:00.000Z,147.896,148.005,147.889,147.993,2614
2024-02-07T08:30:00.000Z,147.993,148.058,147.969,147.996,2621
2024-02-07T08:45:00.000Z,147.995,148.094,147.96,148.071,2681
2024-02-07T09:00:00.000Z,148.071,148.078,148.011,148.035,2342
2024-02-07T09:15:00.000Z,148.033,148.072,147.969,147.976,2415
2024-02-07T09:30:00.000Z,147.976,147.976,147.907,147.907,2939
2024-02-07T09:45:00.000Z,147.907,147.946,147.891,147.918,2527
2024-02-07T10:00:00.000Z,147.918,147.963,147.902,147.959,2738
2024-02-07T10:15:00.000Z,147.958,148.044,147.935,148.043,2429
2024-02-07T10:30:00.000Z,148.043,148.09,148.023,148.073,2080
2024-02-07T10:45:00.000Z,148.073,148.158,148.067,148.126,1987
2024-02-07T11:00:00.000Z,148.125,148.134,148.066,148.072,2223
2024-02-07T11:15:00.000Z,148.072,148.075,147.976,147.993,2338
2024-02-07T11:30:00.000Z,147.992,148.05,147.96,148.039,2300
2024-02-07T11:45:00.000Z,148.039,148.102,148.032,148.085,2007
2024-02-07T12:00:00.000Z,148.086,148.165,148.084,148.161,1907
2024-02-07T12:15:00.000Z,148.159,148.229,148.157,148.201,2230
2024-02-07T12:30:00.000Z,148.202,148.229,148.17,148.196,2198
2024-02-07T12:45:00.000Z,148.195,148.257,148.179,148.208,2192
2024-02-07T13:00:00.000Z,148.208,148.235,148.153,148.154,2778
2024-02-07T13:15:00.000Z,148.154,148.169,148.078,148.132,2622
2024-02-07T13:30:00.000Z,148.13,148.161,148.076,148.13,3013
2024-02-07T13:45:00.000Z,148.137,148.259,148.12,148.183,2959
2024-02-07T14:00:00.000Z,148.181,148.185,148.024,148.047,2841
2024-02-07T14:15:00.000Z,148.048,148.18,148.009,148.179,2704
2024-02-07T14:30:00.000Z,148.178,148.227,147.783,147.832,4118
2024-02-07T14:45:00.000Z,147.83,147.836,147.622,147.783,5185
2024-02-07T15:00:00.000Z,147.78,148.085,147.769,148.015,4088
2024-02-07T15:15:00.000Z,148.016,148.148,147.949,147.969,3614
2024-02-07T15:30:00.000Z,147.969,148.088,147.782,147.801,4590
2024-02-07T15:45:00.000Z,147.799,148.023,147.796,147.945,3767
2024-02-07T16:00:00.000Z,147.944,147.995,147.876,147.919,3326
2024-02-07T16:15:00.000Z,147.918,148.043,147.894,147.982,2641
2024-02-07T16:30:00.000Z,147.981,148.065,147.95,148.058,2201
2024-02-07T16:45:00.000Z,148.059,148.072,147.971,148.039,1956
2024-02-07T17:00:00.000Z,148.04,148.165,148.031,148.154,2441
2024-02-07T17:15:00.000Z,148.154,148.166,148.108,148.147,2151
2024-02-07T17:30:00.000Z,148.149,148.16,148.088,148.111,1921
2024-02-07T17:45:00.000Z,148.108,148.167,148.08,148.136,1752
2024-02-07T18:00:00.000Z,148.135,148.142,147.992,148.056,2513
2024-02-07T18:15:00.000Z,148.059,148.139,148.049,148.065,2152
2024-02-07T18:30:00.000Z,148.068,148.177,148.054,148.167,2074
2024-02-07T18:45:00.000Z,148.167,148.192,148.121,148.136,1543
2024-02-07T19:00:00.000Z,148.135,148.17,148.122,148.127,1470
2024-02-07T19:15:00.000Z,148.129,148.169,148.105,148.166,1337
2024-02-07T19:30:00.000Z,148.164,148.192,148.131,148.132,1571
2024-02-07T19:45:00.000Z,148.132,148.153,148.112,148.134,1219
2024-02-07T20:00:00.000Z,148.135,148.151,148.122,148.147,1086
2024-02-07T20:15:00.000Z,148.146,148.166,148.104,148.158,1039
2024-02-07T20:30:00.000Z,148.159,148.194,148.148,148.165,1615
2024-02-07T20:45:00.000Z,148.167,148.196,148.158,148.175,1618
2024-02-07T21:00:00.000Z,148.174,148.189,148.157,148.171,866
2024-02-07T21:15:00.000Z,148.17,148.188,148.162,148.185,809
2024-02-07T21:30:00.000Z,148.184,148.195,148.147,148.168,591
2024-02-07T21:45:00.000Z,148.169,148.186,148.16,148.175,1111
2024-02-07T22:00:00.000Z,148.12,148.177,148.064,148.094,106
2024-02-07T22:15:00.000Z,148.094,148.094,148.057,148.061,105
2024-02-07T22:30:00.000Z,148.057,148.068,148.043,148.047,175
2024-02-07T22:45:00.000Z,148.053,148.055,148.021,148.03,335
2024-02-07T23:00:00.000Z,148.042,148.072,148.03,148.043,967
2024-02-07T23:15:00.000Z,148.043,148.047,147.996,148.008,866
2024-02-07T23:30:00.000Z,148.009,148.069,148.004,148.063,843
2024-02-07T23:45:00.000Z,148.064,148.097,148.055,148.089,770
2024-02-08T00:00:00.000Z,148.086,148.096,148.011,148.05,1509
2024-02-08T00:15:00.000Z,148.052,148.067,148.023,148.044,1526
2024-02-08T00:30:00.000Z,148.045,148.045,147.945,148.007,1540
2024-02-08T00:45:00.000Z,148.008,148.067,147.998,148.058,2059
2024-02-08T01:00:00.000Z,148.057,148.099,148.011,148.012,1496
2024-02-08T01:15:00.000Z,148.011,148.077,147.996,148.028,1270
2024-02-08T01:30:00.000Z,148.027,148.286,147.932,148.232,2768
2024-02-08T01:45:00.000Z,148.233,148.368,148.133,148.292,2440
2024-02-08T02:00:00.000Z,148.298,148.362,148.267,148.308,2163
2024-02-08T02:15:00.000Z,148.307,148.403,148.305,148.366,1892
2024-02-08T02:30:00.000Z,148.367,148.395,148.331,148.344,2125
2024-02-08T02:45:00.000Z,148.343,148.366,148.292,148.355,1185
2024-02-08T03:00:00.000Z,148.354,148.362,148.308,148.322,1245
2024-02-08T03:15:00.000Z,148.323,148.358,148.293,148.322,1139
2024-02-08T03:30:00.000Z,148.321,148.347,148.28,148.344,1164
2024-02-08T03:45:00.000Z,148.345,148.36,148.32,148.352,1277
2024-02-08T04:00:00.000Z,148.352,148.361,148.328,148.343,1003
2024-02-08T04:15:00.000Z,148.344,148.397,148.341,148.396,1287
2024-02-08T04:30:00.000Z,148.395,148.462,148.395,148.444,1482
2024-02-08T04:45:00.000Z,148.444,148.497,148.439,148.486,1066
2024-02-08T05:00:00.000Z,148.487,148.564,148.463,148.546,1684
2024-02-08T05:15:00.000Z,148.547,148.592,148.517,148.53,1370
2024-02-08T05:30:00.000Z,148.531,148.599,148.529,148.556,1466
2024-02-08T05:45:00.000Z,148.555,148.664,148.555,148.584,2013
2024-02-08T06:00:00.000Z,148.583,148.661,148.576,148.652,1768
2024-02-08T06:15:00.000Z,148.651,148.701,148.627,148.684,1477
2024-02-08T06:30:00.000Z,148.686,148.708,148.615,148.638,1533
2024-02-08T06:45:00.000Z,148.637,148.738,148.637,148.727,1500
2024-02-08T07:00:00.000Z,148.729,148.764,148.698,148.699,2346
2024-02-08T07:15:00.000Z,148.7,148.775,148.681,148.758,2388
2024-02-08T07:30:00.000Z,148.757,148.805,148.704,148.761,2562
2024-02-08T07:45:00.000Z,148.76,148.81,148.707,148.734,2197
2024-02-08T08:00:00.000Z,148.732,148.814,148.689,148.793,2960
2024-02-08T08:15:00.000Z,148.791,148.839,148.749,148.839,2893
2024-02-08T08:30:00.000Z,148.838,148.85,148.802,148.829,2398
2024-02-08T08:45:00.000Z,148.822,148.846,148.744,148.758,2582
2024-02-08T09:00:00.000Z,148.758,148.779,148.65,148.683,2264
2024-02-08T09:15:00.000Z,148.682,148.749,148.646,148.728,2369
2024-02-08T09:30:00.000Z,148.728,148.766,148.693,148.72,2205
2024-02-08T09:45:00.000Z,148.722,148.774,148.707,148.757,2275
2024-02-08T10:00:00.000Z,148.755,148.822,148.74,148.784,1656
2024-02-08T10:15:00.000Z,148.783,148.819,148.751,148.793,2155
2024-02-08T10:30:00.000Z,148.792,149.001,148.788,148.972,3216
2024-02-08T10:45:00.000Z,148.971,149.145,148.971,149.103,2803
2024-02-08T11:00:00.000Z,149.103,149.194,149.1,149.152,2065
2024-02-08T11:15:00.000Z,149.151,149.253,149.149,149.194,1760
2024-02-08T11:30:00.000Z,149.195,149.237,148.998,149.055,2466
2024-02-08T11:45:00.000Z,149.055,149.202,149.055,149.16,2372
2024-02-08T12:00:00.000Z,149.163,149.239,149.123,149.127,2338
2024-02-08T12:15:00.000Z,149.133,149.258,149.115,149.24,2421
2024-02-08T12:30:00.000Z,149.241,149.377,149.235,149.293,2856
2024-02-08T12:45:00.000Z,149.294,149.331,149.233,149.254,2374
2024-02-08T13:00:00.000Z,149.255,149.308,149.16,149.169,2417
2024-02-08T13:15:00.000Z,149.168,149.229,149.086,149.116,2702
2024-02-08T13:30:00.000Z,149.105,149.464,149.105,149.404,4136
2024-02-08T13:45:00.000Z,149.411,149.46,149.342,149.39,3915
2024-02-08T14:00:00.000Z,149.399,149.417,149.258,149.28,2784
2024-02-08T14:15:00.000Z,149.283,149.395,149.264,149.314,2626
2024-02-08T14:30:00.000Z,149.313,149.415,149.245,149.358,3668
2024-02-08T14:45:00.000Z,149.359,149.362,149.192,149.261,2935
2024-02-08T15:00:00.000Z,149.26,149.386,149.228,149.359,3522
2024-02-08T15:15:00.000Z,149.36,149.42,149.339,149.378,2361
2024-02-08T15:30:00.000Z,149.378,149.478,149.289,149.441,3044
2024-02-08T15:45:00.000Z,149.441,149.479,149.347,149.431,2970
2024-02-08T16:00:00.000Z,149.43,149.448,149.369,149.386,2236
2024-02-08T16:15:00.000Z,149.387,149.457,149.359,149.375,2056
2024-02-08T16:30:00.000Z,149.374,149.399,149.334,149.369,2164
2024-02-08T16:45:00.000Z,149.369,149.399,149.243,149.246,1988
2024-02-08T17:00:00.000Z,149.247,149.341,149.241,149.284,2057
2024-02-08T17:15:00.000Z,149.283,149.312,149.246,149.3,1386
2024-02-08T17:30:00.000Z,149.3,149.345,149.291,149.305,1632
2024-02-08T17:45:00.000Z,149.309,149.376,149.3,149.372,1804
2024-02-08T18:00:00.000Z,149.373,149.377,149.124,149.239,2973
2024-02-08T18:15:00.000Z,149.238,149.306,149.221,149.306,2432
2024-02-08T18:30:00.000Z,149.303,149.332,149.292,149.319,1807
2024-02-08T18:45:00.000Z,149.318,149.361,149.312,149.339,1096
2024-02-08T19:00:00.000Z,149.34,149.354,149.297,149.33,1678
2024-02-08T19:15:00.000Z,149.33,149.378,149.305,149.365,1693
2024-02-08T19:30:00.000Z,149.367,149.404,149.349,149.378,1994
2024-02-08T19:45:00.000Z,149.377,149.411,149.355,149.389,1502
2024-02-08T20:00:00.000Z,149.39,149.396,149.349,149.357,1515
2024-02-08T20:15:00.000Z,149.356,149.389,149.337,149.353,1353
2024-02-08T20:30:00.000Z,149.353,149.361,149.326,149.337,1285
2024-02-08T20:45:00.000Z,149.338,149.357,149.302,149.303,1672
2024-02-08T21:00:00.000Z,149.302,149.333,149.27,149.315,949
2024-02-08T21:15:00.000Z,149.316,149.321,149.294,149.308,556
2024-02-08T21:30:00.000Z,149.309,149.343,149.294,149.332,373
2024-02-08T21:45:00.000Z,149.331,149.342,149.312,149.317,560
2024-02-08T22:00:00.000Z,149.286,149.286,149.248,149.28,58
2024-02-08T22:15:00.000Z,149.265,149.297,149.248,149.297,116
2024-02-08T22:30:00.000Z,149.296,149.3,149.255,149.278,316
2024-02-08T22:45:00.000Z,149.278,149.296,149.254,149.262,595
2024-02-08T23:00:00.000Z,149.263,149.288,149.256,149.259,641
2024-02-08T23:15:00.000Z,149.259,149.298,149.256,149.269,778
2024-02-08T23:30:00.000Z,149.271,149.295,149.269,149.279,810
2024-02-08T23:45:00.000Z,149.278,149.311,149.254,149.262,872
2024-02-09T00:00:00.000Z,149.264,149.345,149.234,149.321,1468
2024-02-09T00:15:00.000Z,149.32,149.364,149.301,149.318,1302
2024-02-09T00:30:00.000Z,149.319,149.357,149.281,149.333,1365
2024-02-09T00:45:00.000Z,149.333,149.412,149.287,149.385,2242
2024-02-09T01:00:00.000Z,149.384,149.387,149.292,149.304,2053
2024-02-09T01:15:00.000Z,149.303,149.321,149.245,149.31,1633
2024-02-09T01:30:00.000Z,149.309,149.318,149.253,149.271,1561
2024-02-09T01:45:00.000Z,149.27,149.305,149.261,149.285,1343
2024-02-09T02:00:00.000Z,149.283,149.335,149.272,149.301,1421
2024-02-09T02:15:00.000Z,149.302,149.302,149.248,149.29,1317
2024-02-09T02:30:00.000Z,149.294,149.324,149.281,149.293,1043
2024-02-09T02:45:00.000Z,149.294,149.322,149.279,149.305,967
2024-02-09T03:00:00.000Z,149.305,149.396,149.299,149.371,1247
2024-02-09T03:15:00.000Z,149.37,149.38,149.302,149.335,1183
2024-02-09T03:30:00.000Z,149.333,149.389,149.315,149.388,1105
2024-02-09T03:45:00.000Z,149.391,149.491,149.382,149.437,1353
2024-02-09T04:00:00.000Z,149.435,149.466,149.393,149.427,1401
2024-02-09T04:15:00.000Z,149.428,149.435,149.368,149.42,1058
2024-02-09T04:30:00.000Z,149.419,149.429,149.383,149.407,907
2024-02-09T04:45:00.000Z,149.406,149.434,149.398,149.418,789
2024-02-09T05:00:00.000Z,149.419,149.422,149.38,149.382,685
2024-02-09T05:15:00.000Z,149.382,149.386,149.349,149.375,1056
2024-02-09T05:30:00.000Z,149.374,149.399,149.341,149.399,932
2024-02-09T05:45:00.000Z,149.399,149.435,149.378,149.4,896
2024-02-09T06:00:00.000Z,149.401,149.432,149.373,149.397,1204
2024-02-09T06:15:00.000Z,149.395,149.409,149.372,149.391,808
2024-02-09T06:30:00.000Z,149.391,149.403,149.37,149.373,1036
2024-02-09T06:45:00.000Z,149.374,149.381,149.332,149.334,1078
2024-02-09T07:00:00.000Z,149.335,149.342,149.263,149.311,2415
2024-02-09T07:15:00.000Z,149.311,149.331,149.216,149.269,2298
2024-02-09T07:30:00.000Z,149.268,149.339,149.253,149.303,2230
2024-02-09T07:45:00.000Z,149.305,149.419,149.301,149.399,2256
2024-02-09T08:00:00.000Z,149.4,149.507,149.368,149.478,2868
2024-02-09T08:15:00.000Z,149.48,149.575,149.449,149.46,3226
2024-02-09T08:30:00.000Z,149.459,149.567,149.458,149.478,2948
2024-02-09T08:45:00.000Z,149.479,149.499,149.387,149.411,2641
2024-02-09T09:00:00.000Z,149.41,149.438,149.324,149.415,2778
2024-02-09T09:15:00.000Z,149.414,149.447,149.271,149.301,2558
2024-02-09T09:30:00.000Z,149.3,149.367,149.261,149.361,2404
2024-02-09T09:45:00.000Z,149.362,149.429,149.362,149.422,1939
2024-02-09T10:00:00.000Z,149.423,149.443,149.368,149.4,2108
2024-02-09T10:15:00.000Z,149.401,149.422,149.319,149.352,2179
2024-02-09T10:30:00.000Z,149.353,149.41,149.353,149.386,2006
2024-02-09T10:45:00.000Z,149.387,149.4,149.351,149.376,2089
2024-02-09T11:00:00.000Z,149.375,149.402,149.361,149.387,1710
2024-02-09T11:15:00.000Z,149.388,149.399,149.351,149.384,1776
2024-02-09T11:30:00.000Z,149.384,149.443,149.354,149.436,1998
2024-02-09T11:45:00.000Z,149.437,149.461,149.387,149.397,2163
2024-02-09T12:00:00.000Z,149.401,149.429,149.392,149.416,2558
2024-02-09T12:15:00.000Z,149.417,149.456,149.4,149.434,2597
2024-02-09T12:30:00.000Z,149.435,149.51,149.435,149.488,2526
2024-02-09T12:45:00.000Z,149.486,149.536,149.459,149.478,2336
2024-02-09T13:00:00.000Z,149.477,149.515,149.439,149.46,2226
2024-02-09T13:15:00.000Z,149.459,149.495,149.433,149.456,2085
2024-02-09T13:30:00.000Z,149.457,149.529,149.01,149.289,5266
2024-02-09T13:45:00.000Z,149.293,149.436,149.264,149.388,4250
2024-02-09T14:00:00.000Z,149.388,149.424,149.172,149.188,3376
2024-02-09T14:15:00.000Z,149.183,149.446,149.183,149.416,3172
2024-02-09T14:30:00.000Z,149.416,149.435,149.301,149.331,3709
2024-02-09T14:45:00.000Z,149.329,149.426,149.295,149.351,3359
2024-02-09T15:00:00.000Z,149.35,149.415,149.316,149.392,2924
2024-02-09T15:15:00.000Z,149.391,149.405,149.322,149.349,2744
2024-02-09T15:30:00.000Z,149.349,149.369,149.223,149.357,2698
2024-02-09T15:45:00.000Z,149.358,149.39,149.293,149.324,2314
2024-02-09T16:00:00.000Z,149.325,149.416,149.305,149.343,2509
2024-02-09T16:15:00.000Z,149.343,149.347,149.276,149.326,2525
2024-02-09T16:30:00.000Z,149.326,149.409,149.316,149.393,1937
2024-02-09T16:45:00.000Z,149.391,149.397,149.354,149.384,2201
2024-02-09T17:00:00.000Z,149.383,149.402,149.346,149.35,1575
2024-02-09T17:15:00.000Z,149.349,149.394,149.34,149.367,1495
2024-02-09T17:30:00.000Z,149.368,149.379,149.345,149.37,1452
2024-02-09T17:45:00.000Z,149.369,149.38,149.345,149.35,1484
2024-02-09T18:00:00.000Z,149.349,149.356,149.304,149.343,1397
2024-02-09T18:15:00.000Z,149.342,149.351,149.322,149.328,1024
2024-02-09T18:30:00.000Z,149.329,149.365,149.326,149.347,1013
2024-02-09T18:45:00.000Z,149.346,149.372,149.343,149.36,1298
2024-02-09T19:00:00.000Z,149.361,149.373,149.322,149.336,1026
2024-02-09T19:15:00.000Z,149.338,149.356,149.321,149.325,997
2024-02-09T19:30:00.000Z,149.324,149.337,149.311,149.328,634
2024-02-09T19:45:00.000Z,149.327,149.358,149.326,149.355,956
2024-02-09T20:00:00.000Z,149.355,149.365,149.311,149.322,769
2024-02-09T20:15:00.000Z,149.323,149.325,149.277,149.296,890
2024-02-09T20:30:00.000Z,149.296,149.325,149.296,149.311,1037
2024-02-09T20:45:00.000Z,149.31,149.311,149.264,149.282,1000
2024-02-09T21:00:00.000Z,149.291,149.294,149.263,149.266,589
2024-02-09T21:15:00.000Z,149.267,149.286,149.255,149.258,756
2024-02-09T21:30:00.000Z,149.257,149.291,149.257,149.281,496
2024-02-09T21:45:00.000Z,149.281,149.283,149.246,149.268,594
2024-02-11T22:00:00.000Z,149.212,149.282,149.2,149.217,20
2024-02-11T22:15:00.000Z,149.217,149.245,149.207,149.245,24
2024-02-11T22:30:00.000Z,149.236,149.245,149.236,149.245,20
2024-02-11T22:45:00.000Z,149.245,149.245,149.202,149.215,59
2024-02-11T23:00:00.000Z,149.23,149.283,149.075,149.203,1841
2024-02-11T23:15:00.000Z,149.203,149.214,149.165,149.209,1151
2024-02-11T23:30:00.000Z,149.209,149.225,149.158,149.168,1485
2024-02-11T23:45:00.000Z,149.17,149.187,149.139,149.181,824
2024-02-12T00:00:00.000Z,149.179,149.199,149.15,149.182,1716
2024-02-12T00:15:00.000Z,149.186,149.193,149.15,149.163,1303
2024-02-12T00:30:00.000Z,149.162,149.177,149.135,149.155,1465
2024-02-12T00:45:00.000Z,149.154,149.168,149.111,149.137,1123
2024-02-12T01:00:00.000Z,149.138,149.188,149.129,149.187,942
2024-02-12T01:15:00.000Z,149.186,149.216,149.176,149.195,935
2024-02-12T01:30:00.000Z,149.196,149.198,149.15,149.165,928
2024-02-12T01:45:00.000Z,149.166,149.201,149.152,149.182,828
2024-02-12T02:00:00.000Z,149.181,149.19,149.164,149.176,749
2024-02-12T02:15:00.000Z,149.177,149.185,149.151,149.159,768
2024-02-12T02:30:00.000Z,149.159,149.168,149.128,149.133,935
2024-02-12T02:45:00.000Z,149.134,149.182,149.128,149.181,787
2024-02-12T03:00:00.000Z,149.184,149.19,149.143,149.155,1156
2024-02-12T03:15:00.000Z,149.154,149.19,149.149,149.178,1192
2024-02-12T03:30:00.000Z,149.178,149.24,149.171,149.237,899
2024-02-12T03:45:00.000Z,149.238,149.253,149.219,149.251,724
2024-02-12T04:00:00.000Z,149.25,149.253,149.225,149.228,794
2024-02-12T04:15:00.000Z,149.23,149.244,149.224,149.229,1048
2024-02-12T04:30:00.000Z,149.228,149.245,149.207,149.228,758
2024-02-12T04:45:00.000Z,149.231,149.237,149.222,149.223,1040
2024-02-12T05:00:00.000Z,149.223,149.232,149.211,149.218,1038
2024-02-12T05:15:00.000Z,149.217,149.218,149.175,149.195,1154
2024-02-12T05:30:00.000Z,149.199,149.218,149.185,149.187,733
2024-02-12T05:45:00.000Z,149.188,149.216,149.177,149.211,1004
2024-02-12T06:00:00.000Z,149.21,149.232,149.193,149.206,755
2024-02-12T06:15:00.000Z,149.207,149.217,149.182,149.186,674
2024-02-12T06:30:00.000Z,149.19,149.204,149.171,149.179,841
2024-02-12T06:45:00.000Z,149.18,149.217,149.174,149.208,1022
2024-02-12T07:00:00.000Z,149.209,149.222,149.163,149.166,1784
2024-02-12T07:15:00.000Z,149.165,149.191,149.1,149.133,2194
2024-02-12T07:30:00.000Z,149.134,149.146,149.11,149.137,2157
2024-02-12T07:45:00.000Z,149.136,149.138,149.047,149.097,2508
2024-02-12T08:00:00.000Z,149.098,149.132,148.998,149.051,3687
2024-02-12T08:15:00.000Z,149.05,149.075,148.996,149.029,3631
2024-02-12T08:30:00.000Z,149.028,149.094,148.989,149.089,3259
2024-02-12T08:45:00.000Z,149.09,149.154,149.073,149.145,2488
2024-02-12T09:00:00.000Z,149.145,149.195,149.143,149.151,2416
2024-02-12T09:15:00.000Z,149.155,149.161,149.082,149.124,2372
2024-02-12T09:30:00.000Z,149.125,149.135,149.098,149.115,2780
2024-02-12T09:45:00.000Z,149.116,149.16,149.104,149.13,2623
2024-02-12T10:00:00.000Z,149.131,149.161,149.075,149.085,1870
2024-02-12T10:15:00.000Z,149.086,149.092,149.044,149.051,2189
2024-02-12T10:30:00.000Z,149.051,149.082,149.038,149.072,1959
2024-02-12T10:45:00.000Z,149.071,149.101,149.051,149.053,2308
2024-02-12T11:00:00.000Z,149.054,149.085,149.017,149.042,2201
2024-02-12T11:15:00.000Z,149.043,149.094,149.024,149.086,1957
2024-02-12T11:30:00.000Z,149.087,149.087,149,149.037,2026
2024-02-12T11:45:00.000Z,149.038,149.077,148.998,149.023,2043
2024-02-12T12:00:00.000Z,149.022,149.054,148.945,148.976,2286
2024-02-12T12:15:00.000Z,148.975,148.996,148.929,148.962,2329
2024-02-12T12:30:00.000Z,148.961,149.003,148.947,148.996,2171
2024-02-12T12:45:00.000Z,148.996,149.012,148.95,148.978,2462
2024-02-12T13:00:00.000Z,148.977,149.029,148.93,149.009,2498
2024-02-12T13:15:00.000Z,149.008,149.112,149.005,149.08,2556
2024-02-12T13:30:00.000Z,149.081,149.172,149.079,149.156,2770
2024-02-12T13:45:00.000Z,149.157,149.213,149.137,149.205,2855
2024-02-12T14:00:00.000Z,149.207,149.224,149.16,149.219,2066
2024-02-12T14:15:00.000Z,149.221,149.297,149.22,149.26,2136
2024-02-12T14:30:00.000Z,149.26,149.343,149.26,149.319,2873
2024-02-12T14:45:00.000Z,149.318,149.319,149.244,149.315,2453
2024-02-12T15:00:00.000Z,149.317,149.421,149.293,149.412,2272
2024-02-12T15:15:00.000Z,149.408,149.447,149.385,149.444,2116
2024-02-12T15:30:00.000Z,149.443,149.472,149.429,149.469,2015
2024-02-12T15:45:00.000Z,149.47,149.478,149.412,149.46,2119
2024-02-12T16:00:00.000Z,149.461,149.478,149.415,149.424,2589
2024-02-12T16:15:00.000Z,149.423,149.456,149.39,149.394,2279
2024-02-12T16:30:00.000Z,149.395,149.395,149.346,149.382,2245
2024-02-12T16:45:00.000Z,149.382,149.409,149.366,149.376,1554
2024-02-12T17:00:00.000Z,149.375,149.385,149.311,149.313,1175
2024-02-12T17:15:00.000Z,149.315,149.334,149.295,149.31,2199
2024-02-12T17:30:00.000Z,149.311,149.316,149.252,149.275,2141
2024-02-12T17:45:00.000Z,149.275,149.291,149.255,149.257,1158
2024-02-12T18:00:00.000Z,149.258,149.301,149.242,149.301,1117
2024-02-12T18:15:00.000Z,149.302,149.352,149.29,149.333,1241
2024-02-12T18:30:00.000Z,149.334,149.344,149.276,149.28,1274
2024-02-12T18:45:00.000Z,149.28,149.292,149.254,149.269,989
2024-02-12T19:00:00.000Z,149.27,149.278,149.241,149.277,1139
2024-02-12T19:15:00.000Z,149.278,149.345,149.261,149.338,2259
2024-02-12T19:30:00.000Z,149.339,149.376,149.337,149.375,1193
2024-02-12T19:45:00.000Z,149.376,149.438,149.368,149.412,2027
2024-02-12T20:00:00.000Z,149.411,149.412,149.335,149.336,1706
2024-02-12T20:15:00.000Z,149.335,149.364,149.328,149.343,1035
2024-02-12T20:30:00.000Z,149.344,149.352,149.318,149.346,1489
2024-02-12T20:45:00.000Z,149.346,149.348,149.311,149.334,1603
2024-02-12T21:00:00.000Z,149.335,149.339,149.3,149.308,1129
2024-02-12T21:15:00.000Z,149.309,149.341,149.306,149.325,584
2024-02-12T21:30:00.000Z,149.324,149.363,149.322,149.348,316
2024-02-12T21:45:00.000Z,149.347,149.361,149.339,149.352,326
2024-02-12T22:00:00.000Z,149.285,149.344,149.285,149.29,47
2024-02-12T22:15:00.000Z,149.289,149.303,149.283,149.303,22
2024-02-12T22:30:00.000Z,149.303,149.315,149.301,149.308,426
2024-02-12T22:45:00.000Z,149.308,149.324,149.304,149.316,372
2024-02-12T23:00:00.000Z,149.315,149.324,149.262,149.315,793
2024-02-12T23:15:00.000Z,149.315,149.344,149.308,149.318,836
2024-02-12T23:30:00.000Z,149.318,149.361,149.318,149.352,688
2024-02-12T23:45:00.000Z,149.354,149.417,149.342,149.408,883
2024-02-13T00:00:00.000Z,149.407,149.424,149.358,149.386,2027
2024-02-13T00:15:00.000Z,149.389,149.427,149.366,149.403,1885
2024-02-13T00:30:00.000Z,149.401,149.413,149.365,149.371,1264
2024-02-13T00:45:00.000Z,149.371,149.404,149.298,149.307,2165
2024-02-13T01:00:00.000Z,149.305,149.374,149.282,149.355,1846
2024-02-13T01:15:00.000Z,149.356,149.391,149.348,149.386,1570
2024-02-13T01:30:00.000Z,149.385,149.391,149.333,149.372,1316
2024-02-13T01:45:00.000Z,149.372,149.394,149.349,149.367,1432
2024-02-13T02:00:00.000Z,149.367,149.4,149.359,149.384,1158
2024-02-13T02:15:00.000Z,149.385,149.449,149.383,149.444,1078
2024-02-13T02:30:00.000Z,149.443,149.475,149.432,149.459,1034
2024-02-13T02:45:00.000Z,149.46,149.483,149.445,149.467,1025
2024-02-13T03:00:00.000Z,149.468,149.529,149.452,149.465,1221
2024-02-13T03:15:00.000Z,149.464,149.499,149.463,149.489,796
2024-02-13T03:30:00.000Z,149.489,149.498,149.467,149.48,1085
2024-02-13T03:45:00.000Z,149.481,149.534,149.476,149.533,944
2024-02-13T04:00:00.000Z,149.534,149.581,149.524,149.534,1249
2024-02-13T04:15:00.000Z,149.533,149.568,149.497,149.526,993
2024-02-13T04:30:00.000Z,149.529,149.556,149.513,149.543,977
2024-02-13T04:45:00.000Z,149.544,149.575,149.534,149.556,885
2024-02-13T05:00:00.000Z,149.557,149.566,149.529,149.542,1215
2024-02-13T05:15:00.000Z,149.543,149.554,149.53,149.544,817
2024-02-13T05:30:00.000Z,149.541,149.561,149.524,149.53,972
2024-02-13T05:45:00.000Z,149.531,149.563,149.495,149.552,990
2024-02-13T06:00:00.000Z,149.551,149.559,149.45,149.476,1546
2024-02-13T06:15:00.000Z,149.477,149.522,149.476,149.495,1172
2024-02-13T06:30:00.000Z,149.496,149.505,149.446,149.471,1053
2024-02-13T06:45:00.000Z,149.471,149.491,149.46,149.472,1694
2024-02-13T07:00:00.000Z,149.473,149.583,149.461,149.536,2630
2024-02-13T07:15:00.000Z,149.535,149.647,149.53,149.614,1968
2024-02-13T07:30:00.000Z,149.619,149.654,149.528,149.578,2936
2024-02-13T07:45:00.000Z,149.577,149.615,149.554,149.589,2111
2024-02-13T08:00:00.000Z,149.588,149.676,149.551,149.674,2928
2024-02-13T08:15:00.000Z,149.675,149.695,149.638,149.674,2528
2024-02-13T08:30:00.000Z,149.673,149.673,149.616,149.65,2146
2024-02-13T08:45:00.000Z,149.65,149.651,149.587,149.615,2367
2024-02-13T09:00:00.000Z,149.613,149.681,149.568,149.677,2282
2024-02-13T09:15:00.000Z,149.676,149.686,149.625,149.664,2139
2024-02-13T09:30:00.000Z,149.665,149.666,149.586,149.602,2054
2024-02-13T09:45:00.000Z,149.603,149.607,149.556,149.577,2155
2024-02-13T10:00:00.000Z,149.576,149.577,149.511,149.532,2177
2024-02-13T10:15:00.000Z,149.533,149.572,149.512,149.52,2052
2024-02-13T10:30:00.000Z,149.521,149.533,149.478,149.487,2210
2024-02-13T10:45:00.000Z,149.486,149.537,149.481,149.525,1969
2024-02-13T11:00:00.000Z,149.524,149.529,149.434,149.437,1822
2024-02-13T11:15:00.000Z,149.437,149.446,149.398,149.415,1730
2024-02-13T11:30:00.000Z,149.416,149.451,149.407,149.423,1788
2024-02-13T11:45:00.000Z,149.422,149.427,149.377,149.377,1355
2024-02-13T12:00:00.000Z,149.377,149.386,149.337,149.352,1934
2024-02-13T12:15:00.000Z,149.348,149.409,149.337,149.353,2129
2024-02-13T12:30:00.000Z,149.352,149.398,149.338,149.357,1853
2024-02-13T12:45:00.000Z,149.356,149.372,149.32,149.345,2011
2024-02-13T13:00:00.000Z,149.344,149.352,149.299,149.301,2476
2024-02-13T13:15:00.000Z,149.303,149.344,149.279,149.31,2844
2024-02-13T13:30:00.000Z,149.305,150.379,149.184,150.309,6548
2024-02-13T13:45:00.000Z,150.309,150.485,150.292,150.436,5955
2024-02-13T14:00:00.000Z,150.436,150.583,150.402,150.471,5314
2024-02-13T14:15:00.000Z,150.475,150.486,150.302,150.366,3948
2024-02-13T14:30:00.000Z,150.365,150.523,150.363,150.395,4130
2024-02-13T14:45:00.000Z,150.394,150.582,150.379,150.547,3132
2024-02-13T15:00:00.000Z,150.544,150.588,150.519,150.548,3258
2024-02-13T15:15:00.000Z,150.551,150.589,150.392,150.425,3117
2024-02-13T15:30:00.000Z,150.424,150.512,150.391,150.51,2959
2024-02-13T15:45:00.000Z,150.509,150.609,150.497,150.593,3199
2024-02-13T16:00:00.000Z,150.594,150.682,150.513,150.657,2861
2024-02-13T16:15:00.000Z,150.658,150.72,150.651,150.682,2635
2024-02-13T16:30:00.000Z,150.682,150.759,150.679,150.757,2489
2024-02-13T16:45:00.000Z,150.759,150.761,150.707,150.723,2106
2024-02-13T17:00:00.000Z,150.722,150.76,150.697,150.749,2057
2024-02-13T17:15:00.000Z,150.749,150.769,150.737,150.767,1500
2024-02-13T17:30:00.000Z,150.767,150.781,150.749,150.761,1281
2024-02-13T17:45:00.000Z,150.76,150.807,150.757,150.783,1760
2024-02-13T18:00:00.000Z,150.781,150.782,150.721,150.765,1420
2024-02-13T18:15:00.000Z,150.764,150.808,150.764,150.777,1250
2024-02-13T18:30:00.000Z,150.776,150.799,150.764,150.769,1754
2024-02-13T18:45:00.000Z,150.769,150.794,150.752,150.779,2148
2024-02-13T19:00:00.000Z,150.78,150.861,150.776,150.83,1770
2024-02-13T19:15:00.000Z,150.831,150.878,150.811,150.863,2348
2024-02-13T19:30:00.000Z,150.864,150.87,150.828,150.828,1400
2024-02-13T19:45:00.000Z,150.827,150.885,150.814,150.872,2000
2024-02-13T20:00:00.000Z,150.871,150.877,150.831,150.851,1878
2024-02-13T20:15:00.000Z,150.851,150.853,150.747,150.76,1555
2024-02-13T20:30:00.000Z,150.759,150.764,150.726,150.74,2161
2024-02-13T20:45:00.000Z,150.739,150.786,150.732,150.782,1638
2024-02-13T21:00:00.000Z,150.781,150.816,150.777,150.805,728
2024-02-13T21:15:00.000Z,150.805,150.825,150.769,150.81,745
2024-02-13T21:30:00.000Z,150.811,150.816,150.797,150.806,823
2024-02-13T21:45:00.000Z,150.806,150.821,150.788,150.796,1187
2024-02-13T22:00:00.000Z,150.769,150.786,150.688,150.742,76
2024-02-13T22:15:00.000Z,150.739,150.764,150.719,150.743,94
2024-02-13T22:30:00.000Z,150.741,150.752,150.735,150.749,235
2024-02-13T22:45:00.000Z,150.749,150.749,150.552,150.622,633
2024-02-13T23:00:00.000Z,150.624,150.702,150.578,150.585,1338
2024-02-13T23:15:00.000Z,150.586,150.665,150.584,150.641,870
2024-02-13T23:30:00.000Z,150.642,150.761,150.641,150.687,421
2024-02-13T23:45:00.000Z,150.686,150.764,150.643,150.728,993
2024-02-14T00:00:00.000Z,150.727,150.779,150.676,150.728,2117
2024-02-14T00:15:00.000Z,150.727,150.727,150.596,150.654,2090
2024-02-14T00:30:00.000Z,150.655,150.665,150.597,150.65,1751
2024-02-14T00:45:00.000Z,150.651,150.699,150.605,150.654,2355
2024-02-14T01:00:00.000Z,150.652,150.701,150.552,150.59,2294
2024-02-14T01:15:00.000Z,150.593,150.665,150.564,150.619,2071
2024-02-14T01:30:00.000Z,150.618,150.65,150.538,150.578,2337
2024-02-14T01:45:00.000Z,150.576,150.604,150.525,150.541,1901
2024-02-14T02:00:00.000Z,150.543,150.574,150.535,150.565,1629
2024-02-14T02:15:00.000Z,150.565,150.568,150.511,150.554,1527
2024-02-14T02:30:00.000Z,150.555,150.621,150.551,150.595,1480
2024-02-14T02:45:00.000Z,150.595,150.647,150.59,150.626,1266
2024-02-14T03:00:00.000Z,150.627,150.634,150.563,150.566,1465
2024-02-14T03:15:00.000Z,150.565,150.594,150.531,150.555,1449
2024-02-14T03:30:00.000Z,150.554,150.567,150.503,150.535,1201
2024-02-14T03:45:00.000Z,150.536,150.558,150.497,150.518,1351
2024-02-14T04:00:00.000Z,150.519,150.532,150.462,150.464,1233
2024-02-14T04:15:00.000Z,150.465,150.494,150.459,150.46,1291
2024-02-14T04:30:00.000Z,150.459,150.467,150.425,150.443,965
2024-02-14T04:45:00.000Z,150.443,150.446,150.419,150.444,1149
2024-02-14T05:00:00.000Z,150.444,150.517,150.437,150.5,1310
2024-02-14T05:15:00.000Z,150.5,150.537,150.5,150.524,946
2024-02-14T05:30:00.000Z,150.525,150.535,150.456,150.485,1119
2024-02-14T05:45:00.000Z,150.485,150.538,150.463,150.52,1348
2024-02-14T06:00:00.000Z,150.519,150.556,150.502,150.537,1311
2024-02-14T06:15:00.000Z,150.539,150.548,150.508,150.525,1033
2024-02-14T06:30:00.000Z,150.524,150.528,150.451,150.468,1592
2024-02-14T06:45:00.000Z,150.467,150.506,150.455,150.485,1318
2024-02-14T07:00:00.000Z,150.489,150.536,150.353,150.4,3666
2024-02-14T07:15:00.000Z,150.401,150.477,150.344,150.438,3357
2024-02-14T07:30:00.000Z,150.439,150.462,150.391,150.424,2892
2024-02-14T07:45:00.000Z,150.424,150.462,150.359,150.453,2453
2024-02-14T08:00:00.000Z,150.453,150.486,150.397,150.463,3943
2024-02-14T08:15:00.000Z,150.462,150.525,150.457,150.499,3061
2024-02-14T08:30:00.000Z,150.499,150.556,150.493,150.497,2428
2024-02-14T08:45:00.000Z,150.496,150.569,150.488,150.548,2702
2024-02-14T09:00:00.000Z,150.549,150.606,150.538,150.597,2466
2024-02-14T09:15:00.000Z,150.596,150.609,150.52,150.536,2495
2024-02-14T09:30:00.000Z,150.536,150.619,150.527,150.592,2223
2024-02-14T09:45:00.000Z,150.591,150.644,150.56,150.641,2015
2024-02-14T10:00:00.000Z,150.648,150.661,150.624,150.652,2051
2024-02-14T10:15:00.000Z,150.651,150.685,150.642,150.671,2348
2024-02-14T10:30:00.000Z,150.67,150.682,150.609,150.649,2343
2024-02-14T10:45:00.000Z,150.648,150.672,150.582,150.587,2333
2024-02-14T11:00:00.000Z,150.589,150.628,150.561,150.603,2341
2024-02-14T11:15:00.000Z,150.602,150.657,150.576,150.651,1867
2024-02-14T11:30:00.000Z,150.65,150.652,150.556,150.57,2308
2024-02-14T11:45:00.000Z,150.566,150.615,150.556,150.577,2177
2024-02-14T12:00:00.000Z,150.578,150.639,150.561,150.626,2140
2024-02-14T12:15:00.000Z,150.627,150.668,150.613,150.662,2090
2024-02-14T12:30:00.000Z,150.662,150.666,150.593,150.615,2058
2024-02-14T12:45:00.000Z,150.613,150.647,150.587,150.605,2375
2024-02-14T13:00:00.000Z,150.605,150.609,150.501,150.55,3107
2024-02-14T13:15:00.000Z,150.55,150.628,150.543,150.584,3390
2024-02-14T13:30:00.000Z,150.583,150.645,150.531,150.62,3396
2024-02-14T13:45:00.000Z,150.619,150.738,150.619,150.714,2913
2024-02-14T14:00:00.000Z,150.716,150.731,150.642,150.661,3146
2024-02-14T14:15:00.000Z,150.664,150.696,150.588,150.611,2727
2024-02-14T14:30:00.000Z,150.612,150.618,150.491,150.534,3485
2024-02-14T14:45:00.000Z,150.537,150.696,150.51,150.682,2950
2024-02-14T15:00:00.000Z,150.681,150.753,150.633,150.692,3236
2024-02-14T15:15:00.000Z,150.691,150.709,150.583,150.617,2796
2024-02-14T15:30:00.000Z,150.616,150.65,150.572,150.642,2306
2024-02-14T15:45:00.000Z,150.642,150.651,150.577,150.618,2938
2024-02-14T16:00:00.000Z,150.617,150.622,150.488,150.537,3038
2024-02-14T16:15:00.000Z,150.536,150.596,150.511,150.558,2200
2024-02-14T16:30:00.000Z,150.557,150.562,150.509,150.559,2161
2024-02-14T16:45:00.000Z,150.558,150.564,150.478,150.503,2052
2024-02-14T17:00:00.000Z,150.504,150.58,150.5,150.562,2491
2024-02-14T17:15:00.000Z,150.561,150.596,150.523,150.525,1876
2024-02-14T17:30:00.000Z,150.526,150.531,150.407,150.426,2182
2024-02-14T17:45:00.000Z,150.427,150.441,150.373,150.433,1521
2024-02-14T18:00:00.000Z,150.434,150.455,150.353,150.449,1692
2024-02-14T18:15:00.000Z,150.45,150.516,150.434,150.505,1632
2024-02-14T18:30:00.000Z,150.505,150.506,150.467,150.495,1732
2024-02-14T18:45:00.000Z,150.494,150.497,150.464,150.482,1265
2024-02-14T19:00:00.000Z,150.481,150.506,150.457,150.468,1130
2024-02-14T19:15:00.000Z,150.469,150.544,150.453,150.526,1329
2024-02-14T19:30:00.000Z,150.527,150.57,150.488,150.56,1455
2024-02-14T19:45:00.000Z,150.561,150.569,150.536,150.56,1191
2024-02-14T20:00:00.000Z,150.561,150.574,150.515,150.522,1419
2024-02-14T20:15:00.000Z,150.523,150.56,150.513,150.537,1558
2024-02-14T20:30:00.000Z,150.537,150.546,150.487,150.535,2189
2024-02-14T20:45:00.000Z,150.537,150.585,150.53,150.582,1591
2024-02-14T21:00:00.000Z,150.588,150.617,150.587,150.598,788
2024-02-14T21:15:00.000Z,150.599,150.617,150.596,150.608,540
2024-02-14T21:30:00.000Z,150.608,150.627,150.604,150.618,369
2024-02-14T21:45:00.000Z,150.618,150.621,150.586,150.59,1057
2024-02-14T22:00:00.000Z,150.535,150.535,150.452,150.514,53
2024-02-14T22:15:00.000Z,150.514,150.514,150.498,150.5,63
2024-02-14T22:30:00.000Z,150.5,150.503,150.46,150.476,75
2024-02-14T22:45:00.000Z,150.474,150.496,150.474,150.487,388
2024-02-14T23:00:00.000Z,150.49,150.491,150.42,150.435,744
2024-02-14T23:15:00.000Z,150.435,150.47,150.422,150.463,996
2024-02-14T23:30:00.000Z,150.464,150.473,150.42,150.455,787
2024-02-14T23:45:00.000Z,150.459,150.568,150.438,150.559,1026
2024-02-15T00:00:00.000Z,150.554,150.555,150.471,150.501,1878
2024-02-15T00:15:00.000Z,150.502,150.509,150.407,150.465,1719
2024-02-15T00:30:00.000Z,150.464,150.494,150.344,150.366,2496
2024-02-15T00:45:00.000Z,150.367,150.401,150.265,150.281,2605
2024-02-15T01:00:00.000Z,150.28,150.316,150.229,150.25,2445
2024-02-15T01:15:00.000Z,150.248,150.284,150.224,150.275,2273
2024-02-15T01:30:00.000Z,150.275,150.296,150.213,150.226,1966
2024-02-15T01:45:00.000Z,150.225,150.236,150.139,150.202,2060
2024-02-15T02:00:00.000Z,150.202,150.284,150.2,150.249,2026
2024-02-15T02:15:00.000Z,150.25,150.278,150.198,150.246,1753
2024-02-15T02:30:00.000Z,150.247,150.25,150.197,150.216,1552
2024-02-15T02:45:00.000Z,150.217,150.285,150.184,150.262,1367
2024-02-15T03:00:00.000Z,150.262,150.282,150.222,150.241,1396
2024-02-15T03:15:00.000Z,150.24,150.269,150.232,150.268,1241
2024-02-15T03:30:00.000Z,150.268,150.295,150.262,150.282,1490
2024-02-15T03:45:00.000Z,150.283,150.288,150.254,150.272,1179
2024-02-15T04:00:00.000Z,150.271,150.273,150.215,150.216,1193
2024-02-15T04:15:00.000Z,150.217,150.224,150.162,150.178,1224
2024-02-15T04:30:00.000Z,150.178,150.188,150.129,150.17,1164
2024-02-15T04:45:00.000Z,150.171,150.174,150.119,150.144,1771
2024-02-15T05:00:00.000Z,150.144,150.162,150.09,150.092,1728
2024-02-15T05:15:00.000Z,150.09,150.144,150.09,150.1,1278
2024-02-15T05:30:00.000Z,150.101,150.127,150.08,150.114,1354
2024-02-15T05:45:00.000Z,150.115,150.194,150.106,150.183,1510
2024-02-15T06:00:00.000Z,150.184,150.195,150.101,150.149,1761
2024-02-15T06:15:00.000Z,150.148,150.205,150.148,150.185,1494
2024-02-15T06:30:00.000Z,150.184,150.192,150.099,150.1,1511
2024-02-15T06:45:00.000Z,150.097,150.138,150.077,150.093,1839
2024-02-15T07:00:00.000Z,150.093,150.141,150.053,150.135,2494
2024-02-15T07:15:00.000Z,150.136,150.176,150.07,150.076,2353
2024-02-15T07:30:00.000Z,150.076,150.201,150.074,150.186,2528
2024-02-15T07:45:00.000Z,150.187,150.22,150.147,150.204,2179
2024-02-15T08:00:00.000Z,150.205,150.218,150.039,150.073,3449
2024-02-15T08:15:00.000Z,150.073,150.105,150.018,150.035,2815
2024-02-15T08:30:00.000Z,150.035,150.074,150.012,150.051,2852
2024-02-15T08:45:00.000Z,150.051,150.065,150.011,150.031,2388
2024-02-15T09:00:00.000Z,150.032,150.073,149.987,150.058,2288
2024-02-15T09:15:00.000Z,150.059,150.109,150.033,150.051,2123
2024-02-15T09:30:00.000Z,150.05,150.065,149.923,149.962,2266
2024-02-15T09:45:00.000Z,149.964,150.038,149.953,150.028,2351
2024-02-15T10:00:00.000Z,150.027,150.089,150.016,150.073,1693
2024-02-15T10:15:00.000Z,150.073,150.099,149.991,149.993,1970
2024-02-15T10:30:00.000Z,149.992,150.056,149.989,150.026,2232
2024-02-15T10:45:00.000Z,150.027,150.06,150.01,150.047,2029
2024-02-15T11:00:00.000Z,150.047,150.047,149.992,150.021,1774
2024-02-15T11:15:00.000Z,150.021,150.061,150.02,150.052,2026
2024-02-15T11:30:00.000Z,150.052,150.066,150.038,150.054,1340
2024-02-15T11:45:00.000Z,150.054,150.078,150.02,150.077,1540
2024-02-15T12:00:00.000Z,150.077,150.096,150.043,150.059,1504
2024-02-15T12:15:00.000Z,150.06,150.064,150.012,150.03,1913
2024-02-15T12:30:00.000Z,150.031,150.051,150.024,150.035,1571
2024-02-15T12:45:00.000Z,150.035,150.071,150.019,150.058,1711
2024-02-15T13:00:00.000Z,150.059,150.097,150.044,150.048,2308
2024-02-15T13:15:00.000Z,150.048,150.071,149.928,149.974,3179
2024-02-15T13:30:00.000Z,149.992,150.097,149.518,149.771,6287
2024-02-15T13:45:00.000Z,149.771,149.96,149.727,149.828,5361
2024-02-15T14:00:00.000Z,149.827,150.049,149.827,149.969,4393
2024-02-15T14:15:00.000Z,149.971,150.05,149.89,149.94,3941
2024-02-15T14:30:00.000Z,149.938,149.971,149.81,149.903,4374
2024-02-15T14:45:00.000Z,149.9,150.068,149.88,149.897,3462
2024-02-15T15:00:00.000Z,149.9,149.937,149.819,149.857,3576
2024-02-15T15:15:00.000Z,149.858,149.883,149.81,149.87,3122
2024-02-15T15:30:00.000Z,149.87,150.136,149.839,150.1,3752
2024-02-15T15:45:00.000Z,150.098,150.101,150,150.054,3422
2024-02-15T16:00:00.000Z,150.055,150.205,150.048,150.201,3637
2024-02-15T16:15:00.000Z,150.2,150.238,150.118,150.234,3035
2024-02-15T16:30:00.000Z,150.235,150.247,150.142,150.19,2479
2024-02-15T16:45:00.000Z,150.189,150.249,150.184,150.196,2883
2024-02-15T17:00:00.000Z,150.195,150.195,150.118,150.191,2847
2024-02-15T17:15:00.000Z,150.195,150.198,150.124,150.15,1895
2024-02-15T17:30:00.000Z,150.154,150.17,150.084,150.087,1634
2024-02-15T17:45:00.000Z,150.087,150.132,150.068,150.092,1840
2024-02-15T18:00:00.000Z,150.092,150.093,149.996,150.022,3003
2024-02-15T18:15:00.000Z,150.023,150.04,149.962,149.999,1974
2024-02-15T18:30:00.000Z,149.999,149.999,149.929,149.931,1720
2024-02-15T18:45:00.000Z,149.931,149.978,149.908,149.924,2235
2024-02-15T19:00:00.000Z,149.922,149.932,149.855,149.913,2028
2024-02-15T19:15:00.000Z,149.914,149.96,149.913,149.95,1330
2024-02-15T19:30:00.000Z,149.949,149.958,149.909,149.936,2058
2024-02-15T19:45:00.000Z,149.937,149.984,149.933,149.958,1984
2024-02-15T20:00:00.000Z,149.956,150.004,149.947,149.996,1503
2024-02-15T20:15:00.000Z,149.998,150.009,149.965,149.97,1647
2024-02-15T20:30:00.000Z,149.97,149.97,149.932,149.946,1782
2024-02-15T20:45:00.000Z,149.947,149.98,149.945,149.953,1969
2024-02-15T21:00:00.000Z,149.954,149.994,149.953,149.96,897
2024-02-15T21:15:00.000Z,149.959,149.983,149.958,149.965,629
2024-02-15T21:30:00.000Z,149.965,149.969,149.927,149.929,431
2024-02-15T21:45:00.000Z,149.928,149.949,149.928,149.931,700
2024-02-15T22:00:00.000Z,149.903,149.918,149.856,149.902,56
2024-02-15T22:15:00.000Z,149.901,149.907,149.899,149.906,28
2024-02-15T22:30:00.000Z,149.908,149.925,149.899,149.901,234
2024-02-15T22:45:00.000Z,149.902,149.91,149.871,149.873,250
2024-02-15T23:00:00.000Z,149.873,149.902,149.848,149.853,840
2024-02-15T23:15:00.000Z,149.853,149.879,149.826,149.846,969
2024-02-15T23:30:00.000Z,149.845,149.93,149.84,149.923,708
2024-02-15T23:45:00.000Z,149.924,149.969,149.889,149.963,811
2024-02-16T00:00:00.000Z,149.958,150.065,149.926,150.06,1682
2024-02-16T00:15:00.000Z,150.059,150.12,150.047,150.085,1928
2024-02-16T00:30:00.000Z,150.086,150.106,150.053,150.09,2017
2024-02-16T00:45:00.000Z,150.089,150.168,150.089,150.157,2049
2024-02-16T01:00:00.000Z,150.157,150.241,150.141,150.151,2338
2024-02-16T01:15:00.000Z,150.153,150.177,150.134,150.142,1898
2024-02-16T01:30:00.000Z,150.141,150.155,150.072,150.087,1989
2024-02-16T01:45:00.000Z,150.088,150.117,150.052,150.06,1534
2024-02-16T02:00:00.000Z,150.062,150.168,150.059,150.137,1863
2024-02-16T02:15:00.000Z,150.139,150.151,150.12,150.139,1558
2024-02-16T02:30:00.000Z,150.14,150.175,150.122,150.171,1579
2024-02-16T02:45:00.000Z,150.172,150.286,150.163,150.282,1988
2024-02-16T03:00:00.000Z,150.283,150.295,150.228,150.246,1192
2024-02-16T03:15:00.000Z,150.253,150.295,150.238,150.251,1178
2024-02-16T03:30:00.000Z,150.251,150.316,150.244,150.313,1481
2024-02-16T03:45:00.000Z,150.314,150.367,150.305,150.312,1635
2024-02-16T04:00:00.000Z,150.311,150.346,150.301,150.334,1692
2024-02-16T04:15:00.000Z,150.334,150.35,150.318,150.324,1104
2024-02-16T04:30:00.000Z,150.325,150.35,150.298,150.304,974
2024-02-16T04:45:00.000Z,150.304,150.304,150.239,150.254,1911
2024-02-16T05:00:00.000Z,150.254,150.282,150.243,150.268,1439
2024-02-16T05:15:00.000Z,150.269,150.293,150.264,150.272,1305
2024-02-16T05:30:00.000Z,150.272,150.275,150.215,150.235,1397
2024-02-16T05:45:00.000Z,150.234,150.245,150.173,150.179,1093
2024-02-16T06:00:00.000Z,150.178,150.271,150.177,150.26,1170
2024-02-16T06:15:00.000Z,150.261,150.29,150.194,150.207,1336
2024-02-16T06:30:00.000Z,150.208,150.293,150.207,150.25,1215
2024-02-16T06:45:00.000Z,150.252,150.252,150.181,150.192,1235
2024-02-16T07:00:00.000Z,150.193,150.256,150.167,150.18,2637
2024-02-16T07:15:00.000Z,150.182,150.214,150.143,150.209,2925
2024-02-16T07:30:00.000Z,150.211,150.214,150.138,150.185,2522
2024-02-16T07:45:00.000Z,150.188,150.273,150.17,150.234,1886
2024-02-16T08:00:00.000Z,150.235,150.302,150.232,150.257,2773
2024-02-16T08:15:00.000Z,150.259,150.273,150.202,150.23,2330
2024-02-16T08:30:00.000Z,150.231,150.267,150.206,150.245,2224
2024-02-16T08:45:00.000Z,150.246,150.257,150.212,150.242,2269
2024-02-16T09:00:00.000Z,150.241,150.256,150.203,150.235,2000
2024-02-16T09:15:00.000Z,150.236,150.266,150.216,150.241,2082
2024-02-16T09:30:00.000Z,150.242,150.286,150.217,150.276,2025
2024-02-16T09:45:00.000Z,150.28,150.296,150.266,150.287,1926
2024-02-16T10:00:00.000Z,150.288,150.307,150.264,150.296,1705
2024-02-16T10:15:00.000Z,150.295,150.302,150.278,150.296,944
2024-02-16T10:30:00.000Z,150.296,150.298,150.267,150.276,1531
2024-02-16T10:45:00.000Z,150.276,150.29,150.25,150.257,1537
2024-02-16T11:00:00.000Z,150.258,150.265,150.194,150.201,1380
2024-02-16T11:15:00.000Z,150.202,150.244,150.185,150.239,1771
2024-02-16T11:30:00.000Z,150.239,150.251,150.142,150.165,1683
2024-02-16T11:45:00.000Z,150.165,150.2,150.146,150.18,1978
2024-02-16T12:00:00.000Z,150.181,150.211,150.164,150.209,1868
2024-02-16T12:15:00.000Z,150.209,150.215,150.174,150.208,2016
2024-02-16T12:30:00.000Z,150.208,150.248,150.187,150.239,1895
2024-02-16T12:45:00.000Z,150.24,150.297,150.232,150.292,2035
2024-02-16T13:00:00.000Z,150.291,150.337,150.284,150.32,2570
2024-02-16T13:15:00.000Z,150.324,150.375,150.319,150.324,2501
2024-02-16T13:30:00.000Z,150.322,150.647,150.322,150.583,5521
2024-02-16T13:45:00.000Z,150.582,150.6,150.419,150.52,4844
2024-02-16T14:00:00.000Z,150.519,150.588,150.447,150.576,3994
2024-02-16T14:15:00.000Z,150.574,150.637,150.566,150.572,3364
2024-02-16T14:30:00.000Z,150.572,150.614,150.453,150.478,3552
2024-02-16T14:45:00.000Z,150.478,150.526,150.452,150.452,3109
2024-02-16T15:00:00.000Z,150.487,150.499,150.303,150.317,4094
2024-02-16T15:15:00.000Z,150.316,150.356,150.282,150.327,3426
2024-02-16T15:30:00.000Z,150.328,150.363,150.143,150.182,3375
2024-02-16T15:45:00.000Z,150.184,150.246,150.113,150.242,3321
2024-02-16T16:00:00.000Z,150.241,150.301,150.21,150.29,3215
2024-02-16T16:15:00.000Z,150.289,150.3,150.245,150.283,2374
2024-02-16T16:30:00.000Z,150.281,150.309,150.245,150.268,2604
2024-02-16T16:45:00.000Z,150.269,150.367,150.266,150.344,2222
2024-02-16T17:00:00.000Z,150.345,150.359,150.329,150.339,1723
2024-02-16T17:15:00.000Z,150.338,150.396,150.333,150.373,1581
2024-02-16T17:30:00.000Z,150.373,150.383,150.306,150.307,1785
2024-02-16T17:45:00.000Z,150.306,150.314,150.221,150.226,1979
2024-02-16T18:00:00.000Z,150.226,150.226,150.145,150.186,2044
2024-02-16T18:15:00.000Z,150.185,150.234,150.179,150.232,1531
2024-02-16T18:30:00.000Z,150.233,150.249,150.168,150.184,1703
2024-02-16T18:45:00.000Z,150.183,150.194,150.117,150.144,1634
2024-02-16T19:00:00.000Z,150.145,150.148,150.086,150.111,1687
2024-02-16T19:15:00.000Z,150.112,150.145,150.098,150.126,1591
2024-02-16T19:30:00.000Z,150.124,150.179,150.118,150.167,1721
2024-02-16T19:45:00.000Z,150.166,150.233,150.165,150.233,2500
2024-02-16T20:00:00.000Z,150.232,150.268,150.23,150.267,1058
2024-02-16T20:15:00.000Z,150.264,150.287,150.245,150.257,995
2024-02-16T20:30:00.000Z,150.258,150.272,150.217,150.23,1016
2024-02-16T20:45:00.000Z,150.229,150.251,150.208,150.243,1281
2024-02-16T21:00:00.000Z,150.242,150.242,150.189,150.198,717
2024-02-16T21:15:00.000Z,150.199,150.208,150.172,150.172,667
2024-02-16T21:30:00.000Z,150.18,150.192,150.165,150.18,747
2024-02-16T21:45:00.000Z,150.179,150.191,150.17,150.178,485
2024-02-18T22:00:00.000Z,150.073,150.18,150.042,150.151,54
2024-02-18T22:15:00.000Z,150.151,150.166,150.065,150.081,86
2024-02-18T22:30:00.000Z,150.094,150.118,150.067,150.115,42
2024-02-18T22:45:00.000Z,150.117,150.134,150.102,150.107,310
2024-02-18T23:00:00.000Z,150.121,150.124,150.038,150.087,1042
2024-02-18T23:15:00.000Z,150.087,150.118,150.066,150.104,1039
2024-02-18T23:30:00.000Z,150.104,150.122,150.079,150.098,1022
2024-02-18T23:45:00.000Z,150.096,150.152,150.062,150.152,776
2024-02-19T00:00:00.000Z,150.148,150.148,150.031,150.048,1942
2024-02-19T00:15:00.000Z,150.046,150.056,149.953,150.016,1440
2024-02-19T00:30:00.000Z,150.015,150.015,149.958,150.009,1183
2024-02-19T00:45:00.000Z,150.008,150.008,149.923,149.938,1836
2024-02-19T01:00:00.000Z,149.941,149.957,149.904,149.907,2054
2024-02-19T01:15:00.000Z,149.908,149.938,149.874,149.936,2174
2024-02-19T01:30:00.000Z,149.937,150.004,149.921,149.939,1735
2024-02-19T01:45:00.000Z,149.938,149.988,149.927,149.976,1633
2024-02-19T02:00:00.000Z,149.977,150.006,149.958,149.97,1682
2024-02-19T02:15:00.000Z,149.969,149.991,149.933,149.981,1112
2024-02-19T02:30:00.000Z,149.982,149.986,149.945,149.958,1103
2024-02-19T02:45:00.000Z,149.958,149.964,149.928,149.945,1262
2024-02-19T03:00:00.000Z,149.945,149.955,149.911,149.919,1028
2024-02-19T03:15:00.000Z,149.919,149.945,149.917,149.929,585
2024-02-19T03:30:00.000Z,149.928,149.984,149.925,149.951,1039
2024-02-19T03:45:00.000Z,149.955,149.967,149.927,149.935,1085
2024-02-19T04:00:00.000Z,149.936,149.957,149.93,149.957,672
2024-02-19T04:15:00.000Z,149.96,149.993,149.948,149.984,999
2024-02-19T04:30:00.000Z,149.985,150.005,149.983,149.995,948
2024-02-19T04:45:00.000Z,149.994,150.041,149.984,150.028,1144
2024-02-19T05:00:00.000Z,150.028,150.028,149.998,150.006,772
2024-02-19T05:15:00.000Z,150.005,150.006,149.954,149.957,1047
2024-02-19T05:30:00.000Z,149.958,149.989,149.948,149.988,1148
2024-02-19T05:45:00.000Z,149.988,150.011,149.967,150.009,1242
2024-02-19T06:00:00.000Z,150.01,150.032,150.001,150.007,1248
2024-02-19T06:15:00.000Z,150.006,150.033,150.006,150.015,972
2024-02-19T06:30:00.000Z,150.015,150.02,149.978,149.983,1334
2024-02-19T06:45:00.000Z,149.982,149.992,149.957,149.982,1469
2024-02-19T07:00:00.000Z,149.982,150.005,149.936,149.953,1705
2024-02-19T07:15:00.000Z,149.954,149.966,149.937,149.949,1379
2024-02-19T07:30:00.000Z,149.948,149.967,149.94,149.949,1303
2024-02-19T07:45:00.000Z,149.949,149.998,149.948,149.979,1578
2024-02-19T08:00:00.000Z,149.976,150.005,149.941,149.951,2269
2024-02-19T08:15:00.000Z,149.949,149.957,149.929,149.937,1956
2024-02-19T08:30:00.000Z,149.936,149.969,149.929,149.954,1750
2024-02-19T08:45:00.000Z,149.957,149.963,149.943,149.955,1835
2024-02-19T09:00:00.000Z,149.954,149.965,149.908,149.917,2281
2024-02-19T09:15:00.000Z,149.916,149.929,149.893,149.921,2210
2024-02-19T09:30:00.000Z,149.922,149.929,149.9,149.916,1921
2024-02-19T09:45:00.000Z,149.917,149.949,149.908,149.939,1743
2024-02-19T10:00:00.000Z,149.938,149.976,149.933,149.949,2047
2024-02-19T10:15:00.000Z,149.95,149.971,149.929,149.949,1733
2024-02-19T10:30:00.000Z,149.949,149.985,149.941,149.982,1194
2024-02-19T10:45:00.000Z,149.983,150.001,149.97,149.992,1460
2024-02-19T11:00:00.000Z,149.991,150.001,149.975,149.977,1507
2024-02-19T11:15:00.000Z,149.977,149.994,149.958,149.981,1126
2024-02-19T11:30:00.000Z,149.979,149.98,149.948,149.968,1045
2024-02-19T11:45:00.000Z,149.967,149.992,149.946,149.987,1558
2024-02-19T12:00:00.000Z,149.987,149.996,149.968,149.97,1483
2024-02-19T12:15:00.000Z,149.971,149.982,149.948,149.975,1555
2024-02-19T12:30:00.000Z,149.975,149.993,149.962,149.965,1379
2024-02-19T12:45:00.000Z,149.965,150.026,149.963,150.026,1472
2024-02-19T13:00:00.000Z,150.026,150.03,149.938,149.951,3042
2024-02-19T13:15:00.000Z,149.95,149.984,149.947,149.969,2193
2024-02-19T13:30:00.000Z,149.97,149.989,149.95,149.987,1684
2024-02-19T13:45:00.000Z,149.987,150.026,149.951,149.966,2123
2024-02-19T14:00:00.000Z,149.966,150,149.953,149.978,2027
2024-02-19T14:15:00.000Z,149.979,150.024,149.972,150.011,1832
2024-02-19T14:30:00.000Z,150.012,150.069,150.01,150.031,2008
2024-02-19T14:45:00.000Z,150.032,150.06,150.031,150.044,2214
2024-02-19T15:00:00.000Z,150.044,150.086,150.044,150.083,1843
2024-02-19T15:15:00.000Z,150.084,150.119,150.059,150.116,2350
2024-02-19T15:30:00.000Z,150.115,150.13,150.096,150.11,1575
2024-02-19T15:45:00.000Z,150.111,150.164,150.095,150.162,1894
2024-02-19T16:00:00.000Z,150.163,150.192,150.157,150.184,2169
2024-02-19T16:15:00.000Z,150.184,150.187,150.168,150.171,484
2024-02-19T16:30:00.000Z,150.17,150.172,150.158,150.16,171
2024-02-19T16:45:00.000Z,150.159,150.18,150.157,150.173,530
2024-02-19T17:00:00.000Z,150.172,150.189,150.162,150.183,362
2024-02-19T17:15:00.000Z,150.182,150.189,150.176,150.177,286
2024-02-19T17:30:00.000Z,150.178,150.182,150.151,150.176,283
2024-02-19T17:45:00.000Z,150.175,150.191,150.17,150.19,282
2024-02-19T18:00:00.000Z,150.189,150.19,150.169,150.169,194
2024-02-19T18:15:00.000Z,150.168,150.169,150.155,150.159,152
2024-02-19T18:30:00.000Z,150.16,150.171,150.159,150.161,159
2024-02-19T18:45:00.000Z,150.162,150.168,150.151,150.154,249
2024-02-19T19:00:00.000Z,150.154,150.16,150.131,150.15,302
2024-02-19T19:15:00.000Z,150.149,150.168,150.14,150.156,285
2024-02-19T19:30:00.000Z,150.158,150.169,150.141,150.143,186
2024-02-19T19:45:00.000Z,150.144,150.144,150.132,150.139,207
2024-02-19T20:00:00.000Z,150.138,150.149,150.136,150.136,177
2024-02-19T20:15:00.000Z,150.137,150.14,150.133,150.138,153
2024-02-19T20:30:00.000Z,150.139,150.148,150.137,150.148,187
2024-02-19T20:45:00.000Z,150.148,150.152,150.132,150.136,164
2024-02-19T21:00:00.000Z,150.136,150.15,150.133,150.145,138
2024-02-19T21:15:00.000Z,150.14,150.144,150.124,150.143,180
2024-02-19T21:30:00.000Z,150.144,150.145,150.131,150.143,153
2024-02-19T21:45:00.000Z,150.144,150.144,150.123,150.124,171
2024-02-19T22:00:00.000Z,150.085,150.142,150.063,150.122,52
2024-02-19T22:15:00.000Z,150.118,150.139,150.1,150.134,63
2024-02-19T22:30:00.000Z,150.138,150.142,150.105,150.11,365
2024-02-19T22:45:00.000Z,150.111,150.142,150.098,150.107,249
2024-02-19T23:00:00.000Z,150.11,150.169,150.11,150.164,935
2024-02-19T23:15:00.000Z,150.165,150.195,150.163,150.192,1030
2024-02-19T23:30:00.000Z,150.192,150.275,150.192,150.26,1016
2024-02-19T23:45:00.000Z,150.259,150.303,150.257,150.273,1128
2024-02-20T00:00:00.000Z,150.274,150.274,150.21,150.246,1720
2024-02-20T00:15:00.000Z,150.247,150.285,150.208,150.253,1514
2024-02-20T00:30:00.000Z,150.254,150.334,150.251,150.319,2000
2024-02-20T00:45:00.000Z,150.32,150.328,150.255,150.269,2467
2024-02-20T01:00:00.000Z,150.27,150.347,150.248,150.337,2247
2024-02-20T01:15:00.000Z,150.338,150.346,150.239,150.241,2528
2024-02-20T01:30:00.000Z,150.242,150.276,150.195,150.271,2474
2024-02-20T01:45:00.000Z,150.272,150.276,150.221,150.274,2137
2024-02-20T02:00:00.000Z,150.273,150.347,150.27,150.304,2351
2024-02-20T02:15:00.000Z,150.303,150.369,150.302,150.324,1903
2024-02-20T02:30:00.000Z,150.323,150.339,150.299,150.315,1975
2024-02-20T02:45:00.000Z,150.314,150.357,150.314,150.319,1652
2024-02-20T03:00:00.000Z,150.32,150.341,150.297,150.298,1340
2024-02-20T03:15:00.000Z,150.298,150.325,150.28,150.281,1203
2024-02-20T03:30:00.000Z,150.28,150.355,150.278,150.334,1541
2024-02-20T03:45:00.000Z,150.335,150.349,150.302,150.321,1134
2024-02-20T04:00:00.000Z,150.322,150.333,150.291,150.306,1216
2024-02-20T04:15:00.000Z,150.306,150.319,150.295,150.297,1038
2024-02-20T04:30:00.000Z,150.298,150.338,150.296,150.335,1098
2024-02-20T04:45:00.000Z,150.334,150.341,150.306,150.334,1160
2024-02-20T05:00:00.000Z,150.333,150.363,150.322,150.356,1163
2024-02-20T05:15:00.000Z,150.355,150.403,150.354,150.394,909
2024-02-20T05:30:00.000Z,150.393,150.439,150.388,150.412,1470
2024-02-20T05:45:00.000Z,150.412,150.428,150.388,150.422,1566
2024-02-20T06:00:00.000Z,150.424,150.442,150.376,150.387,1267
2024-02-20T06:15:00.000Z,150.388,150.389,150.349,150.366,1841
2024-02-20T06:30:00.000Z,150.366,150.423,150.366,150.393,2389
2024-02-20T06:45:00.000Z,150.393,150.412,150.362,150.387,1958
2024-02-20T07:00:00.000Z,150.39,150.402,150.366,150.401,1484
2024-02-20T07:15:00.000Z,150.402,150.408,150.339,150.352,2542
2024-02-20T07:30:00.000Z,150.352,150.363,150.297,150.345,2716
2024-02-20T07:45:00.000Z,150.344,150.385,150.303,150.36,2583
2024-02-20T08:00:00.000Z,150.361,150.389,150.343,150.353,2857
2024-02-20T08:15:00.000Z,150.354,150.365,150.307,150.318,2984
2024-02-20T08:30:00.000Z,150.317,150.372,150.314,150.338,2651
2024-02-20T08:45:00.000Z,150.338,150.346,150.277,150.318,2873
2024-02-20T09:00:00.000Z,150.319,150.344,150.282,150.344,2392
2024-02-20T09:15:00.000Z,150.345,150.348,150.288,150.301,2472
2024-02-20T09:30:00.000Z,150.302,150.316,150.251,150.271,2056
2024-02-20T09:45:00.000Z,150.27,150.327,150.269,150.276,2094
2024-02-20T10:00:00.000Z,150.276,150.297,150.258,150.259,2481
2024-02-20T10:15:00.000Z,150.258,150.258,150.182,150.185,2238
2024-02-20T10:30:00.000Z,150.184,150.196,150.131,150.151,2627
2024-02-20T10:45:00.000Z,150.151,150.192,150.115,150.14,2504
2024-02-20T11:00:00.000Z,150.141,150.184,150.108,150.183,2398
2024-02-20T11:15:00.000Z,150.182,150.227,150.178,150.22,2561
2024-02-20T11:30:00.000Z,150.221,150.241,150.198,150.241,2020
2024-02-20T11:45:00.000Z,150.24,150.252,150.205,150.228,2409
2024-02-20T12:00:00.000Z,150.228,150.228,150.181,150.181,2179
2024-02-20T12:15:00.000Z,150.181,150.199,150.088,150.092,2645
2024-02-20T12:30:00.000Z,150.091,150.119,150.06,150.116,2948
2024-02-20T12:45:00.000Z,150.116,150.176,150.115,150.152,2503
2024-02-20T13:00:00.000Z,150.152,150.169,150.1,150.125,3203
2024-02-20T13:15:00.000Z,150.125,150.202,150.093,150.138,2722
2024-02-20T13:30:00.000Z,150.141,150.144,149.959,149.995,4002
2024-02-20T13:45:00.000Z,149.996,150.03,149.93,149.987,3380
2024-02-20T14:00:00.000Z,149.985,150.04,149.943,149.952,2896
2024-02-20T14:15:00.000Z,149.952,149.971,149.805,149.813,2810
2024-02-20T14:30:00.000Z,149.814,149.895,149.779,149.893,2999
2024-02-20T14:45:00.000Z,149.894,149.948,149.794,149.82,3058
2024-02-20T15:00:00.000Z,149.82,149.84,149.684,149.784,3280
2024-02-20T15:15:00.000Z,149.782,149.839,149.718,149.738,2494
2024-02-20T15:30:00.000Z,149.737,149.833,149.707,149.79,3336
2024-02-20T15:45:00.000Z,149.789,149.813,149.75,149.786,3035
2024-02-20T16:00:00.000Z,149.787,149.855,149.742,149.838,2797
2024-02-20T16:15:00.000Z,149.839,149.861,149.811,149.847,2095
2024-02-20T16:30:00.000Z,149.846,149.881,149.815,149.88,1516
2024-02-20T16:45:00.000Z,149.882,149.904,149.855,149.88,1735
2024-02-20T17:00:00.000Z,149.881,149.95,149.849,149.945,1680
2024-02-20T17:15:00.000Z,149.946,149.963,149.921,149.96,1691
2024-02-20T17:30:00.000Z,149.96,149.961,149.897,149.899,1443
2024-02-20T17:45:00.000Z,149.899,149.914,149.886,149.899,1201
2024-02-20T18:00:00.000Z,149.9,149.926,149.884,149.922,1303
2024-02-20T18:15:00.000Z,149.925,150.004,149.925,149.97,1851
2024-02-20T18:30:00.000Z,149.97,150.011,149.963,149.971,2080
2024-02-20T18:45:00.000Z,149.974,149.99,149.939,149.974,1752
2024-02-20T19:00:00.000Z,149.974,150,149.938,149.939,1846
2024-02-20T19:15:00.000Z,149.94,149.961,149.906,149.954,2074
2024-02-20T19:30:00.000Z,149.953,149.97,149.933,149.967,2522
2024-02-20T19:45:00.000Z,149.967,150.029,149.962,150.02,2565
2024-02-20T20:00:00.000Z,150.022,150.073,150.019,150.031,1842
2024-02-20T20:15:00.000Z,150.032,150.036,150.001,150.005,1034
2024-02-20T20:30:00.000Z,150.005,150.009,149.972,149.985,1855
2024-02-20T20:45:00.000Z,149.985,149.999,149.963,149.969,2030
2024-02-20T21:00:00.000Z,149.969,150.045,149.965,150.038,879
2024-02-20T21:15:00.000Z,150.038,150.047,149.997,150.026,913
2024-02-20T21:30:00.000Z,150.025,150.036,150.014,150.021,737
2024-02-20T21:45:00.000Z,150.022,150.026,149.985,149.992,672
2024-02-20T22:00:00.000Z,149.904,149.953,149.879,149.946,30
2024-02-20T22:15:00.000Z,149.946,149.949,149.918,149.947,41
2024-02-20T22:30:00.000Z,149.947,149.957,149.922,149.936,651
2024-02-20T22:45:00.000Z,149.936,149.95,149.921,149.934,1426
2024-02-20T23:00:00.000Z,149.933,149.971,149.914,149.961,886
2024-02-20T23:15:00.000Z,149.961,149.971,149.885,149.891,1039
2024-02-20T23:30:00.000Z,149.894,149.948,149.891,149.933,625
2024-02-20T23:45:00.000Z,149.932,149.975,149.92,149.969,889
2024-02-21T00:00:00.000Z,149.967,150.034,149.929,150.019,1881
2024-02-21T00:15:00.000Z,150.021,150.038,149.958,149.976,1335
2024-02-21T00:30:00.000Z,149.979,150.008,149.935,149.94,1273
2024-02-21T00:45:00.000Z,149.941,150.057,149.935,150.017,2295
2024-02-21T01:00:00.000Z,150.018,150.068,150.012,150.055,1857
2024-02-21T01:15:00.000Z,150.054,150.091,150.035,150.064,1605
2024-02-21T01:30:00.000Z,150.063,150.072,150.035,150.046,1623
2024-02-21T01:45:00.000Z,150.046,150.092,149.992,149.993,1742
2024-02-21T02:00:00.000Z,149.991,150.004,149.944,149.975,1853
2024-02-21T02:15:00.000Z,149.974,150.001,149.953,149.979,1274
2024-02-21T02:30:00.000Z,149.98,149.986,149.938,149.939,1233
2024-02-21T02:45:00.000Z,149.94,149.956,149.903,149.941,1652
2024-02-21T03:00:00.000Z,149.94,149.942,149.908,149.909,1102
2024-02-21T03:15:00.000Z,149.908,149.915,149.878,149.913,1309
2024-02-21T03:30:00.000Z,149.914,149.938,149.89,149.918,1155
2024-02-21T03:45:00.000Z,149.918,149.918,149.853,149.875,1291
2024-02-21T04:00:00.000Z,149.874,149.911,149.869,149.903,1133
2024-02-21T04:15:00.000Z,149.903,149.93,149.895,149.922,767
2024-02-21T04:30:00.000Z,149.92,149.999,149.92,149.991,1039
2024-02-21T04:45:00.000Z,149.992,150.019,149.975,150.007,982
2024-02-21T05:00:00.000Z,150.005,150.025,149.98,150.01,1206
2024-02-21T05:15:00.000Z,150.011,150.041,149.998,150.018,1401
2024-02-21T05:30:00.000Z,150.017,150.02,149.964,149.971,1072
2024-02-21T05:45:00.000Z,149.97,149.989,149.935,149.986,1545
2024-02-21T06:00:00.000Z,149.985,150.014,149.948,150.008,1555
2024-02-21T06:15:00.000Z,150.008,150.029,149.969,150.006,1714
2024-02-21T06:30:00.000Z,150.004,150.059,149.998,150.05,1356
2024-02-21T06:45:00.000Z,150.051,150.078,150.033,150.063,1244
2024-02-21T07:00:00.000Z,150.062,150.104,150.026,150.048,1905
2024-02-21T07:15:00.000Z,150.049,150.076,150.034,150.069,2342
2024-02-21T07:30:00.000Z,150.07,150.103,150.069,150.086,1780
2024-02-21T07:45:00.000Z,150.087,150.152,150.053,150.147,1921
2024-02-21T08:00:00.000Z,150.147,150.17,150.119,150.143,3120
2024-02-21T08:15:00.000Z,150.143,150.189,150.123,150.178,2379
2024-02-21T08:30:00.000Z,150.177,150.185,150.151,150.16,2960
2024-02-21T08:45:00.000Z,150.16,150.182,150.14,150.175,2808
2024-02-21T09:00:00.000Z,150.175,150.181,150.09,150.104,3021
2024-02-21T09:15:00.000Z,150.103,150.107,150.054,150.09,2491
2024-02-21T09:30:00.000Z,150.089,150.102,150.062,150.08,2302
2024-02-21T09:45:00.000Z,150.081,150.101,150.069,150.091,2378
2024-02-21T10:00:00.000Z,150.09,150.098,150.075,150.09,1889
2024-02-21T10:15:00.000Z,150.091,150.103,150.058,150.067,1404
2024-02-21T10:30:00.000Z,150.068,150.075,150.014,150.028,1669
2024-02-21T10:45:00.000Z,150.029,150.032,149.981,149.998,1937
2024-02-21T11:00:00.000Z,149.997,150.021,149.986,150.018,1859
2024-02-21T11:15:00.000Z,150.019,150.045,150.008,150.039,1610
2024-02-21T11:30:00.000Z,150.039,150.065,150.037,150.056,1941
2024-02-21T11:45:00.000Z,150.057,150.074,150.041,150.071,1376
2024-02-21T12:00:00.000Z,150.07,150.095,149.96,149.961,2373
2024-02-21T12:15:00.000Z,149.962,149.997,149.932,149.996,2844
2024-02-21T12:30:00.000Z,149.996,150.018,149.984,149.99,2155
2024-02-21T12:45:00.000Z,149.99,150.037,149.971,150.019,2161
2024-02-21T13:00:00.000Z,150.017,150.028,149.943,149.958,2862
2024-02-21T13:15:00.000Z,149.96,150.06,149.938,150.029,2760
2024-02-21T13:30:00.000Z,150.031,150.06,149.961,149.992,2657
2024-02-21T13:45:00.000Z,149.993,150.086,149.982,150.079,2523
2024-02-21T14:00:00.000Z,150.081,150.088,149.991,150.01,2207
2024-02-21T14:15:00.000Z,150.012,150.085,150.006,150.073,2291
2024-02-21T14:30:00.000Z,150.076,150.109,150.05,150.072,2848
2024-02-21T14:45:00.000Z,150.072,150.142,150.053,150.105,2799
2024-02-21T15:00:00.000Z,150.108,150.136,150.053,150.056,2817
2024-02-21T15:15:00.000Z,150.055,150.158,150.041,150.142,2789
2024-02-21T15:30:00.000Z,150.143,150.26,150.143,150.25,2575
2024-02-21T15:45:00.000Z,150.25,150.264,150.214,150.249,2074
2024-02-21T16:00:00.000Z,150.25,150.299,150.244,150.25,2512
2024-02-21T16:15:00.000Z,150.248,150.285,150.228,150.243,2077
2024-02-21T16:30:00.000Z,150.242,150.298,150.232,150.275,2128
2024-02-21T16:45:00.000Z,150.276,150.298,150.248,150.29,1770
2024-02-21T17:00:00.000Z,150.291,150.335,150.289,150.33,1930
2024-02-21T17:15:00.000Z,150.329,150.349,150.305,150.33,1406
2024-02-21T17:30:00.000Z,150.328,150.389,150.319,150.357,1360
2024-02-21T17:45:00.000Z,150.358,150.359,150.278,150.306,1427
2024-02-21T18:00:00.000Z,150.307,150.391,150.3,150.348,3150
2024-02-21T18:15:00.000Z,150.348,150.35,150.289,150.307,1765
2024-02-21T18:30:00.000Z,150.308,150.332,150.289,150.299,1335
2024-02-21T18:45:00.000Z,150.299,150.307,150.249,150.274,1752
2024-02-21T19:00:00.000Z,150.272,150.393,150.131,150.199,3631
2024-02-21T19:15:00.000Z,150.198,150.246,150.163,150.194,2742
2024-02-21T19:30:00.000Z,150.193,150.227,150.168,150.225,2322
2024-02-21T19:45:00.000Z,150.225,150.246,150.181,150.198,2409
2024-02-21T20:00:00.000Z,150.197,150.218,150.176,150.197,2089
2024-02-21T20:15:00.000Z,150.197,150.239,150.192,150.21,1723
2024-02-21T20:30:00.000Z,150.21,150.21,150.175,150.182,2107
2024-02-21T20:45:00.000Z,150.181,150.215,150.174,150.197,2268
2024-02-21T21:00:00.000Z,150.197,150.255,150.19,150.245,1138
2024-02-21T21:15:00.000Z,150.245,150.271,150.218,150.267,1313
2024-02-21T21:30:00.000Z,150.267,150.284,150.244,150.249,998
2024-02-21T21:45:00.000Z,150.246,150.297,150.244,150.283,1037
2024-02-21T22:00:00.000Z,150.302,150.302,150.209,150.268,88
2024-02-21T22:15:00.000Z,150.273,150.32,150.268,150.271,108
2024-02-21T22:30:00.000Z,150.27,150.348,150.268,150.291,395
2024-02-21T22:45:00.000Z,150.297,150.321,150.291,150.304,120
2024-02-21T23:00:00.000Z,150.306,150.35,150.269,150.35,697
2024-02-21T23:15:00.000Z,150.347,150.366,150.331,150.334,1223
2024-02-21T23:30:00.000Z,150.333,150.361,150.329,150.343,951
2024-02-21T23:45:00.000Z,150.344,150.384,150.335,150.343,1187
2024-02-22T00:00:00.000Z,150.34,150.438,150.34,150.386,2349
2024-02-22T00:15:00.000Z,150.387,150.431,150.381,150.411,1949
2024-02-22T00:30:00.000Z,150.41,150.414,150.361,150.38,1709
2024-02-22T00:45:00.000Z,150.381,150.417,150.344,150.393,2466
2024-02-22T01:00:00.000Z,150.393,150.464,150.369,150.424,2107
2024-02-22T01:15:00.000Z,150.424,150.425,150.351,150.357,2546
2024-02-22T01:30:00.000Z,150.356,150.363,150.321,150.324,2226
2024-02-22T01:45:00.000Z,150.323,150.342,150.297,150.315,1989
2024-02-22T02:00:00.000Z,150.314,150.36,150.307,150.352,1790
2024-02-22T02:15:00.000Z,150.353,150.377,150.34,150.377,1901
2024-02-22T02:30:00.000Z,150.376,150.417,150.373,150.4,1615
2024-02-22T02:45:00.000Z,150.401,150.41,150.382,150.407,1481
2024-02-22T03:00:00.000Z,150.405,150.409,150.38,150.385,1476
2024-02-22T03:15:00.000Z,150.384,150.399,150.37,150.374,1220
2024-02-22T03:30:00.000Z,150.374,150.433,150.37,150.418,1200
2024-02-22T03:45:00.000Z,150.419,150.44,150.413,150.428,1083
2024-02-22T04:00:00.000Z,150.429,150.452,150.391,150.398,1093
2024-02-22T04:15:00.000Z,150.399,150.41,150.298,150.308,2148
2024-02-22T04:30:00.000Z,150.307,150.342,150.284,150.296,1854
2024-02-22T04:45:00.000Z,150.295,150.311,150.233,150.289,1562
2024-02-22T05:00:00.000Z,150.289,150.301,150.24,150.264,1715
2024-02-22T05:15:00.000Z,150.264,150.296,150.255,150.287,1583
2024-02-22T05:30:00.000Z,150.288,150.3,150.249,150.258,1152
2024-02-22T05:45:00.000Z,150.259,150.285,150.226,150.284,1809
2024-02-22T06:00:00.000Z,150.282,150.296,150.258,150.27,1962
2024-02-22T06:15:00.000Z,150.271,150.273,150.206,150.218,1471
2024-02-22T06:30:00.000Z,150.218,150.247,150.205,150.231,1697
2024-02-22T06:45:00.000Z,150.232,150.246,150.211,150.232,1424
2024-02-22T07:00:00.000Z,150.233,150.266,150.151,150.173,3001
2024-02-22T07:15:00.000Z,150.173,150.217,150.148,150.151,2271
2024-02-22T07:30:00.000Z,150.15,150.17,150.085,150.109,2722
2024-02-22T07:45:00.000Z,150.11,150.142,150.105,150.136,2270
2024-02-22T08:00:00.000Z,150.134,150.167,150.017,150.052,3013
2024-02-22T08:15:00.000Z,150.05,150.168,150.026,150.139,3411
2024-02-22T08:30:00.000Z,150.138,150.245,150.065,150.238,4049
2024-02-22T08:45:00.000Z,150.237,150.241,150.15,150.166,2923
2024-02-22T09:00:00.000Z,150.167,150.281,150.167,150.201,2988
2024-02-22T09:15:00.000Z,150.201,150.257,150.194,150.25,2303
2024-02-22T09:30:00.000Z,150.244,150.292,150.149,150.165,3034
2024-02-22T09:45:00.000Z,150.164,150.187,150.127,150.176,2483
2024-02-22T10:00:00.000Z,150.179,150.195,150.12,150.147,1854
2024-02-22T10:15:00.000Z,150.148,150.202,150.148,150.166,2222
2024-02-22T10:30:00.000Z,150.169,150.188,150.139,150.155,2189
2024-02-22T10:45:00.000Z,150.156,150.182,150.146,150.162,1707
2024-02-22T11:00:00.000Z,150.162,150.236,150.147,150.235,1887
2024-02-22T11:15:00.000Z,150.236,150.254,150.207,150.248,1971
2024-02-22T11:30:00.000Z,150.249,150.251,150.207,150.222,2131
2024-02-22T11:45:00.000Z,150.221,150.234,150.204,150.22,1705
2024-02-22T12:00:00.000Z,150.219,150.281,150.206,150.265,1634
2024-02-22T12:15:00.000Z,150.265,150.294,150.249,150.286,2088
2024-02-22T12:30:00.000Z,150.287,150.388,150.276,150.374,2186
2024-02-22T12:45:00.000Z,150.376,150.413,150.364,150.406,1663
2024-02-22T13:00:00.000Z,150.407,150.434,150.372,150.428,2492
2024-02-22T13:15:00.000Z,150.429,150.47,150.407,150.449,2971
2024-02-22T13:30:00.000Z,150.443,150.597,150.441,150.464,4873
2024-02-22T13:45:00.000Z,150.465,150.586,150.427,150.567,4361
2024-02-22T14:00:00.000Z,150.566,150.596,150.502,150.539,3515
2024-02-22T14:15:00.000Z,150.54,150.601,150.483,150.553,3368
2024-02-22T14:30:00.000Z,150.554,150.645,150.531,150.619,4001
2024-02-22T14:45:00.000Z,150.618,150.618,150.401,150.428,4866
2024-02-22T15:00:00.000Z,150.429,150.598,150.426,150.493,4549
2024-02-22T15:15:00.000Z,150.494,150.568,150.475,150.551,4015
2024-02-22T15:30:00.000Z,150.552,150.565,150.436,150.481,3020
2024-02-22T15:45:00.000Z,150.481,150.511,150.442,150.506,3384
2024-02-22T16:00:00.000Z,150.506,150.542,150.48,150.519,2989
2024-02-22T16:15:00.000Z,150.518,150.548,150.509,150.539,2588
2024-02-22T16:30:00.000Z,150.538,150.597,150.532,150.575,1958
2024-02-22T16:45:00.000Z,150.574,150.641,150.57,150.627,2399
2024-02-22T17:00:00.000Z,150.628,150.689,150.614,150.651,2054
2024-02-22T17:15:00.000Z,150.65,150.656,150.598,150.611,1881
2024-02-22T17:30:00.000Z,150.61,150.613,150.56,150.562,1740
2024-02-22T17:45:00.000Z,150.563,150.628,150.554,150.608,2435
2024-02-22T18:00:00.000Z,150.607,150.642,150.587,150.639,2772
2024-02-22T18:15:00.000Z,150.639,150.652,150.586,150.586,1904
2024-02-22T18:30:00.000Z,150.587,150.596,150.48,150.483,1939
2024-02-22T18:45:00.000Z,150.483,150.552,150.483,150.542,2768
2024-02-22T19:00:00.000Z,150.543,150.568,150.497,150.527,2365
2024-02-22T19:15:00.000Z,150.528,150.566,150.527,150.552,2039
2024-02-22T19:30:00.000Z,150.55,150.582,150.539,150.568,1809
2024-02-22T19:45:00.000Z,150.567,150.568,150.543,150.551,1842
2024-02-22T20:00:00.000Z,150.551,150.555,150.518,150.541,2088
2024-02-22T20:15:00.000Z,150.542,150.557,150.502,150.531,2071
2024-02-22T20:30:00.000Z,150.531,150.57,150.509,150.55,2407
2024-02-22T20:45:00.000Z,150.551,150.562,150.495,150.503,1965
2024-02-22T21:00:00.000Z,150.504,150.531,150.502,150.516,1071
2024-02-22T21:15:00.000Z,150.516,150.525,150.503,150.51,852
2024-02-22T21:30:00.000Z,150.509,150.565,150.506,150.536,766
2024-02-22T21:45:00.000Z,150.535,150.557,150.52,150.534,1483
2024-02-22T22:00:00.000Z,150.526,150.528,150.466,150.528,107
2024-02-22T22:15:00.000Z,150.527,150.538,150.493,150.493,65
2024-02-22T22:30:00.000Z,150.493,150.508,150.488,150.508,134
2024-02-22T22:45:00.000Z,150.502,150.514,150.5,150.503,362
2024-02-22T23:00:00.000Z,150.504,150.506,150.452,150.452,582
2024-02-22T23:15:00.000Z,150.451,150.469,150.448,150.469,516
2024-02-22T23:30:00.000Z,150.468,150.473,150.452,150.462,555
2024-02-22T23:45:00.000Z,150.461,150.487,150.458,150.477,415
2024-02-23T00:00:00.000Z,150.47,150.48,150.401,150.411,1283
2024-02-23T00:15:00.000Z,150.413,150.426,150.393,150.413,899
2024-02-23T00:30:00.000Z,150.412,150.561,150.393,150.479,2139
2024-02-23T00:45:00.000Z,150.479,150.545,150.419,150.443,1802
2024-02-23T01:00:00.000Z,150.443,150.444,150.373,150.413,2201
2024-02-23T01:15:00.000Z,150.413,150.453,150.404,150.441,1552
2024-02-23T01:30:00.000Z,150.441,150.484,150.423,150.424,1797
2024-02-23T01:45:00.000Z,150.423,150.484,150.412,150.459,1464
2024-02-23T02:00:00.000Z,150.457,150.474,150.442,150.448,1152
2024-02-23T02:15:00.000Z,150.45,150.465,150.421,150.448,1495
2024-02-23T02:30:00.000Z,150.446,150.466,150.427,150.428,1404
2024-02-23T02:45:00.000Z,150.432,150.495,150.428,150.492,1284
2024-02-23T03:00:00.000Z,150.493,150.509,150.473,150.484,981
2024-02-23T03:15:00.000Z,150.482,150.507,150.467,150.491,931
2024-02-23T03:30:00.000Z,150.492,150.503,150.486,150.497,779
2024-02-23T03:45:00.000Z,150.499,150.506,150.481,150.483,792
2024-02-23T04:00:00.000Z,150.483,150.49,150.458,150.486,706
2024-02-23T04:15:00.000Z,150.488,150.492,150.465,150.486,639
2024-02-23T04:30:00.000Z,150.486,150.52,150.484,150.519,459
2024-02-23T04:45:00.000Z,150.519,150.535,150.517,150.532,435
2024-02-23T05:00:00.000Z,150.531,150.553,150.529,150.538,579
2024-02-23T05:15:00.000Z,150.536,150.591,150.535,150.588,1065
2024-02-23T05:30:00.000Z,150.587,150.603,150.572,150.592,943
2024-02-23T05:45:00.000Z,150.593,150.606,150.579,150.606,1022
2024-02-23T06:00:00.000Z,150.606,150.635,150.603,150.62,1119
2024-02-23T06:15:00.000Z,150.619,150.652,150.607,150.629,1173
2024-02-23T06:30:00.000Z,150.628,150.651,150.619,150.633,818
2024-02-23T06:45:00.000Z,150.634,150.634,150.559,150.58,1339
2024-02-23T07:00:00.000Z,150.581,150.61,150.569,150.584,2887
2024-02-23T07:15:00.000Z,150.584,150.587,150.538,150.546,1913
2024-02-23T07:30:00.000Z,150.547,150.592,150.535,150.558,1956
2024-02-23T07:45:00.000Z,150.559,150.566,150.524,150.557,2819
2024-02-23T08:00:00.000Z,150.558,150.604,150.526,150.591,3652
2024-02-23T08:15:00.000Z,150.592,150.642,150.587,150.639,2816
2024-02-23T08:30:00.000Z,150.639,150.672,150.619,150.655,2563
2024-02-23T08:45:00.000Z,150.656,150.674,150.626,150.629,2493
2024-02-23T09:00:00.000Z,150.628,150.735,150.628,150.716,3121
2024-02-23T09:15:00.000Z,150.716,150.758,150.714,150.757,2063
2024-02-23T09:30:00.000Z,150.758,150.762,150.748,150.751,1767
2024-02-23T09:45:00.000Z,150.752,150.761,150.729,150.747,2212
2024-02-23T10:00:00.000Z,150.748,150.755,150.711,150.75,2460
2024-02-23T10:15:00.000Z,150.75,150.769,150.744,150.745,2500
2024-02-23T10:30:00.000Z,150.746,150.757,150.726,150.757,2655
2024-02-23T10:45:00.000Z,150.757,150.757,150.698,150.729,2878
2024-02-23T11:00:00.000Z,150.732,150.748,150.705,150.716,1722
2024-02-23T11:15:00.000Z,150.717,150.72,150.668,150.681,2218
2024-02-23T11:30:00.000Z,150.68,150.687,150.652,150.663,2205
2024-02-23T11:45:00.000Z,150.663,150.679,150.652,150.657,2075
2024-02-23T12:00:00.000Z,150.656,150.656,150.606,150.627,2691
2024-02-23T12:15:00.000Z,150.628,150.63,150.524,150.531,2610
2024-02-23T12:30:00.000Z,150.532,150.535,150.453,150.476,2870
2024-02-23T12:45:00.000Z,150.475,150.48,150.399,150.418,2279
2024-02-23T13:00:00.000Z,150.417,150.466,150.341,150.351,2913
2024-02-23T13:15:00.000Z,150.35,150.465,150.333,150.452,3060
2024-02-23T13:30:00.000Z,150.453,150.488,150.365,150.427,3153
2024-02-23T13:45:00.000Z,150.427,150.493,150.415,150.477,2802
2024-02-23T14:00:00.000Z,150.478,150.495,150.421,150.492,3009
2024-02-23T14:15:00.000Z,150.489,150.5,150.441,150.447,2167
2024-02-23T14:30:00.000Z,150.448,150.452,150.379,150.394,3206
2024-02-23T14:45:00.000Z,150.394,150.427,150.318,150.356,3173
2024-02-23T15:00:00.000Z,150.355,150.477,150.347,150.443,3819
2024-02-23T15:15:00.000Z,150.442,150.532,150.427,150.496,3125
2024-02-23T15:30:00.000Z,150.496,150.55,150.48,150.543,2687
2024-02-23T15:45:00.000Z,150.544,150.557,150.503,150.53,3051
2024-02-23T16:00:00.000Z,150.529,150.539,150.476,150.485,3084
2024-02-23T16:15:00.000Z,150.483,150.492,150.348,150.349,3081
2024-02-23T16:30:00.000Z,150.349,150.401,150.32,150.355,3182
2024-02-23T16:45:00.000Z,150.354,150.376,150.292,150.361,2674
2024-02-23T17:00:00.000Z,150.363,150.379,150.318,150.343,1938
2024-02-23T17:15:00.000Z,150.342,150.424,150.335,150.41,2253
2024-02-23T17:30:00.000Z,150.409,150.41,150.363,150.386,1616
2024-02-23T17:45:00.000Z,150.387,150.417,150.374,150.412,1871
2024-02-23T18:00:00.000Z,150.412,150.413,150.394,150.395,1577
2024-02-23T18:15:00.000Z,150.396,150.42,150.362,150.369,1791
2024-02-23T18:30:00.000Z,150.37,150.4,150.369,150.38,1481
2024-02-23T18:45:00.000Z,150.38,150.392,150.346,150.375,1401
2024-02-23T19:00:00.000Z,150.376,150.392,150.355,150.379,1387
2024-02-23T19:15:00.000Z,150.378,150.414,150.377,150.411,1165
2024-02-23T19:30:00.000Z,150.411,150.455,150.411,150.436,1262
2024-02-23T19:45:00.000Z,150.437,150.464,150.432,150.459,1152
2024-02-23T20:00:00.000Z,150.458,150.501,150.444,150.488,1213
2024-02-23T20:15:00.000Z,150.487,150.51,150.471,150.473,904
2024-02-23T20:30:00.000Z,150.472,150.506,150.47,150.5,1044
2024-02-23T20:45:00.000Z,150.499,150.508,150.481,150.497,1558
2024-02-23T21:00:00.000Z,150.496,150.51,150.484,150.484,559
2024-02-23T21:15:00.000Z,150.485,150.498,150.462,150.482,565
2024-02-23T21:30:00.000Z,150.481,150.522,150.476,150.511,543
2024-02-23T21:45:00.000Z,150.512,150.543,150.51,150.537,864
2024-02-25T22:00:00.000Z,150.466,150.488,150.349,150.406,12
2024-02-25T22:15:00.000Z,150.393,150.423,150.393,150.423,27
2024-02-25T22:30:00.000Z,150.422,150.436,150.409,150.433,66
2024-02-25T22:45:00.000Z,150.433,150.449,150.32,150.405,387
2024-02-25T23:00:00.000Z,150.409,150.562,150.405,150.512,888
2024-02-25T23:15:00.000Z,150.509,150.524,150.456,150.499,1541
2024-02-25T23:30:00.000Z,150.501,150.538,150.482,150.492,1056
2024-02-25T23:45:00.000Z,150.491,150.516,150.484,150.501,757
2024-02-26T00:00:00.000Z,150.5,150.5,150.41,150.436,2115
2024-02-26T00:15:00.000Z,150.438,150.442,150.387,150.433,1384
2024-02-26T00:30:00.000Z,150.435,150.463,150.399,150.414,1718
2024-02-26T00:45:00.000Z,150.414,150.417,150.298,150.369,2578
2024-02-26T01:00:00.000Z,150.37,150.391,150.33,150.349,2406
2024-02-26T01:15:00.000Z,150.35,150.366,150.292,150.342,2440
2024-02-26T01:30:00.000Z,150.345,150.376,150.335,150.34,1862
2024-02-26T01:45:00.000Z,150.339,150.434,150.336,150.425,1563
2024-02-26T02:00:00.000Z,150.426,150.483,150.425,150.442,2174
2024-02-26T02:15:00.000Z,150.443,150.464,150.43,150.453,1906
2024-02-26T02:30:00.000Z,150.452,150.487,150.449,150.48,1208
2024-02-26T02:45:00.000Z,150.479,150.494,150.46,150.494,1173
2024-02-26T03:00:00.000Z,150.494,150.497,150.47,150.496,1125
2024-02-26T03:15:00.000Z,150.496,150.497,150.456,150.459,772
2024-02-26T03:30:00.000Z,150.46,150.487,150.455,150.484,1048
2024-02-26T03:45:00.000Z,150.482,150.493,150.467,150.478,1099
2024-02-26T04:00:00.000Z,150.478,150.486,150.446,150.457,1059
2024-02-26T04:15:00.000Z,150.456,150.465,150.44,150.457,964
2024-02-26T04:30:00.000Z,150.458,150.517,150.454,150.514,1346
2024-02-26T04:45:00.000Z,150.513,150.52,150.489,150.501,1110
2024-02-26T05:00:00.000Z,150.501,150.507,150.456,150.464,1340
2024-02-26T05:15:00.000Z,150.465,150.47,150.394,150.411,1296
2024-02-26T05:30:00.000Z,150.412,150.444,150.405,150.415,1338
2024-02-26T05:45:00.000Z,150.415,150.435,150.367,150.434,1521
2024-02-26T06:00:00.000Z,150.434,150.49,150.426,150.478,1499
2024-02-26T06:15:00.000Z,150.479,150.49,150.427,150.432,1750
2024-02-26T06:30:00.000Z,150.434,150.455,150.389,150.394,1992
2024-02-26T06:45:00.000Z,150.393,150.431,150.381,150.417,2306
2024-02-26T07:00:00.000Z,150.417,150.442,150.367,150.372,2188
2024-02-26T07:15:00.000Z,150.372,150.42,150.371,150.398,1666
2024-02-26T07:30:00.000Z,150.397,150.448,150.381,150.437,1705
2024-02-26T07:45:00.000Z,150.437,150.455,150.392,150.454,2272
2024-02-26T08:00:00.000Z,150.453,150.498,150.403,150.44,3148
2024-02-26T08:15:00.000Z,150.439,150.503,150.418,150.483,2100
2024-02-26T08:30:00.000Z,150.483,150.529,150.479,150.52,2069
2024-02-26T08:45:00.000Z,150.52,150.594,150.505,150.585,2182
2024-02-26T09:00:00.000Z,150.585,150.62,150.577,150.616,1865
2024-02-26T09:15:00.000Z,150.617,150.647,150.598,150.634,1567
2024-02-26T09:30:00.000Z,150.635,150.665,150.629,150.653,1542
2024-02-26T09:45:00.000Z,150.652,150.671,150.633,150.638,1420
2024-02-26T10:00:00.000Z,150.639,150.646,150.605,150.607,1369
2024-02-26T10:15:00.000Z,150.608,150.638,150.604,150.617,1021
2024-02-26T10:30:00.000Z,150.618,150.657,150.606,150.607,1432
2024-02-26T10:45:00.000Z,150.606,150.646,150.592,150.631,1189
2024-02-26T11:00:00.000Z,150.632,150.657,150.609,150.619,1176
2024-02-26T11:15:00.000Z,150.618,150.625,150.598,150.601,1229
2024-02-26T11:30:00.000Z,150.602,150.622,150.594,150.619,1167
2024-02-26T11:45:00.000Z,150.62,150.699,150.619,150.689,1203
2024-02-26T12:00:00.000Z,150.688,150.689,150.582,150.608,1333
2024-02-26T12:15:00.000Z,150.607,150.61,150.526,150.568,1903
2024-02-26T12:30:00.000Z,150.567,150.581,150.534,150.564,1917
2024-02-26T12:45:00.000Z,150.565,150.616,150.539,150.61,1915
2024-02-26T13:00:00.000Z,150.613,150.619,150.53,150.566,2772
2024-02-26T13:15:00.000Z,150.565,150.651,150.564,150.632,3050
2024-02-26T13:30:00.000Z,150.632,150.64,150.561,150.579,3099
2024-02-26T13:45:00.000Z,150.578,150.652,150.578,150.647,2943
2024-02-26T14:00:00.000Z,150.647,150.745,150.622,150.734,2889
2024-02-26T14:15:00.000Z,150.736,150.741,150.694,150.721,2718
2024-02-26T14:30:00.000Z,150.721,150.736,150.703,150.704,2721
2024-02-26T14:45:00.000Z,150.703,150.745,150.679,150.706,2805
2024-02-26T15:00:00.000Z,150.705,150.81,150.685,150.789,3129
2024-02-26T15:15:00.000Z,150.79,150.804,150.755,150.758,2783
2024-02-26T15:30:00.000Z,150.757,150.776,150.68,150.692,2528
2024-02-26T15:45:00.000Z,150.691,150.75,150.667,150.748,2819
2024-02-26T16:00:00.000Z,150.748,150.801,150.738,150.795,3418
2024-02-26T16:15:00.000Z,150.796,150.803,150.767,150.789,2542
2024-02-26T16:30:00.000Z,150.788,150.819,150.772,150.81,2537
2024-02-26T16:45:00.000Z,150.811,150.816,150.78,150.794,2080
2024-02-26T17:00:00.000Z,150.795,150.84,150.782,150.833,2244
2024-02-26T17:15:00.000Z,150.834,150.834,150.772,150.776,1835
2024-02-26T17:30:00.000Z,150.777,150.786,150.751,150.757,1504
2024-02-26T17:45:00.000Z,150.756,150.773,150.722,150.771,2876
2024-02-26T18:00:00.000Z,150.771,150.806,150.758,150.783,3388
2024-02-26T18:15:00.000Z,150.782,150.811,150.781,150.79,1980
2024-02-26T18:30:00.000Z,150.791,150.818,150.788,150.799,1610
2024-02-26T18:45:00.000Z,150.8,150.802,150.775,150.782,1615
2024-02-26T19:00:00.000Z,150.781,150.781,150.731,150.753,1856
2024-02-26T19:15:00.000Z,150.753,150.774,150.75,150.771,2382
2024-02-26T19:30:00.000Z,150.771,150.793,150.767,150.791,2936
2024-02-26T19:45:00.000Z,150.792,150.794,150.749,150.764,2126
2024-02-26T20:00:00.000Z,150.765,150.765,150.707,150.713,2192
2024-02-26T20:15:00.000Z,150.712,150.719,150.681,150.69,1660
2024-02-26T20:30:00.000Z,150.689,150.702,150.677,150.697,1919
2024-02-26T20:45:00.000Z,150.698,150.705,150.673,150.681,2207
2024-02-26T21:00:00.000Z,150.68,150.695,150.679,150.688,615
2024-02-26T21:15:00.000Z,150.687,150.701,150.686,150.689,557
2024-02-26T21:30:00.000Z,150.69,150.724,150.69,150.715,389
2024-02-26T21:45:00.000Z,150.714,150.72,150.702,150.707,656
2024-02-26T22:00:00.000Z,150.678,150.693,150.628,150.689,79
2024-02-26T22:15:00.000Z,150.689,150.689,150.662,150.672,67
2024-02-26T22:30:00.000Z,150.675,150.687,150.641,150.67,331
2024-02-26T22:45:00.000Z,150.669,150.673,150.645,150.646,166
2024-02-26T23:00:00.000Z,150.645,150.698,150.637,150.69,519
2024-02-26T23:15:00.000Z,150.691,150.704,150.668,150.668,551
2024-02-26T23:30:00.000Z,150.668,150.668,150.508,150.553,2004
2024-02-26T23:45:00.000Z,150.551,150.583,150.543,150.575,883
2024-02-27T00:00:00.000Z,150.572,150.583,150.54,150.558,1360
2024-02-27T00:15:00.000Z,150.559,150.589,150.549,150.552,1622
2024-02-27T00:30:00.000Z,150.551,150.57,150.528,150.556,1228
2024-02-27T00:45:00.000Z,150.557,150.611,150.534,150.571,1449
2024-02-27T01:00:00.000Z,150.569,150.576,150.535,150.538,1601
2024-02-27T01:15:00.000Z,150.54,150.564,150.525,150.543,1585
2024-02-27T01:30:00.000Z,150.543,150.547,150.511,150.515,1243
2024-02-27T01:45:00.000Z,150.516,150.53,150.491,150.51,867
2024-02-27T02:00:00.000Z,150.509,150.512,150.463,150.487,1285
2024-02-27T02:15:00.000Z,150.486,150.515,150.483,150.503,1531
2024-02-27T02:30:00.000Z,150.502,150.513,150.473,150.479,1144
2024-02-27T02:45:00.000Z,150.479,150.52,150.471,150.499,1121
2024-02-27T03:00:00.000Z,150.499,150.499,150.472,150.484,942
2024-02-27T03:15:00.000Z,150.485,150.502,150.474,150.491,903
2024-02-27T03:30:00.000Z,150.494,150.502,150.47,150.478,1029
2024-02-27T03:45:00.000Z,150.477,150.484,150.422,150.423,1112
2024-02-27T04:00:00.000Z,150.422,150.443,150.409,150.419,1006
2024-02-27T04:15:00.000Z,150.42,150.438,150.409,150.412,705
2024-02-27T04:30:00.000Z,150.413,150.45,150.408,150.443,802
2024-02-27T04:45:00.000Z,150.442,150.471,150.433,150.457,999
2024-02-27T05:00:00.000Z,150.458,150.463,150.407,150.433,1033
2024-02-27T05:15:00.000Z,150.433,150.469,150.409,150.459,961
2024-02-27T05:30:00.000Z,150.459,150.478,150.456,150.47,983
2024-02-27T05:45:00.000Z,150.469,150.527,150.46,150.52,1302
2024-02-27T06:00:00.000Z,150.518,150.538,150.501,150.515,1428
2024-02-27T06:15:00.000Z,150.514,150.519,150.484,150.485,862
2024-02-27T06:30:00.000Z,150.485,150.508,150.462,150.502,1443
2024-02-27T06:45:00.000Z,150.501,150.517,150.484,150.488,1366
2024-02-27T07:00:00.000Z,150.488,150.505,150.447,150.447,1886
2024-02-27T07:15:00.000Z,150.448,150.464,150.388,150.39,2475
2024-02-27T07:30:00.000Z,150.389,150.414,150.344,150.383,2574
2024-02-27T07:45:00.000Z,150.385,150.401,150.323,150.355,2131
2024-02-27T08:00:00.000Z,150.356,150.362,150.307,150.318,2761
2024-02-27T08:15:00.000Z,150.319,150.323,150.239,150.256,2386
2024-02-27T08:30:00.000Z,150.257,150.257,150.148,150.174,2589
2024-02-27T08:45:00.000Z,150.174,150.216,150.116,150.173,2701
2024-02-27T09:00:00.000Z,150.174,150.212,150.14,150.166,2393
2024-02-27T09:15:00.000Z,150.167,150.228,150.166,150.217,1958
2024-02-27T09:30:00.000Z,150.216,150.246,150.195,150.207,2069
2024-02-27T09:45:00.000Z,150.207,150.268,150.202,150.268,2389
2024-02-27T10:00:00.000Z,150.268,150.29,150.228,150.272,2286
2024-02-27T10:15:00.000Z,150.269,150.296,150.256,150.28,2319
2024-02-27T10:30:00.000Z,150.28,150.288,150.235,150.243,1999
2024-02-27T10:45:00.000Z,150.243,150.279,150.227,150.274,1803
2024-02-27T11:00:00.000Z,150.274,150.347,150.257,150.331,2401
2024-02-27T11:15:00.000Z,150.332,150.373,150.328,150.361,1828
2024-02-27T11:30:00.000Z,150.361,150.377,150.325,150.326,1552
2024-02-27T11:45:00.000Z,150.327,150.328,150.288,150.312,2269
2024-02-27T12:00:00.000Z,150.313,150.314,150.238,150.24,1973
2024-02-27T12:15:00.000Z,150.24,150.257,150.215,150.249,1785
2024-02-27T12:30:00.000Z,150.248,150.274,150.167,150.233,2607
2024-02-27T12:45:00.000Z,150.234,150.235,150.173,150.226,2373
2024-02-27T13:00:00.000Z,150.225,150.236,150.167,150.184,3031
2024-02-27T13:15:00.000Z,150.183,150.26,150.167,150.234,2498
2024-02-27T13:30:00.000Z,150.234,150.314,150.076,150.292,3976
2024-02-27T13:45:00.000Z,150.292,150.313,150.219,150.275,3002
2024-02-27T14:00:00.000Z,150.276,150.356,150.265,150.356,2712
2024-02-27T14:15:00.000Z,150.356,150.397,150.306,150.362,2677
2024-02-27T14:30:00.000Z,150.362,150.433,150.349,150.388,3085
2024-02-27T14:45:00.000Z,150.389,150.443,150.357,150.369,2352
2024-02-27T15:00:00.000Z,150.371,150.385,150.243,150.364,3874
2024-02-27T15:15:00.000Z,150.365,150.487,150.339,150.486,2958
2024-02-27T15:30:00.000Z,150.483,150.55,150.48,150.538,2695
2024-02-27T15:45:00.000Z,150.539,150.544,150.385,150.435,3177
2024-02-27T16:00:00.000Z,150.436,150.454,150.374,150.41,3204
2024-02-27T16:15:00.000Z,150.411,150.455,150.392,150.408,2732
2024-02-27T16:30:00.000Z,150.409,150.492,150.408,150.466,2695
2024-02-27T16:45:00.000Z,150.465,150.484,150.417,150.466,2153
2024-02-27T17:00:00.000Z,150.467,150.532,150.465,150.516,2015
2024-02-27T17:15:00.000Z,150.516,150.537,150.48,150.491,1781
2024-02-27T17:30:00.000Z,150.492,150.513,150.432,150.437,1631
2024-02-27T17:45:00.000Z,150.437,150.452,150.405,150.423,2088
2024-02-27T18:00:00.000Z,150.423,150.45,150.312,150.32,2918
2024-02-27T18:15:00.000Z,150.319,150.355,150.3,150.352,2243
2024-02-27T18:30:00.000Z,150.353,150.424,150.348,150.413,1864
2024-02-27T18:45:00.000Z,150.413,150.481,150.412,150.461,1977
2024-02-27T19:00:00.000Z,150.462,150.542,150.457,150.539,1765
2024-02-27T19:15:00.000Z,150.54,150.579,150.522,150.535,1822
2024-02-27T19:30:00.000Z,150.535,150.556,150.511,150.546,1687
2024-02-27T19:45:00.000Z,150.545,150.583,150.521,150.532,1867
2024-02-27T20:00:00.000Z,150.533,150.537,150.506,150.527,1526
2024-02-27T20:15:00.000Z,150.528,150.534,150.493,150.519,1431
2024-02-27T20:30:00.000Z,150.519,150.521,150.456,150.459,1473
2024-02-27T20:45:00.000Z,150.46,150.501,150.46,150.496,1747
2024-02-27T21:00:00.000Z,150.496,150.51,150.483,150.486,781
2024-02-27T21:15:00.000Z,150.486,150.502,150.483,150.49,638
2024-02-27T21:30:00.000Z,150.49,150.498,150.481,150.488,559
2024-02-27T21:45:00.000Z,150.486,150.533,150.482,150.519,744
2024-02-27T22:00:00.000Z,150.436,150.493,150.43,150.479,43
2024-02-27T22:15:00.000Z,150.479,150.48,150.468,150.475,37
2024-02-27T22:30:00.000Z,150.475,150.485,150.471,150.479,135
2024-02-27T22:45:00.000Z,150.477,150.497,150.474,150.48,394
2024-02-27T23:00:00.000Z,150.473,150.485,150.457,150.467,664
2024-02-27T23:15:00.000Z,150.467,150.484,150.458,150.478,721
2024-02-27T23:30:00.000Z,150.479,150.504,150.473,150.501,479
2024-02-27T23:45:00.000Z,150.501,150.52,150.487,150.515,484
2024-02-28T00:00:00.000Z,150.516,150.538,150.49,150.52,1114
2024-02-28T00:15:00.000Z,150.521,150.53,150.484,150.518,1212
2024-02-28T00:30:00.000Z,150.517,150.528,150.461,150.473,1727
2024-02-28T00:45:00.000Z,150.474,150.482,150.373,150.472,2136
2024-02-28T01:00:00.000Z,150.471,150.495,150.42,150.471,2740
2024-02-28T01:15:00.000Z,150.472,150.473,150.432,150.449,1999
2024-02-28T01:30:00.000Z,150.45,150.458,150.42,150.45,1609
2024-02-28T01:45:00.000Z,150.451,150.462,150.381,150.397,1789
2024-02-28T02:00:00.000Z,150.398,150.429,150.374,150.406,1769
2024-02-28T02:15:00.000Z,150.406,150.424,150.398,150.41,1404
2024-02-28T02:30:00.000Z,150.412,150.427,150.391,150.427,1514
2024-02-28T02:45:00.000Z,150.426,150.476,150.414,150.462,1750
2024-02-28T03:00:00.000Z,150.461,150.476,150.445,150.466,1875
2024-02-28T03:15:00.000Z,150.467,150.498,150.465,150.466,1610
2024-02-28T03:30:00.000Z,150.465,150.51,150.455,150.507,1249
2024-02-28T03:45:00.000Z,150.508,150.541,150.501,150.531,1340
2024-02-28T04:00:00.000Z,150.531,150.578,150.517,150.576,1670
2024-02-28T04:15:00.000Z,150.577,150.584,150.556,150.57,1413
2024-02-28T04:30:00.000Z,150.568,150.64,150.565,150.628,1197
2024-02-28T04:45:00.000Z,150.628,150.64,150.603,150.623,1422
2024-02-28T05:00:00.000Z,150.624,150.636,150.604,150.635,1468
2024-02-28T05:15:00.000Z,150.635,150.639,150.617,150.626,1396
2024-02-28T05:30:00.000Z,150.628,150.639,150.615,150.627,1161
2024-02-28T05:45:00.000Z,150.626,150.635,150.596,150.6,1386
2024-02-28T06:00:00.000Z,150.601,150.623,150.581,150.615,1641
2024-02-28T06:15:00.000Z,150.616,150.624,150.597,150.599,1709
2024-02-28T06:30:00.000Z,150.601,150.629,150.601,150.622,1765
2024-02-28T06:45:00.000Z,150.623,150.686,150.618,150.68,1554
2024-02-28T07:00:00.000Z,150.68,150.692,150.653,150.663,2338
2024-02-28T07:15:00.000Z,150.664,150.726,150.659,150.72,1983
2024-02-28T07:30:00.000Z,150.721,150.752,150.705,150.729,2104
2024-02-28T07:45:00.000Z,150.73,150.747,150.702,150.742,1841
2024-02-28T08:00:00.000Z,150.742,150.789,150.737,150.758,2222
2024-02-28T08:15:00.000Z,150.759,150.776,150.741,150.774,1984
2024-02-28T08:30:00.000Z,150.776,150.792,150.76,150.775,2182
2024-02-28T08:45:00.000Z,150.774,150.793,150.765,150.788,2304
2024-02-28T09:00:00.000Z,150.788,150.792,150.75,150.758,2026
2024-02-28T09:15:00.000Z,150.76,150.794,150.758,150.779,2188
2024-02-28T09:30:00.000Z,150.778,150.798,150.705,150.72,2173
2024-02-28T09:45:00.000Z,150.721,150.777,150.708,150.746,2060
2024-02-28T10:00:00.000Z,150.746,150.748,150.682,150.713,1876
2024-02-28T10:15:00.000Z,150.713,150.736,150.664,150.686,2080
2024-02-28T10:30:00.000Z,150.686,150.732,150.679,150.701,1787
2024-02-28T10:45:00.000Z,150.699,150.7,150.646,150.667,1638
2024-02-28T11:00:00.000Z,150.666,150.679,150.63,150.675,1469
2024-02-28T11:15:00.000Z,150.675,150.702,150.654,150.656,1743
2024-02-28T11:30:00.000Z,150.656,150.658,150.62,150.623,1753
2024-02-28T11:45:00.000Z,150.623,150.645,150.611,150.632,1398
2024-02-28T12:00:00.000Z,150.632,150.637,150.594,150.605,1611
2024-02-28T12:15:00.000Z,150.605,150.652,150.605,150.633,1651
2024-02-28T12:30:00.000Z,150.635,150.658,150.63,150.653,1797
2024-02-28T12:45:00.000Z,150.653,150.741,150.637,150.738,2000
2024-02-28T13:00:00.000Z,150.739,150.741,150.6,150.604,2806
2024-02-28T13:15:00.000Z,150.604,150.652,150.593,150.62,3057
2024-02-28T13:30:00.000Z,150.611,150.72,150.528,150.633,4306
2024-02-28T13:45:00.000Z,150.632,150.74,150.6,150.714,3871
2024-02-28T14:00:00.000Z,150.714,150.794,150.682,150.749,3656
2024-02-28T14:15:00.000Z,150.748,150.758,150.658,150.705,3135
2024-02-28T14:30:00.000Z,150.706,150.782,150.698,150.782,3413
2024-02-28T14:45:00.000Z,150.783,150.799,150.734,150.798,3067
2024-02-28T15:00:00.000Z,150.798,150.819,150.721,150.721,2948
2024-02-28T15:15:00.000Z,150.721,150.76,150.707,150.743,2568
2024-02-28T15:30:00.000Z,150.744,150.775,150.716,150.76,2480
2024-02-28T15:45:00.000Z,150.759,150.846,150.744,150.812,2608
2024-02-28T16:00:00.000Z,150.811,150.818,150.753,150.754,3207
2024-02-28T16:15:00.000Z,150.755,150.774,150.724,150.744,3137
2024-02-28T16:30:00.000Z,150.744,150.766,150.718,150.72,2684
2024-02-28T16:45:00.000Z,150.72,150.724,150.679,150.679,1928
2024-02-28T17:00:00.000Z,150.68,150.681,150.651,150.678,1729
2024-02-28T17:15:00.000Z,150.679,150.715,150.667,150.705,1659
2024-02-28T17:30:00.000Z,150.706,150.722,150.676,150.7,1997
2024-02-28T17:45:00.000Z,150.7,150.712,150.69,150.7,1542
2024-02-28T18:00:00.000Z,150.699,150.711,150.643,150.678,2098
2024-02-28T18:15:00.000Z,150.677,150.701,150.654,150.667,1787
2024-02-28T18:30:00.000Z,150.668,150.712,150.663,150.71,1280
2024-02-28T18:45:00.000Z,150.709,150.742,150.702,150.718,2395
2024-02-28T19:00:00.000Z,150.719,150.723,150.667,150.697,2183
2024-02-28T19:15:00.000Z,150.698,150.7,150.656,150.663,2269
2024-02-28T19:30:00.000Z,150.664,150.718,150.664,150.683,2710
2024-02-28T19:45:00.000Z,150.683,150.708,150.674,150.697,1970
2024-02-28T20:00:00.000Z,150.696,150.703,150.666,150.688,2183
2024-02-28T20:15:00.000Z,150.688,150.705,150.666,150.671,1795
2024-02-28T20:30:00.000Z,150.672,150.725,150.671,150.721,1846
2024-02-28T20:45:00.000Z,150.721,150.722,150.684,150.687,2189
2024-02-28T21:00:00.000Z,150.687,150.708,150.685,150.687,888
2024-02-28T21:15:00.000Z,150.688,150.706,150.687,150.702,485
2024-02-28T21:30:00.000Z,150.702,150.707,150.691,150.704,564
2024-02-28T21:45:00.000Z,150.706,150.709,150.685,150.699,739
2024-02-28T22:00:00.000Z,150.652,150.683,150.58,150.63,78
2024-02-28T22:15:00.000Z,150.63,150.641,150.628,150.628,65
2024-02-28T22:30:00.000Z,150.621,150.64,150.567,150.616,438
2024-02-28T22:45:00.000Z,150.614,150.642,150.606,150.639,515
2024-02-28T23:00:00.000Z,150.643,150.661,150.535,150.58,1312
2024-02-28T23:15:00.000Z,150.581,150.628,150.576,150.596,848
2024-02-28T23:30:00.000Z,150.596,150.631,150.594,150.616,522
2024-02-28T23:45:00.000Z,150.617,150.663,150.61,150.66,730
2024-02-29T00:00:00.000Z,150.655,150.655,150.552,150.562,1426
2024-02-29T00:15:00.000Z,150.56,150.59,150.556,150.589,1306
2024-02-29T00:30:00.000Z,150.589,150.592,150.548,150.577,1634
2024-02-29T00:45:00.000Z,150.577,150.648,150.549,150.568,2308
2024-02-29T01:00:00.000Z,150.569,150.569,150.443,150.465,1862
2024-02-29T01:15:00.000Z,150.465,150.49,150.44,150.445,1516
2024-02-29T01:30:00.000Z,150.445,150.449,150.279,150.32,2649
2024-02-29T01:45:00.000Z,150.323,150.342,150.192,150.215,2766
2024-02-29T02:00:00.000Z,150.214,150.228,150.007,150.025,2889
2024-02-29T02:15:00.000Z,150.024,150.057,149.862,149.903,3063
2024-02-29T02:30:00.000Z,149.902,149.976,149.765,149.814,2750
2024-02-29T02:45:00.000Z,149.815,149.874,149.76,149.788,2289
2024-02-29T03:00:00.000Z,149.787,149.819,149.713,149.813,2341
2024-02-29T03:15:00.000Z,149.816,149.852,149.752,149.774,1989
2024-02-29T03:30:00.000Z,149.775,149.872,149.773,149.823,1560
2024-02-29T03:45:00.000Z,149.822,149.867,149.799,149.814,1511
2024-02-29T04:00:00.000Z,149.815,149.842,149.779,149.801,1374
2024-02-29T04:15:00.000Z,149.802,149.802,149.695,149.789,1678
2024-02-29T04:30:00.000Z,149.786,149.861,149.785,149.838,1535
2024-02-29T04:45:00.000Z,149.837,149.886,149.799,149.827,1335
2024-02-29T05:00:00.000Z,149.827,149.846,149.767,149.826,1377
2024-02-29T05:15:00.000Z,149.827,149.987,149.698,149.955,2160
2024-02-29T05:30:00.000Z,149.956,150.107,149.869,149.873,2393
2024-02-29T05:45:00.000Z,149.875,149.97,149.875,149.904,1772
2024-02-29T06:00:00.000Z,149.906,149.936,149.818,149.877,1914
2024-02-29T06:15:00.000Z,149.871,149.892,149.789,149.791,1793
2024-02-29T06:30:00.000Z,149.791,149.824,149.749,149.792,2012
2024-02-29T06:45:00.000Z,149.793,149.8,149.715,149.751,1833
2024-02-29T07:00:00.000Z,149.75,149.753,149.623,149.75,3357
2024-02-29T07:15:00.000Z,149.75,149.784,149.652,149.725,2965
2024-02-29T07:30:00.000Z,149.724,149.788,149.678,149.778,2969
2024-02-29T07:45:00.000Z,149.791,149.805,149.654,149.661,3530
2024-02-29T08:00:00.000Z,149.662,149.756,149.616,149.735,3784
2024-02-29T08:15:00.000Z,149.736,149.78,149.612,149.764,3483
2024-02-29T08:30:00.000Z,149.766,149.828,149.761,149.803,3199
2024-02-29T08:45:00.000Z,149.804,149.816,149.634,149.667,2787
2024-02-29T09:00:00.000Z,149.669,149.777,149.65,149.717,3826
2024-02-29T09:15:00.000Z,149.718,149.848,149.717,149.843,2983
2024-02-29T09:30:00.000Z,149.844,149.876,149.815,149.835,2650
2024-02-29T09:45:00.000Z,149.835,149.908,149.708,149.807,2980
2024-02-29T10:00:00.000Z,149.807,149.916,149.787,149.896,2460
2024-02-29T10:15:00.000Z,149.896,149.954,149.846,149.95,2066
2024-02-29T10:30:00.000Z,149.951,150.052,149.949,150.034,2897
2024-02-29T10:45:00.000Z,150.035,150.101,150.005,150.096,2816
2024-02-29T11:00:00.000Z,150.098,150.106,150.001,150.027,2358
2024-02-29T11:15:00.000Z,150.028,150.066,149.97,149.988,2034
2024-02-29T11:30:00.000Z,149.987,150.042,149.962,150.042,2437
2024-02-29T11:45:00.000Z,150.044,150.079,149.97,149.972,2366
2024-02-29T12:00:00.000Z,149.972,150.005,149.926,149.971,3162
2024-02-29T12:15:00.000Z,149.971,150.047,149.951,150.028,2738
2024-02-29T12:30:00.000Z,150.028,150.065,149.989,150.015,2752
2024-02-29T12:45:00.000Z,150.016,150.1,150.011,150.072,2506
2024-02-29T13:00:00.000Z,150.07,150.153,150.068,150.141,3132
2024-02-29T13:15:00.000Z,150.143,150.145,150.05,150.055,2716
2024-02-29T13:30:00.000Z,150.055,150.078,149.764,149.843,5863
2024-02-29T13:45:00.000Z,149.843,149.843,149.732,149.782,4742
2024-02-29T14:00:00.000Z,149.783,149.811,149.567,149.644,3788
2024-02-29T14:15:00.000Z,149.646,149.775,149.644,149.773,3341
2024-02-29T14:30:00.000Z,149.773,149.85,149.665,149.681,3215
2024-02-29T14:45:00.000Z,149.681,149.724,149.478,149.513,3864
2024-02-29T15:00:00.000Z,149.513,149.513,149.261,149.356,3882
2024-02-29T15:15:00.000Z,149.353,149.442,149.249,149.296,2931
2024-02-29T15:30:00.000Z,149.297,149.402,149.208,149.401,3360
2024-02-29T15:45:00.000Z,149.4,149.698,149.394,149.644,3588
2024-02-29T16:00:00.000Z,149.643,149.849,149.639,149.846,3861
2024-02-29T16:15:00.000Z,149.847,149.899,149.777,149.848,3361
2024-02-29T16:30:00.000Z,149.848,149.849,149.716,149.765,3538
2024-02-29T16:45:00.000Z,149.766,149.907,149.751,149.901,2953
2024-02-29T17:00:00.000Z,149.903,149.995,149.891,149.962,2848
2024-02-29T17:15:00.000Z,149.961,150.042,149.928,150.017,2664
2024-02-29T17:30:00.000Z,150.016,150.047,149.988,150.005,2276
2024-02-29T17:45:00.000Z,150.007,150.031,149.96,149.993,1987
2024-02-29T18:00:00.000Z,149.995,150.017,149.936,149.941,2064
2024-02-29T18:15:00.000Z,149.94,149.942,149.857,149.902,2088
2024-02-29T18:30:00.000Z,149.903,149.933,149.899,149.915,2302
2024-02-29T18:45:00.000Z,149.915,149.919,149.839,149.871,1873
2024-02-29T19:00:00.000Z,149.871,149.921,149.849,149.898,1931
2024-02-29T19:15:00.000Z,149.897,149.906,149.857,149.883,2334
2024-02-29T19:30:00.000Z,149.884,149.978,149.843,149.977,1952
2024-02-29T19:45:00.000Z,149.977,149.989,149.942,149.97,2288
2024-02-29T20:00:00.000Z,149.969,149.97,149.92,149.944,1625
2024-02-29T20:15:00.000Z,149.945,149.948,149.922,149.934,1309
2024-02-29T20:30:00.000Z,149.935,149.957,149.919,149.934,1941
2024-02-29T20:45:00.000Z,149.934,149.942,149.906,149.913,2173
2024-02-29T21:00:00.000Z,149.912,149.986,149.902,149.974,1466
2024-02-29T21:15:00.000Z,149.974,150.005,149.948,149.96,899
2024-02-29T21:30:00.000Z,149.962,149.975,149.93,149.951,749
2024-02-29T21:45:00.000Z,149.95,150.004,149.935,149.999,832
2024-02-29T22:00:00.000Z,149.931,150.026,149.913,149.987,166
2024-02-29T22:15:00.000Z,149.981,150.006,149.972,149.988,88
2024-02-29T22:30:00.000Z,149.985,149.985,149.947,149.958,750
2024-02-29T22:45:00.000Z,149.957,149.994,149.957,149.975,264
2024-02-29T23:00:00.000Z,149.976,150.103,149.938,150.093,792
2024-02-29T23:15:00.000Z,150.091,150.18,150.084,150.107,1671
2024-02-29T23:30:00.000Z,150.114,150.145,150.099,150.116,1117
2024-02-29T23:45:00.000Z,150.117,150.131,150.046,150.069,1260
2024-03-01T00:00:00.000Z,150.07,150.189,150.06,150.172,2063
2024-03-01T00:15:00.000Z,150.172,150.294,150.165,150.226,2562
2024-03-01T00:30:00.000Z,150.227,150.255,150.216,150.237,1975
2024-03-01T00:45:00.000Z,150.238,150.271,150.175,150.217,2416
2024-03-01T01:00:00.000Z,150.218,150.355,150.217,150.299,2820
2024-03-01T01:15:00.000Z,150.298,150.33,150.267,150.308,2232
2024-03-01T01:30:00.000Z,150.309,150.343,150.292,150.336,1965
2024-03-01T01:45:00.000Z,150.338,150.371,150.335,150.356,2159
2024-03-01T02:00:00.000Z,150.353,150.416,150.32,150.335,2272
2024-03-01T02:15:00.000Z,150.335,150.4,150.332,150.363,1430
2024-03-01T02:30:00.000Z,150.362,150.391,150.323,150.36,1665
2024-03-01T02:45:00.000Z,150.361,150.387,150.333,150.356,1853
2024-03-01T03:00:00.000Z,150.357,150.363,150.31,150.339,1620
2024-03-01T03:15:00.000Z,150.34,150.367,150.302,150.333,1566
2024-03-01T03:30:00.000Z,150.336,150.358,150.313,150.326,1650
2024-03-01T03:45:00.000Z,150.327,150.34,150.313,150.325,1465
2024-03-01T04:00:00.000Z,150.325,150.368,150.325,150.35,1385
2024-03-01T04:15:00.000Z,150.351,150.396,150.348,150.375,1199
2024-03-01T04:30:00.000Z,150.376,150.401,150.361,150.365,1209
2024-03-01T04:45:00.000Z,150.364,150.397,150.352,150.385,1506
2024-03-01T05:00:00.000Z,150.386,150.429,150.375,150.429,1383
2024-03-01T05:15:00.000Z,150.43,150.48,150.425,150.451,1348
2024-03-01T05:30:00.000Z,150.451,150.477,150.44,150.459,1320
2024-03-01T05:45:00.000Z,150.46,150.479,150.438,150.447,1530
2024-03-01T06:00:00.000Z,150.447,150.464,150.411,150.415,1484
2024-03-01T06:15:00.000Z,150.416,150.439,150.389,150.412,1783
2024-03-01T06:30:00.000Z,150.412,150.415,150.348,150.363,1603
2024-03-01T06:45:00.000Z,150.364,150.376,150.329,150.348,1559
2024-03-01T07:00:00.000Z,150.351,150.391,150.347,150.378,2699
2024-03-01T07:15:00.000Z,150.379,150.467,150.365,150.441,2050
2024-03-01T07:30:00.000Z,150.441,150.462,150.431,150.45,2037
2024-03-01T07:45:00.000Z,150.451,150.5,150.445,150.498,1606
2024-03-01T08:00:00.000Z,150.499,150.605,150.489,150.578,2881
2024-03-01T08:15:00.000Z,150.575,150.599,150.541,150.589,2319
2024-03-01T08:30:00.000Z,150.59,150.669,150.573,150.654,2843
2024-03-01T08:45:00.000Z,150.655,150.687,150.632,150.649,2385
2024-03-01T09:00:00.000Z,150.651,150.661,150.489,150.579,2975
2024-03-01T09:15:00.000Z,150.58,150.603,150.45,150.527,2573
2024-03-01T09:30:00.000Z,150.525,150.538,150.476,150.535,2437
2024-03-01T09:45:00.000Z,150.535,150.637,150.534,150.627,2385
2024-03-01T10:00:00.000Z,150.631,150.648,150.469,150.479,3110
2024-03-01T10:15:00.000Z,150.48,150.48,150.305,150.347,3226
2024-03-01T10:30:00.000Z,150.347,150.431,150.317,150.343,3024
2024-03-01T10:45:00.000Z,150.342,150.41,150.335,150.359,2747
2024-03-01T11:00:00.000Z,150.358,150.396,150.323,150.384,2365
2024-03-01T11:15:00.000Z,150.385,150.487,150.384,150.444,2161
2024-03-01T11:30:00.000Z,150.443,150.445,150.322,150.357,2176
2024-03-01T11:45:00.000Z,150.358,150.405,150.342,150.39,2170
2024-03-01T12:00:00.000Z,150.39,150.452,150.369,150.445,2262
2024-03-01T12:15:00.000Z,150.445,150.485,150.404,150.474,1970
2024-03-01T12:30:00.000Z,150.473,150.535,150.456,150.527,2266
2024-03-01T12:45:00.000Z,150.527,150.567,150.51,150.562,2261
2024-03-01T13:00:00.000Z,150.56,150.606,150.556,150.589,3031
2024-03-01T13:15:00.000Z,150.589,150.649,150.561,150.613,3490
2024-03-01T13:30:00.000Z,150.614,150.659,150.486,150.627,3915
2024-03-01T13:45:00.000Z,150.63,150.651,150.588,150.643,3447
2024-03-01T14:00:00.000Z,150.644,150.648,150.564,150.608,3163
2024-03-01T14:15:00.000Z,150.609,150.629,150.558,150.601,3053
2024-03-01T14:30:00.000Z,150.6,150.652,150.577,150.632,3126
2024-03-01T14:45:00.000Z,150.644,150.722,150.644,150.671,3389
2024-03-01T15:00:00.000Z,150.675,150.675,150.237,150.259,5994
2024-03-01T15:15:00.000Z,150.261,150.273,150.106,150.118,5062
2024-03-01T15:30:00.000Z,150.117,150.27,150.117,150.178,4573
2024-03-01T15:45:00.000Z,150.178,150.185,150.087,150.124,3972
2024-03-01T16:00:00.000Z,150.123,150.197,150.076,150.118,3986
2024-03-01T16:15:00.000Z,150.117,150.255,150.097,150.253,3196
2024-03-01T16:30:00.000Z,150.253,150.268,150.187,150.235,3035
2024-03-01T16:45:00.000Z,150.235,150.268,150.187,150.202,3010
2024-03-01T17:00:00.000Z,150.203,150.227,150.108,150.126,3004
2024-03-01T17:15:00.000Z,150.125,150.153,150.108,150.118,2570
2024-03-01T17:30:00.000Z,150.119,150.175,150.1,150.173,2302
2024-03-01T17:45:00.000Z,150.173,150.173,150.114,150.149,1585
2024-03-01T18:00:00.000Z,150.15,150.244,150.097,150.113,2908
2024-03-01T18:15:00.000Z,150.114,150.177,150.114,150.165,2723
2024-03-01T18:30:00.000Z,150.165,150.168,150.096,150.097,2677
2024-03-01T18:45:00.000Z,150.097,150.156,150.073,150.13,2286
2024-03-01T19:00:00.000Z,150.129,150.131,150.081,150.1,2295
2024-03-01T19:15:00.000Z,150.1,150.122,150.073,150.081,2215
2024-03-01T19:30:00.000Z,150.08,150.121,150.055,150.114,2164
2024-03-01T19:45:00.000Z,150.115,150.125,150.102,150.116,1994
2024-03-01T20:00:00.000Z,150.115,150.137,150.099,150.125,1617
2024-03-01T20:15:00.000Z,150.126,150.135,150.103,150.126,1572
2024-03-01T20:30:00.000Z,150.127,150.16,150.121,150.15,1448
2024-03-01T20:45:00.000Z,150.15,150.161,150.13,150.15,1753
2024-03-01T21:00:00.000Z,150.15,150.157,150.123,150.133,1147
2024-03-01T21:15:00.000Z,150.134,150.152,150.132,150.152,602
2024-03-01T21:30:00.000Z,150.153,150.153,150.128,150.131,519
2024-03-01T21:45:00.000Z,150.132,150.133,150.107,150.126,680
2024-03-03T22:00:00.000Z,149.982,150.097,149.937,150.064,136
2024-03-03T22:15:00.000Z,150.064,150.077,150.052,150.068,26
2024-03-03T22:30:00.000Z,150.068,150.122,150.066,150.103,67
2024-03-03T22:45:00.000Z,150.074,150.103,150.054,150.098,75
2024-03-03T23:00:00.000Z,150.1,150.136,150.05,150.116,962
2024-03-03T23:15:00.000Z,150.114,150.156,150.107,150.108,658
2024-03-03T23:30:00.000Z,150.109,150.127,150.094,150.108,855
2024-03-03T23:45:00.000Z,150.107,150.156,150.086,150.134,534
2024-03-04T00:00:00.000Z,150.126,150.147,150.011,150.02,1725
2024-03-04T00:15:00.000Z,150.022,150.056,149.947,149.977,2100
2024-03-04T00:30:00.000Z,149.976,149.979,149.84,149.871,2073
2024-03-04T00:45:00.000Z,149.874,150.029,149.852,149.984,2395
2024-03-04T01:00:00.000Z,149.983,150.112,149.973,150.105,2000
2024-03-04T01:15:00.000Z,150.102,150.107,150.011,150.072,1878
2024-03-04T01:30:00.000Z,150.072,150.131,150.068,150.131,1442
2024-03-04T01:45:00.000Z,150.13,150.21,150.128,150.129,1824
2024-03-04T02:00:00.000Z,150.129,150.189,150.112,150.12,1733
2024-03-04T02:15:00.000Z,150.12,150.177,150.1,150.156,1442
2024-03-04T02:30:00.000Z,150.155,150.186,150.138,150.166,1302
2024-03-04T02:45:00.000Z,150.166,150.176,150.114,150.175,1137
2024-03-04T03:00:00.000Z,150.175,150.195,150.164,150.173,1015
2024-03-04T03:15:00.000Z,150.174,150.175,150.112,150.143,1014
2024-03-04T03:30:00.000Z,150.143,150.188,150.14,150.164,1375
2024-03-04T03:45:00.000Z,150.163,150.167,150.146,150.164,827
2024-03-04T04:00:00.000Z,150.163,150.196,150.16,150.185,1065
2024-03-04T04:15:00.000Z,150.184,150.186,150.144,150.155,599
2024-03-04T04:30:00.000Z,150.156,150.204,150.15,150.202,669
2024-03-04T04:45:00.000Z,150.203,150.266,150.187,150.253,1115
2024-03-04T05:00:00.000Z,150.253,150.277,150.249,150.265,1054
2024-03-04T05:15:00.000Z,150.266,150.266,150.224,150.256,964
2024-03-04T05:30:00.000Z,150.256,150.295,150.244,150.29,1167
2024-03-04T05:45:00.000Z,150.291,150.321,150.284,150.304,1059
2024-03-04T06:00:00.000Z,150.304,150.322,150.269,150.278,918
2024-03-04T06:15:00.000Z,150.279,150.361,150.278,150.361,1371
2024-03-04T06:30:00.000Z,150.36,150.389,150.33,150.375,1736
2024-03-04T06:45:00.000Z,150.374,150.381,150.342,150.359,1581
2024-03-04T07:00:00.000Z,150.358,150.367,150.317,150.357,2469
2024-03-04T07:15:00.000Z,150.358,150.401,150.358,150.388,1694
2024-03-04T07:30:00.000Z,150.386,150.395,150.333,150.336,2518
2024-03-04T07:45:00.000Z,150.335,150.347,150.299,150.309,2144
2024-03-04T08:00:00.000Z,150.308,150.356,150.249,150.251,2833
2024-03-04T08:15:00.000Z,150.251,150.274,150.188,150.211,2829
2024-03-04T08:30:00.000Z,150.212,150.305,150.174,150.291,2392
2024-03-04T08:45:00.000Z,150.292,150.383,150.288,150.376,2333
2024-03-04T09:00:00.000Z,150.377,150.397,150.305,150.318,2254
2024-03-04T09:15:00.000Z,150.317,150.345,150.292,150.318,3023
2024-03-04T09:30:00.000Z,150.318,150.319,150.217,150.221,2345
2024-03-04T09:45:00.000Z,150.219,150.259,150.189,150.246,2680
2024-03-04T10:00:00.000Z,150.246,150.348,150.245,150.346,1701
2024-03-04T10:15:00.000Z,150.348,150.377,150.316,150.37,1972
2024-03-04T10:30:00.000Z,150.369,150.434,150.363,150.424,2233
2024-03-04T10:45:00.000Z,150.423,150.467,150.405,150.418,2098
2024-03-04T11:00:00.000Z,150.417,150.455,150.386,150.42,1789
2024-03-04T11:15:00.000Z,150.42,150.449,150.406,150.43,1706
2024-03-04T11:30:00.000Z,150.43,150.465,150.411,150.45,2240
2024-03-04T11:45:00.000Z,150.45,150.451,150.419,150.422,2220
2024-03-04T12:00:00.000Z,150.422,150.427,150.391,150.41,1934
2024-03-04T12:15:00.000Z,150.411,150.423,150.361,150.365,1865
2024-03-04T12:30:00.000Z,150.365,150.403,150.341,150.4,1766
2024-03-04T12:45:00.000Z,150.401,150.447,150.386,150.443,2275
2024-03-04T13:00:00.000Z,150.442,150.521,150.434,150.518,2598
2024-03-04T13:15:00.000Z,150.519,150.569,150.504,150.533,2385
2024-03-04T13:30:00.000Z,150.532,150.563,150.493,150.52,2406
2024-03-04T13:45:00.000Z,150.521,150.521,150.446,150.46,2350
2024-03-04T14:00:00.000Z,150.46,150.553,150.458,150.551,2192
2024-03-04T14:15:00.000Z,150.55,150.553,150.463,150.499,1847
2024-03-04T14:30:00.000Z,150.498,150.515,150.447,150.454,3092
2024-03-04T14:45:00.000Z,150.455,150.472,150.312,150.335,2140
2024-03-04T15:00:00.000Z,150.335,150.432,150.33,150.408,2792
2024-03-04T15:15:00.000Z,150.408,150.438,150.333,150.434,2087
2024-03-04T15:30:00.000Z,150.433,150.467,150.412,150.412,1821
2024-03-04T15:45:00.000Z,150.411,150.501,150.399,150.485,2329
2024-03-04T16:00:00.000Z,150.485,150.506,150.433,150.436,2165
2024-03-04T16:15:00.000Z,150.435,150.495,150.433,150.481,1842
2024-03-04T16:30:00.000Z,150.482,150.525,150.472,150.514,1644
2024-03-04T16:45:00.000Z,150.515,150.515,150.442,150.452,1306
2024-03-04T17:00:00.000Z,150.452,150.545,150.433,150.524,1847
2024-03-04T17:15:00.000Z,150.524,150.53,150.457,150.467,1720
2024-03-04T17:30:00.000Z,150.468,150.505,150.464,150.496,1654
2024-03-04T17:45:00.000Z,150.497,150.541,150.485,150.525,1570
2024-03-04T18:00:00.000Z,150.524,150.527,150.488,150.508,854
2024-03-04T18:15:00.000Z,150.509,150.527,150.499,150.52,1088
2024-03-04T18:30:00.000Z,150.521,150.541,150.518,150.536,1123
2024-03-04T18:45:00.000Z,150.535,150.559,150.535,150.554,1524
2024-03-04T19:00:00.000Z,150.554,150.565,150.522,150.531,1281
2024-03-04T19:15:00.000Z,150.532,150.535,150.516,150.518,976
2024-03-04T19:30:00.000Z,150.519,150.544,150.506,150.528,1390
2024-03-04T19:45:00.000Z,150.528,150.553,150.496,150.551,1731
2024-03-04T20:00:00.000Z,150.554,150.558,150.525,150.542,830
2024-03-04T20:15:00.000Z,150.543,150.546,150.515,150.516,561
2024-03-04T20:30:00.000Z,150.516,150.529,150.485,150.495,1429
2024-03-04T20:45:00.000Z,150.495,150.535,150.485,150.523,1837
2024-03-04T21:00:00.000Z,150.52,150.538,150.5,150.522,674
2024-03-04T21:15:00.000Z,150.522,150.528,150.518,150.525,367
2024-03-04T21:30:00.000Z,150.524,150.533,150.508,150.509,328
2024-03-04T21:45:00.000Z,150.508,150.525,150.507,150.519,454
2024-03-04T22:00:00.000Z,150.522,150.522,150.484,150.513,42
2024-03-04T22:15:00.000Z,150.513,150.513,150.489,150.498,1253
2024-03-04T22:30:00.000Z,150.498,150.502,150.48,150.486,164
2024-03-04T22:45:00.000Z,150.487,150.488,150.407,150.422,485
2024-03-04T23:00:00.000Z,150.433,150.469,150.419,150.427,752
2024-03-04T23:15:00.000Z,150.427,150.452,150.419,150.432,1002
2024-03-04T23:30:00.000Z,150.432,150.46,150.382,150.433,752
2024-03-04T23:45:00.000Z,150.434,150.546,150.428,150.458,1314
2024-03-05T00:00:00.000Z,150.459,150.482,150.384,150.394,2020
2024-03-05T00:15:00.000Z,150.393,150.488,150.384,150.487,1744
2024-03-05T00:30:00.000Z,150.487,150.487,150.439,150.463,1641
2024-03-05T00:45:00.000Z,150.463,150.463,150.352,150.4,2154
2024-03-05T01:00:00.000Z,150.4,150.443,150.396,150.427,1671
2024-03-05T01:15:00.000Z,150.431,150.431,150.391,150.391,1802
2024-03-05T01:30:00.000Z,150.391,150.441,150.383,150.425,1673
2024-03-05T01:45:00.000Z,150.425,150.486,150.424,150.465,1916
2024-03-05T02:00:00.000Z,150.464,150.541,150.461,150.522,1729
2024-03-05T02:15:00.000Z,150.521,150.534,150.478,150.481,1430
2024-03-05T02:30:00.000Z,150.481,150.508,150.453,150.47,1350
2024-03-05T02:45:00.000Z,150.469,150.506,150.462,150.496,1196
2024-03-05T03:00:00.000Z,150.497,150.509,150.453,150.477,1799
2024-03-05T03:15:00.000Z,150.478,150.482,150.454,150.478,1279
2024-03-05T03:30:00.000Z,150.477,150.499,150.442,150.487,1328
2024-03-05T03:45:00.000Z,150.486,150.51,150.483,150.499,1328
2024-03-05T04:00:00.000Z,150.498,150.521,150.483,150.497,1078
2024-03-05T04:15:00.000Z,150.498,150.519,150.493,150.507,1124
2024-03-05T04:30:00.000Z,150.507,150.535,150.501,150.526,1097
2024-03-05T04:45:00.000Z,150.527,150.534,150.504,150.533,1432
2024-03-05T05:00:00.000Z,150.537,150.546,150.526,150.527,1199
2024-03-05T05:15:00.000Z,150.526,150.528,150.48,150.504,1371
2024-03-05T05:30:00.000Z,150.503,150.525,150.46,150.52,1678
2024-03-05T05:45:00.000Z,150.521,150.527,150.483,150.497,2384
2024-03-05T06:00:00.000Z,150.498,150.525,150.493,150.521,1645
2024-03-05T06:15:00.000Z,150.522,150.546,150.492,150.522,2008
2024-03-05T06:30:00.000Z,150.52,150.529,150.464,150.49,1643
2024-03-05T06:45:00.000Z,150.49,150.504,150.463,150.482,1625
2024-03-05T07:00:00.000Z,150.484,150.504,150.469,150.485,1623
2024-03-05T07:15:00.000Z,150.484,150.493,150.454,150.468,1710
2024-03-05T07:30:00.000Z,150.467,150.482,150.434,150.437,1626
2024-03-05T07:45:00.000Z,150.436,150.449,150.349,150.419,2408
2024-03-05T08:00:00.000Z,150.42,150.422,150.344,150.387,2599
2024-03-05T08:15:00.000Z,150.389,150.486,150.356,150.376,2251
2024-03-05T08:30:00.000Z,150.379,150.401,150.348,150.391,2008
2024-03-05T08:45:00.000Z,150.392,150.448,150.365,150.446,2120
2024-03-05T09:00:00.000Z,150.446,150.463,150.41,150.419,1609
2024-03-05T09:15:00.000Z,150.42,150.42,150.371,150.396,1730
2024-03-05T09:30:00.000Z,150.395,150.424,150.373,150.401,1644
2024-03-05T09:45:00.000Z,150.405,150.432,150.387,150.414,1683
2024-03-05T10:00:00.000Z,150.412,150.422,150.39,150.41,1771
2024-03-05T10:15:00.000Z,150.409,150.419,150.397,150.411,1293
2024-03-05T10:30:00.000Z,150.41,150.431,150.387,150.404,1335
2024-03-05T10:45:00.000Z,150.404,150.421,150.389,150.41,1790
2024-03-05T11:00:00.000Z,150.41,150.417,150.364,150.377,1739
2024-03-05T11:15:00.000Z,150.378,150.399,150.368,150.385,1312
2024-03-05T11:30:00.000Z,150.384,150.441,150.371,150.419,1294
2024-03-05T11:45:00.000Z,150.418,150.424,150.394,150.416,1518
2024-03-05T12:00:00.000Z,150.416,150.438,150.404,150.429,1741
2024-03-05T12:15:00.000Z,150.431,150.44,150.404,150.419,1324
2024-03-05T12:30:00.000Z,150.419,150.435,150.395,150.41,1364
2024-03-05T12:45:00.000Z,150.41,150.412,150.374,150.396,1750
2024-03-05T13:00:00.000Z,150.395,150.395,150.224,150.272,2684
2024-03-05T13:15:00.000Z,150.272,150.299,150.23,150.251,3029
2024-03-05T13:30:00.000Z,150.25,150.253,150.143,150.177,3560
2024-03-05T13:45:00.000Z,150.178,150.188,150.061,150.088,3671
2024-03-05T14:00:00.000Z,150.087,150.109,150.045,150.053,3201
2024-03-05T14:15:00.000Z,150.054,150.054,149.999,150.009,2536
2024-03-05T14:30:00.000Z,150.009,150.103,150.008,150.074,3076
2024-03-05T14:45:00.000Z,150.127,150.184,150.083,150.127,3382
2024-03-05T15:00:00.000Z,150.126,150.126,149.705,149.951,5061
2024-03-05T15:15:00.000Z,149.951,150.047,149.87,149.996,4202
2024-03-05T15:30:00.000Z,149.995,150.029,149.883,149.884,3673
2024-03-05T15:45:00.000Z,149.883,150.023,149.883,149.983,3429
2024-03-05T16:00:00.000Z,149.982,150.163,149.966,150.138,3299
2024-03-05T16:15:00.000Z,150.137,150.187,150.102,150.128,2811
2024-03-05T16:30:00.000Z,150.127,150.203,150.104,150.185,2639
2024-03-05T16:45:00.000Z,150.185,150.229,150.128,150.148,2244
2024-03-05T17:00:00.000Z,150.148,150.172,150.122,150.124,2142
2024-03-05T17:15:00.000Z,150.123,150.126,150.054,150.079,2168
2024-03-05T17:30:00.000Z,150.078,150.131,150.066,150.13,2493
2024-03-05T17:45:00.000Z,150.13,150.13,150.087,150.093,2196
2024-03-05T18:00:00.000Z,150.094,150.094,150.044,150.045,2564
2024-03-05T18:15:00.000Z,150.047,150.081,150.044,150.069,2029
2024-03-05T18:30:00.000Z,150.07,150.113,150.051,150.094,2732
2024-03-05T18:45:00.000Z,150.094,150.096,149.976,149.977,2676
2024-03-05T19:00:00.000Z,149.977,150.053,149.971,149.997,2654
2024-03-05T19:15:00.000Z,149.998,150,149.929,149.948,1856
2024-03-05T19:30:00.000Z,149.949,149.987,149.933,149.953,1698
2024-03-05T19:45:00.000Z,149.953,149.967,149.926,149.936,3045
2024-03-05T20:00:00.000Z,149.937,149.958,149.919,149.944,1698
2024-03-05T20:15:00.000Z,149.944,149.945,149.85,149.851,2047
2024-03-05T20:30:00.000Z,149.85,149.91,149.838,149.899,2610
2024-03-05T20:45:00.000Z,149.898,149.932,149.88,149.92,2332
2024-03-05T21:00:00.000Z,149.919,149.984,149.908,149.953,605
2024-03-05T21:15:00.000Z,149.953,150.019,149.947,150.018,463
2024-03-05T21:30:00.000Z,150.018,150.028,149.992,150.018,516
2024-03-05T21:45:00.000Z,150.019,150.081,150.015,150.057,937
2024-03-05T22:00:00.000Z,150.038,150.038,149.966,150.019,154
2024-03-05T22:15:00.000Z,150.014,150.048,150.012,150.045,509
2024-03-05T22:30:00.000Z,150.045,150.047,150.024,150.027,103
2024-03-05T22:45:00.000Z,150.026,150.043,150.014,150.015,231
2024-03-05T23:00:00.000Z,150.015,150.015,149.814,149.913,1096
2024-03-05T23:15:00.000Z,149.912,149.928,149.888,149.92,568
2024-03-05T23:30:00.000Z,149.922,149.988,149.921,149.986,734
2024-03-05T23:45:00.000Z,149.988,150.055,149.96,150.054,966
2024-03-06T00:00:00.000Z,150.05,150.086,150.01,150.042,1490
2024-03-06T00:15:00.000Z,150.043,150.085,149.954,149.993,1735
2024-03-06T00:30:00.000Z,149.993,149.993,149.902,149.931,1823
2024-03-06T00:45:00.000Z,149.93,150.019,149.896,149.994,2021
2024-03-06T01:00:00.000Z,149.994,150.032,149.956,149.987,1726
2024-03-06T01:15:00.000Z,149.993,150.021,149.974,150.017,1231
2024-03-06T01:30:00.000Z,150.018,150.037,149.991,150.008,1740
2024-03-06T01:45:00.000Z,150.007,150.043,150.002,150.032,1390
2024-03-06T02:00:00.000Z,150.031,150.032,149.982,149.982,1122
2024-03-06T02:15:00.000Z,149.981,149.986,149.944,149.963,1042
2024-03-06T02:30:00.000Z,149.964,150,149.945,149.951,1349
2024-03-06T02:45:00.000Z,149.951,149.962,149.893,149.905,1611
2024-03-06T03:00:00.000Z,149.906,149.977,149.906,149.917,1189
2024-03-06T03:15:00.000Z,149.917,149.964,149.914,149.959,943
2024-03-06T03:30:00.000Z,149.959,149.983,149.935,149.976,873
2024-03-06T03:45:00.000Z,149.976,149.995,149.966,149.978,1022
2024-03-06T04:00:00.000Z,149.978,150.023,149.944,149.957,1196
2024-03-06T04:15:00.000Z,149.958,149.98,149.943,149.971,913
2024-03-06T04:30:00.000Z,149.97,150.008,149.957,149.971,1052
2024-03-06T04:45:00.000Z,149.97,149.975,149.934,149.94,1015
2024-03-06T05:00:00.000Z,149.939,149.94,149.915,149.929,885
2024-03-06T05:15:00.000Z,149.929,149.942,149.832,149.862,1363
2024-03-06T05:30:00.000Z,149.862,149.879,149.809,149.878,1110
2024-03-06T05:45:00.000Z,149.88,149.916,149.856,149.914,1112
2024-03-06T06:00:00.000Z,149.915,149.937,149.874,149.881,1472
2024-03-06T06:15:00.000Z,149.881,149.906,149.829,149.897,1513
2024-03-06T06:30:00.000Z,149.9,149.931,149.888,149.902,1132
2024-03-06T06:45:00.000Z,149.902,149.902,149.841,149.845,1187
2024-03-06T07:00:00.000Z,149.844,149.844,149.398,149.481,2882
2024-03-06T07:15:00.000Z,149.471,149.63,149.471,149.578,2088
2024-03-06T07:30:00.000Z,149.577,149.595,149.371,149.372,3353
2024-03-06T07:45:00.000Z,149.371,149.56,149.326,149.538,3256
2024-03-06T08:00:00.000Z,149.537,149.628,149.536,149.545,3134
2024-03-06T08:15:00.000Z,149.544,149.665,149.53,149.657,2933
2024-03-06T08:30:00.000Z,149.656,149.807,149.656,149.73,2949
2024-03-06T08:45:00.000Z,149.731,149.771,149.694,149.749,2886
2024-03-06T09:00:00.000Z,149.75,149.835,149.72,149.797,3293
2024-03-06T09:15:00.000Z,149.797,149.863,149.794,149.796,2794
2024-03-06T09:30:00.000Z,149.797,149.798,149.7,149.719,2220
2024-03-06T09:45:00.000Z,149.72,149.743,149.622,149.646,2408
2024-03-06T10:00:00.000Z,149.647,149.736,149.643,149.713,3235
2024-03-06T10:15:00.000Z,149.714,149.761,149.563,149.71,2446
2024-03-06T10:30:00.000Z,149.711,149.812,149.709,149.794,1937
2024-03-06T10:45:00.000Z,149.795,149.8,149.74,149.742,2061
2024-03-06T11:00:00.000Z,149.743,149.748,149.685,149.717,2216
2024-03-06T11:15:00.000Z,149.718,149.781,149.704,149.774,2224
2024-03-06T11:30:00.000Z,149.774,149.801,149.728,149.744,1926
2024-03-06T11:45:00.000Z,149.745,149.751,149.69,149.712,2068
2024-03-06T12:00:00.000Z,149.711,149.745,149.701,149.722,1653
2024-03-06T12:15:00.000Z,149.721,149.739,149.605,149.605,2230
2024-03-06T12:30:00.000Z,149.606,149.648,149.581,149.631,2105
2024-03-06T12:45:00.000Z,149.63,149.634,149.553,149.631,1932
2024-03-06T13:00:00.000Z,149.632,149.673,149.558,149.593,2701
2024-03-06T13:15:00.000Z,149.6,149.609,149.482,149.493,3802
2024-03-06T13:30:00.000Z,149.495,149.705,149.442,149.605,5175
2024-03-06T13:45:00.000Z,149.606,149.633,149.333,149.366,4045
2024-03-06T14:00:00.000Z,149.364,149.406,149.283,149.385,3547
2024-03-06T14:15:00.000Z,149.386,149.428,149.272,149.327,2462
2024-03-06T14:30:00.000Z,149.328,149.414,149.313,149.346,3187
2024-03-06T14:45:00.000Z,149.35,149.446,149.308,149.393,2870
2024-03-06T15:00:00.000Z,149.395,149.531,149.3,149.306,4632
2024-03-06T15:15:00.000Z,149.304,149.474,149.264,149.45,3466
2024-03-06T15:30:00.000Z,149.453,149.646,149.453,149.51,3732
2024-03-06T15:45:00.000Z,149.511,149.511,149.31,149.366,3461
2024-03-06T16:00:00.000Z,149.369,149.449,149.364,149.373,2871
2024-03-06T16:15:00.000Z,149.372,149.423,149.336,149.395,2475
2024-03-06T16:30:00.000Z,149.396,149.403,149.302,149.303,2629
2024-03-06T16:45:00.000Z,149.304,149.308,149.131,149.177,2868
2024-03-06T17:00:00.000Z,149.174,149.267,149.093,149.267,3773
2024-03-06T17:15:00.000Z,149.267,149.332,149.221,149.242,2780
2024-03-06T17:30:00.000Z,149.239,149.313,149.201,149.307,2241
2024-03-06T17:45:00.000Z,149.307,149.356,149.256,149.324,1959
2024-03-06T18:00:00.000Z,149.325,149.33,149.213,149.244,1979
2024-03-06T18:15:00.000Z,149.243,149.258,149.202,149.247,1845
2024-03-06T18:30:00.000Z,149.248,149.305,149.224,149.226,2535
2024-03-06T18:45:00.000Z,149.225,149.267,149.2,149.263,1810
2024-03-06T19:00:00.000Z,149.265,149.359,149.254,149.285,3215
2024-03-06T19:15:00.000Z,149.285,149.369,149.282,149.347,2338
2024-03-06T19:30:00.000Z,149.35,149.381,149.323,149.363,2082
2024-03-06T19:45:00.000Z,149.36,149.387,149.334,149.347,1878
2024-03-06T20:00:00.000Z,149.349,149.473,149.348,149.435,1683
2024-03-06T20:15:00.000Z,149.434,149.457,149.385,149.401,2162
2024-03-06T20:30:00.000Z,149.403,149.432,149.397,149.425,1841
2024-03-06T20:45:00.000Z,149.425,149.427,149.351,149.352,2395
2024-03-06T21:00:00.000Z,149.352,149.399,149.352,149.398,605
2024-03-06T21:15:00.000Z,149.398,149.442,149.391,149.437,661
2024-03-06T21:30:00.000Z,149.436,149.447,149.42,149.434,664
2024-03-06T21:45:00.000Z,149.435,149.437,149.396,149.4,787
2024-03-06T22:00:00.000Z,149.289,149.344,149.289,149.311,17
2024-03-06T22:15:00.000Z,149.314,149.359,149.263,149.319,266
2024-03-06T22:30:00.000Z,149.319,149.324,149.276,149.298,314
2024-03-06T22:45:00.000Z,149.314,149.349,149.303,149.318,271
2024-03-06T23:00:00.000Z,149.316,149.328,149.27,149.274,750
2024-03-06T23:15:00.000Z,149.274,149.296,149.234,149.263,1185
2024-03-06T23:30:00.000Z,149.262,149.313,149.194,149.307,1315
2024-03-06T23:45:00.000Z,149.308,149.318,149.248,149.263,1116
2024-03-07T00:00:00.000Z,149.262,149.264,148.993,148.993,3064
2024-03-07T00:15:00.000Z,148.993,149.093,148.937,149.048,2229
2024-03-07T00:30:00.000Z,149.049,149.122,148.974,149.097,2813
2024-03-07T00:45:00.000Z,149.098,149.102,148.878,148.898,3245
2024-03-07T01:00:00.000Z,148.898,148.974,148.816,148.845,3202
2024-03-07T01:15:00.000Z,148.844,148.885,148.638,148.78,3122
2024-03-07T01:30:00.000Z,148.782,148.782,148.589,148.591,3783
2024-03-07T01:45:00.000Z,148.59,148.669,148.56,148.62,3388
2024-03-07T02:00:00.000Z,148.619,148.751,148.604,148.751,2620
2024-03-07T02:15:00.000Z,148.75,148.796,148.685,148.782,2499
2024-03-07T02:30:00.000Z,148.783,148.783,148.694,148.758,2307
2024-03-07T02:45:00.000Z,148.757,148.775,148.721,148.756,2079
2024-03-07T03:00:00.000Z,148.758,148.773,148.621,148.685,2418
2024-03-07T03:15:00.000Z,148.683,148.761,148.676,148.713,1938
2024-03-07T03:30:00.000Z,148.714,148.742,148.681,148.689,1765
2024-03-07T03:45:00.000Z,148.688,148.694,148.607,148.668,2141
2024-03-07T04:00:00.000Z,148.669,148.673,148.518,148.529,2455
2024-03-07T04:15:00.000Z,148.53,148.559,148.431,148.436,2292
2024-03-07T04:30:00.000Z,148.437,148.539,148.403,148.508,2407
2024-03-07T04:45:00.000Z,148.509,148.567,148.477,148.55,1941
2024-03-07T05:00:00.000Z,148.55,148.598,148.525,148.581,2421
2024-03-07T05:15:00.000Z,148.582,148.594,148.509,148.542,1547
2024-03-07T05:30:00.000Z,148.544,148.596,148.529,148.595,1844
2024-03-07T05:45:00.000Z,148.596,148.683,148.595,148.64,2252
2024-03-07T06:00:00.000Z,148.642,148.679,148.606,148.613,2452
2024-03-07T06:15:00.000Z,148.614,148.615,148.378,148.475,2420
2024-03-07T06:30:00.000Z,148.473,148.487,148.283,148.36,2968
2024-03-07T06:45:00.000Z,148.36,148.374,148.12,148.197,3115
2024-03-07T07:00:00.000Z,148.197,148.203,148.026,148.1,2959
2024-03-07T07:15:00.000Z,148.101,148.252,148.08,148.243,3030
2024-03-07T07:30:00.000Z,148.244,148.244,148.047,148.14,2769
2024-03-07T07:45:00.000Z,148.139,148.157,147.936,147.939,2900
2024-03-07T08:00:00.000Z,147.942,148.082,147.909,148.056,3827
2024-03-07T08:15:00.000Z,148.057,148.102,147.862,147.874,3069
2024-03-07T08:30:00.000Z,147.874,147.925,147.81,147.865,3028
2024-03-07T08:45:00.000Z,147.867,147.953,147.835,147.93,2882
2024-03-07T09:00:00.000Z,147.93,148.042,147.929,147.969,2684
2024-03-07T09:15:00.000Z,147.968,147.971,147.832,147.936,2784
2024-03-07T09:30:00.000Z,147.936,148.088,147.924,148.072,2365
2024-03-07T09:45:00.000Z,148.071,148.112,147.98,147.987,1963
2024-03-07T10:00:00.000Z,147.986,147.986,147.905,147.906,2734
2024-03-07T10:15:00.000Z,147.906,147.996,147.88,147.961,2102
2024-03-07T10:30:00.000Z,147.96,147.968,147.893,147.907,2536
2024-03-07T10:45:00.000Z,147.91,147.962,147.866,147.868,1912
2024-03-07T11:00:00.000Z,147.868,147.891,147.768,147.822,2399
2024-03-07T11:15:00.000Z,147.822,147.836,147.774,147.799,2157
2024-03-07T11:30:00.000Z,147.798,147.826,147.772,147.802,2203
2024-03-07T11:45:00.000Z,147.802,147.908,147.779,147.84,2203
2024-03-07T12:00:00.000Z,147.84,147.849,147.683,147.843,2149
2024-03-07T12:15:00.000Z,147.844,147.881,147.766,147.832,2143
2024-03-07T12:30:00.000Z,147.833,147.88,147.755,147.799,2273
2024-03-07T12:45:00.000Z,147.8,147.848,147.746,147.833,2554
2024-03-07T13:00:00.000Z,147.834,147.895,147.792,147.881,3123
2024-03-07T13:15:00.000Z,147.878,147.925,147.581,147.714,4394
2024-03-07T13:30:00.000Z,147.723,147.784,147.609,147.673,4232
2024-03-07T13:45:00.000Z,147.674,147.868,147.669,147.768,4585
2024-03-07T14:00:00.000Z,147.769,147.956,147.732,147.895,4964
2024-03-07T14:15:00.000Z,147.892,147.945,147.862,147.877,4106
2024-03-07T14:30:00.000Z,147.875,148.149,147.835,148.133,4274
2024-03-07T14:45:00.000Z,148.135,148.217,148.07,148.121,3608
2024-03-07T15:00:00.000Z,148.122,148.279,148.107,148.181,3322
2024-03-07T15:15:00.000Z,148.18,148.299,148.107,148.24,4010
2024-03-07T15:30:00.000Z,148.24,148.262,148.096,148.114,3660
2024-03-07T15:45:00.000Z,148.114,148.189,148.017,148.139,3734
2024-03-07T16:00:00.000Z,148.139,148.173,148.069,148.153,3363
2024-03-07T16:15:00.000Z,148.156,148.181,147.888,147.967,4165
2024-03-07T16:30:00.000Z,147.974,148.098,147.972,147.99,4267
2024-03-07T16:45:00.000Z,147.991,148.11,147.985,148.092,3588
2024-03-07T17:00:00.000Z,148.092,148.23,148.081,148.164,3292
2024-03-07T17:15:00.000Z,148.167,148.235,148.103,148.203,3162
2024-03-07T17:30:00.000Z,148.202,148.207,148.127,148.166,3390
2024-03-07T17:45:00.000Z,148.166,148.166,148.093,148.105,2506
2024-03-07T18:00:00.000Z,148.107,148.117,148.057,148.081,2532
2024-03-07T18:15:00.000Z,148.08,148.08,148.037,148.058,1947
2024-03-07T18:30:00.000Z,148.057,148.072,148.022,148.069,2226
2024-03-07T18:45:00.000Z,148.068,148.128,148.047,148.111,2348
2024-03-07T19:00:00.000Z,148.11,148.133,148.064,148.067,2452
2024-03-07T19:15:00.000Z,148.068,148.091,148.059,148.06,1796
2024-03-07T19:30:00.000Z,148.061,148.067,148.024,148.025,1591
2024-03-07T19:45:00.000Z,148.026,148.036,148.002,148.003,1998
2024-03-07T20:00:00.000Z,148.006,148.049,147.995,148.04,2246
2024-03-07T20:15:00.000Z,148.041,148.056,148.017,148.044,1365
2024-03-07T20:30:00.000Z,148.045,148.108,148.041,148.097,2146
2024-03-07T20:45:00.000Z,148.098,148.11,148.065,148.078,2389
2024-03-07T21:00:00.000Z,148.078,148.078,148.053,148.057,845
2024-03-07T21:15:00.000Z,148.058,148.058,148.018,148.018,562
2024-03-07T21:30:00.000Z,148.018,148.035,148.004,148.023,726
2024-03-07T21:45:00.000Z,148.024,148.035,148.013,148.026,404
2024-03-07T22:00:00.000Z,147.959,148,147.959,147.999,160
2024-03-07T22:15:00.000Z,147.966,148.002,147.95,147.983,133
2024-03-07T22:30:00.000Z,147.978,147.982,147.859,147.891,752
2024-03-07T22:45:00.000Z,147.897,147.938,147.887,147.909,523
2024-03-07T23:00:00.000Z,147.909,147.943,147.909,147.913,522
2024-03-07T23:15:00.000Z,147.912,147.915,147.826,147.836,869
2024-03-07T23:30:00.000Z,147.837,147.919,147.836,147.915,777
2024-03-07T23:45:00.000Z,147.916,147.944,147.859,147.866,1074
2024-03-08T00:00:00.000Z,147.864,147.894,147.641,147.679,2270
2024-03-08T00:15:00.000Z,147.678,147.785,147.676,147.718,1548
2024-03-08T00:30:00.000Z,147.718,147.739,147.522,147.643,2617
2024-03-08T00:45:00.000Z,147.642,147.792,147.64,147.749,3476
2024-03-08T01:00:00.000Z,147.747,147.893,147.653,147.883,2750
2024-03-08T01:15:00.000Z,147.884,147.977,147.844,147.949,2368
2024-03-08T01:30:00.000Z,147.949,148.119,147.942,147.968,3331
2024-03-08T01:45:00.000Z,147.969,147.984,147.905,147.975,2964
2024-03-08T02:00:00.000Z,147.977,148.089,147.907,147.96,3523
2024-03-08T02:15:00.000Z,147.962,147.987,147.925,147.947,2476
2024-03-08T02:30:00.000Z,147.946,147.987,147.878,147.987,2192
2024-03-08T02:45:00.000Z,147.987,148.018,147.939,147.967,2248
2024-03-08T03:00:00.000Z,147.967,148.056,147.956,147.979,2358
2024-03-08T03:15:00.000Z,147.979,147.991,147.946,147.949,2366
2024-03-08T03:30:00.000Z,147.949,147.965,147.84,147.885,1674
2024-03-08T03:45:00.000Z,147.886,147.904,147.805,147.815,1382
2024-03-08T04:00:00.000Z,147.814,147.873,147.803,147.815,2011
2024-03-08T04:15:00.000Z,147.816,147.886,147.774,147.866,1864
2024-03-08T04:30:00.000Z,147.866,147.905,147.849,147.892,1578
2024-03-08T04:45:00.000Z,147.89,147.898,147.803,147.854,2227
2024-03-08T05:00:00.000Z,147.855,147.864,147.795,147.831,2083
2024-03-08T05:15:00.000Z,147.832,147.855,147.803,147.835,1788
2024-03-08T05:30:00.000Z,147.836,147.869,147.795,147.83,1684
2024-03-08T05:45:00.000Z,147.831,147.847,147.777,147.803,1973
2024-03-08T06:00:00.000Z,147.804,147.99,147.804,147.937,2010
2024-03-08T06:15:00.000Z,147.938,147.981,147.906,147.937,1059
2024-03-08T06:30:00.000Z,147.938,147.938,147.862,147.895,1263
2024-03-08T06:45:00.000Z,147.896,147.933,147.849,147.855,1168
2024-03-08T07:00:00.000Z,147.854,147.993,147.839,147.95,2545
2024-03-08T07:15:00.000Z,147.952,148.048,147.934,147.96,2771
2024-03-08T07:30:00.000Z,147.96,148.003,147.8,147.821,2794
2024-03-08T07:45:00.000Z,147.822,147.947,147.822,147.883,2399
2024-03-08T08:00:00.000Z,147.883,147.957,147.845,147.852,3262
2024-03-08T08:15:00.000Z,147.851,147.968,147.851,147.889,2822
2024-03-08T08:30:00.000Z,147.891,147.951,147.862,147.884,2454
2024-03-08T08:45:00.000Z,147.884,147.885,147.8,147.815,2740
2024-03-08T09:00:00.000Z,147.816,147.826,147.647,147.666,2365
2024-03-08T09:15:00.000Z,147.666,147.703,147.369,147.405,3568
2024-03-08T09:30:00.000Z,147.41,147.411,147.045,147.099,4332
2024-03-08T09:45:00.000Z,147.1,147.139,146.874,147.136,3998
2024-03-08T10:00:00.000Z,147.138,147.21,146.963,147.05,2765
2024-03-08T10:15:00.000Z,147.051,147.107,146.953,147.082,2538
2024-03-08T10:30:00.000Z,147.081,147.196,147.06,147.128,1942
2024-03-08T10:45:00.000Z,147.127,147.196,147.081,147.101,1967
2024-03-08T11:00:00.000Z,147.101,147.109,146.984,147.033,1881
2024-03-08T11:15:00.000Z,147.032,147.069,146.951,147.021,1649
2024-03-08T11:30:00.000Z,147.023,147.107,147.006,147.089,1559
2024-03-08T11:45:00.000Z,147.088,147.121,147.06,147.1,1679
2024-03-08T12:00:00.000Z,147.099,147.191,147.084,147.191,1431
2024-03-08T12:15:00.000Z,147.19,147.192,147.135,147.153,1308
2024-03-08T12:30:00.000Z,147.153,147.24,147.137,147.172,1746
2024-03-08T12:45:00.000Z,147.173,147.231,147.125,147.227,1871
2024-03-08T13:00:00.000Z,147.229,147.304,147.187,147.243,3005
2024-03-08T13:15:00.000Z,147.242,147.253,147,147.08,3346
2024-03-08T13:30:00.000Z,147.099,147.48,146.48,146.632,6478
2024-03-08T13:45:00.000Z,146.635,146.965,146.595,146.961,5283
2024-03-08T14:00:00.000Z,146.962,146.984,146.798,146.928,5093
2024-03-08T14:15:00.000Z,146.927,147.048,146.753,146.822,4724
2024-03-08T14:30:00.000Z,146.818,147.009,146.69,146.866,4666
2024-03-08T14:45:00.000Z,146.862,146.949,146.803,146.892,3849
2024-03-08T15:00:00.000Z,146.891,147.019,146.85,147.016,3555
2024-03-08T15:15:00.000Z,147.016,147.235,147.012,147.124,3688
2024-03-08T15:30:00.000Z,147.124,147.175,147.052,147.096,3648
2024-03-08T15:45:00.000Z,147.095,147.125,147.009,147.03,3397
2024-03-08T16:00:00.000Z,147.031,147.238,147.026,147.205,3564
2024-03-08T16:15:00.000Z,147.206,147.257,147.158,147.243,3719
2024-03-08T16:30:00.000Z,147.243,147.258,147.179,147.238,3758
2024-03-08T16:45:00.000Z,147.237,147.26,147.172,147.178,3021
2024-03-08T17:00:00.000Z,147.179,147.186,147.06,147.135,3780
2024-03-08T17:15:00.000Z,147.135,147.188,147.055,147.057,2900
2024-03-08T17:30:00.000Z,147.056,147.166,147.039,147.157,3163
2024-03-08T17:45:00.000Z,147.158,147.168,147.025,147.028,3273
2024-03-08T18:00:00.000Z,147.029,147.143,146.997,147.114,3963
2024-03-08T18:15:00.000Z,147.114,147.148,147.07,147.088,2623
2024-03-08T18:30:00.000Z,147.086,147.086,146.991,147.021,2637
2024-03-08T18:45:00.000Z,147.022,147.088,147.022,147.069,1910
2024-03-08T19:00:00.000Z,147.069,147.161,147.053,147.136,2732
2024-03-08T19:15:00.000Z,147.135,147.157,147.088,147.113,2422
2024-03-08T19:30:00.000Z,147.114,147.115,147.06,147.086,2182
2024-03-08T19:45:00.000Z,147.087,147.095,147.044,147.048,1640
2024-03-08T20:00:00.000Z,147.05,147.065,147.03,147.051,984
2024-03-08T20:15:00.000Z,147.052,147.088,147.035,147.082,941
2024-03-08T20:30:00.000Z,147.083,147.107,147.07,147.084,1320
2024-03-08T20:45:00.000Z,147.085,147.092,147.032,147.062,1281
2024-03-08T21:00:00.000Z,147.061,147.07,147.035,147.065,758
2024-03-08T21:15:00.000Z,147.065,147.077,147.052,147.075,601
2024-03-08T21:30:00.000Z,147.076,147.098,147.075,147.093,391
2024-03-08T21:45:00.000Z,147.093,147.108,147.082,147.086,463
