time,open,high,low,close,volume
2016-01-04T16:00:00.000Z,1859.9839,1876.2759,1846.689,1874.6924,508431
2016-01-05T16:00:00.000Z,1874.7482,1877.3035,1850.9115,1863.2512,504225
2016-01-06T16:00:00.000Z,1855.667,1892.3696,1855.667,1883.8604,619528
2016-01-07T16:00:00.000Z,1883.9814,1902.7679,1876.1416,1899.6924,528103
2016-01-10T16:00:00.000Z,1901.0189,1908.8959,1879.9547,1886.1554,428098
2016-01-11T16:00:00.000Z,1884.866,1911.2933,1875.7465,1887.839,735928
2016-01-12T16:00:00.000Z,1887.2502,1916.8063,1869.5873,1878.054,945309
2016-01-13T16:00:00.000Z,1880.7946,1905.7048,1871.7905,1900.9102,718453
2016-01-14T16:00:00.000Z,1900.1613,1914.3157,1895.2479,1902.8915,622340
2016-01-17T16:00:00.000Z,1894.8462,1975.3417,1893.4294,1966.0613,984722
2016-01-18T16:00:00.000Z,1965.8318,1966.8046,1947.1882,1954.963,713675
2016-01-19T16:00:00.000Z,1952.8558,1963.4865,1937.7834,1951.0599,698117
2016-01-20T16:00:00.000Z,1947.5382,1953.1356,1930.8619,1938.0619,635445
2016-01-21T16:00:00.000Z,1938.4822,1967.4543,1936.7539,1962.124,583694
2016-01-24T16:00:00.000Z,1963.6268,1974.3964,1946.9189,1950.7311,518801
2016-01-25T16:00:00.000Z,1951.6372,1962.1782,1943.3676,1954.033,379416
2016-01-26T16:00:00.000Z,1954.4802,1960.5475,1944.5552,1956.3597,432462
2016-01-27T16:00:00.000Z,1958.1101,1976.5311,1949.3152,1955.0613,679399
2016-01-28T16:00:00.000Z,1955.2345,1955.9413,1922.3617,1924.7262,528624
2016-01-31T16:00:00.000Z,1923.3241,1952.8929,1923.3241,1944.2781,380356
2016-02-01T16:00:00.000Z,1938.5889,1954.6305,1935.4423,1953.6449,287483
2016-02-02T16:00:00.000Z,1949.9144,1956.7231,1943.2598,1950.9829,227830
2016-02-03T16:00:00.000Z,1950.8083,1952.7556,1936.4203,1942.332,272232
2016-02-04T16:00:00.000Z,1942.8608,1944.84,1915.5994,1922.822,246153
2016-02-14T16:00:00.000Z,1908.0874,1926.25,1896.4008,1896.4008,215353
2016-02-15T16:00:00.000Z,1898.3525,1922.2528,1897.7188,1907.7251,433384
2016-02-16T16:00:00.000Z,1909.7588,1919.8557,1889.8948,1891.7172,449642
2016-02-17T16:00:00.000Z,1892.932,1904.5624,1887.9823,1895.9668,364390
2016-02-18T16:00:00.000Z,1895.6184,1902.8241,1874.1659,1888.6869,553369
2016-02-21T16:00:00.000Z,1887.2681,1922.538,1884.3921,1919.8846,545324
2016-02-22T16:00:00.000Z,1921.7821,1929.8378,1907.869,1910.9285,457834
2016-02-23T16:00:00.000Z,1912.512,1918.4324,1878.7446,1880.9589,530196
2016-02-24T16:00:00.000Z,1880.9092,1887.9133,1871.3931,1878.3081,518779
2016-02-25T16:00:00.000Z,1883.2673,1889.9963,1860.4164,1868.2834,462646
2016-02-28T16:00:00.000Z,1869.4056,1881.9948,1825.55,1836.3889,647361
2016-02-29T16:00:00.000Z,1837.9894,1850.8036,1829.4174,1848.1926,479182
2016-03-01T16:00:00.000Z,1853.7913,1872.4788,1848.4974,1856.4393,582704
2016-03-02T16:00:00.000Z,1856.7626,1886.8949,1852.0924,1882.2101,602717
2016-03-03T16:00:00.000Z,1879.3591,1907.488,1878.323,1904.6259,611336
2016-03-06T16:00:00.000Z,1912.4257,1970.1936,1910.6785,1961.7729,1154467
2016-03-07T16:00:00.000Z,1961.319,1990.2345,1916.3307,1921.0402,946724
2016-03-08T16:00:00.000Z,1922.6432,1941.2324,1903.6238,1921.8116,581775
2016-03-09T16:00:00.000Z,1928.2694,1941.1561,1894.2545,1895.0449,698547
2016-03-10T16:00:00.000Z,1897.2202,1920.8785,1874.6381,1911.2887,598439
2016-03-13T16:00:00.000Z,1915.7218,1932.1353,1909.5254,1910.5243,516550
2016-03-14T16:00:00.000Z,1908.9559,1917.448,1886.5127,1888.9393,611870
2016-03-15T16:00:00.000Z,1884.7137,1893.4154,1872.2927,1875.817,467499
2016-03-16T16:00:00.000Z,1868.7286,1905.1871,1867.2908,1902.7808,599119
2016-03-17T16:00:00.000Z,1907.8879,1923.7035,1893.8651,1915.7183,1015201
2016-03-20T16:00:00.000Z,1914.6815,1921.9689,1893.9279,1907.5845,644262
2016-03-21T16:00:00.000Z,1909.58,1960.8208,1909.58,1950.4569,1118608
2016-03-22T16:00:00.000Z,1956.2814,1986.9572,1950.3127,1956.9373,1180846
2016-03-23T16:00:00.000Z,1947.4611,2003.9965,1943.161,1987.3254,1545980
2016-03-24T16:00:00.000Z,1986.5034,2015.558,1984.1591,1995.5999,1600211
2016-03-27T16:00:00.000Z,1999.5441,2012.5118,1971.0857,1974.7686,1193230
2016-03-28T16:00:00.000Z,1972.7083,1996.545,1963.9584,1966.7852,1106091
2016-03-29T16:00:00.000Z,1970.3422,1981.746,1956.0214,1970.2693,892471
2016-03-30T16:00:00.000Z,1977.7577,1979.183,1926.0645,1931.2701,881881
2016-03-31T16:00:00.000Z,1933.9117,1948.1953,1922.8285,1932.3708,747629
2016-04-04T16:00:00.000Z,1921.6378,1959.6914,1908.8895,1955.8993,573741
2016-04-05T16:00:00.000Z,1952.3613,1965.7201,1935.541,1942.1143,635721
2016-04-06T16:00:00.000Z,1935.3214,1958.604,1935.0316,1947.9836,453849
2016-04-07T16:00:00.000Z,1952.5682,1962.0503,1934.6965,1939.4623,486587
2016-04-10T16:00:00.000Z,1945.1536,1986.1083,1944.2301,1971.8285,793682
2016-04-11T16:00:00.000Z,1975.7219,2012.7433,1971.5897,2011.9307,943034
2016-04-12T16:00:00.000Z,2022.0045,2069.9702,2015.8234,2038.1748,1324213
2016-04-13T16:00:00.000Z,2043.1187,2084.0935,2034.7281,2057.4087,981116
2016-04-14T16:00:00.000Z,2050.9895,2068.7896,2044.7024,2052.9429,696694
2016-04-17T16:00:00.000Z,2042.3079,2097.3125,2032.9976,2084.2024,907365
2016-04-18T16:00:00.000Z,2085.4844,2104.123,2078.2419,2098.3586,755281
2016-04-19T16:00:00.000Z,2107.8838,2176.0889,2107.418,2173.6941,1428598
2016-04-20T16:00:00.000Z,2161.6956,2239.1099,2148.6055,2238.7366,934488
2016-04-21T16:00:00.000Z,2238.3943,2238.3943,2112.8223,2126.3433,1267945
2016-04-24T16:00:00.000Z,2128.6802,2199.1523,2097.7031,2126.6013,1306240
2016-04-25T16:00:00.000Z,2131.6055,2194.2151,2119.7373,2169.2871,1418835
2016-04-26T16:00:00.000Z,2179.4124,2202.6743,2144.395,2178.8904,1295299
2016-04-27T16:00:00.000Z,2183.2888,2187.0251,2120.3643,2148.8167,1006201
2016-04-28T16:00:00.000Z,2155.0703,2195.4673,2136.5305,2140.3855,1092544
2016-05-02T16:00:00.000Z,2170.9102,2220.6868,2161.074,2218.0254,847439
2016-05-03T16:00:00.000Z,2211.4573,2224.679,2152.7148,2180.6084,1227125
2016-05-04T16:00:00.000Z,2172.6091,2234.8625,2167.7886,2204.696,1682416
2016-05-05T16:00:00.000Z,2229.4539,2237.6799,2138.5908,2165.0313,1616404
2016-05-08T16:00:00.000Z,2167.6106,2212.1355,2149.5117,2191.8535,1416605
2016-05-09T16:00:00.000Z,2183.0542,2190.5903,2114.3179,2164.8496,1512646
2016-05-10T16:00:00.000Z,2178.7227,2263.1301,2143.4004,2263.1301,1115396
2016-05-11T16:00:00.000Z,2277.6052,2322.9792,2232.7351,2287.637,1684960
2016-05-12T16:00:00.000Z,2288.9492,2302.0083,2208.8438,2229.032,1553863
2016-05-15T16:00:00.000Z,2222.8911,2268.0078,2185.7063,2259.6084,1562872
2016-05-16T16:00:00.000Z,2257.3833,2317.0918,2249.9832,2314.5647,1280401
2016-05-17T16:00:00.000Z,2314.7771,2390.1487,2306.269,2349.4443,2098467
2016-05-18T16:00:00.000Z,2351.1035,2376.647,2323.3418,2368.9529,1911218
2016-05-19T16:00:00.000Z,2353.6851,2392.9092,2330.5542,2392.9092,1883184
2016-05-22T16:00:00.000Z,2420.6953,2426.9893,2313.2517,2332.5857,2148134
2016-05-23T16:00:00.000Z,2332.9385,2336.8696,2244.1299,2244.1299,1588587
2016-05-24T16:00:00.000Z,2216.3787,2261.8794,2187.2339,2237.6548,1760145
2016-05-25T16:00:00.000Z,2251.6858,2332.2676,2242.2576,2327.9426,2142729
2016-05-26T16:00:00.000Z,2335.3059,2344.594,2267.8567,2319.3027,2198115
2016-05-29T16:00:00.000Z,2306.5977,2412.8394,2301.0591,2410.7942,2544587
2016-05-30T16:00:00.000Z,2405.0342,2434.6548,2390.5325,2404.571,1772055
2016-05-31T16:00:00.000Z,2402.0515,2428.5417,2351.2295,2378.3547,2318388
2016-06-01T16:00:00.000Z,2382.5664,2497.0662,2367.5493,2474.3137,2418984
2016-06-02T16:00:00.000Z,2487.2856,2530.6357,2459.6091,2526.9871,2174368
2016-06-05T16:00:00.000Z,2547.3108,2551.2412,2502.9141,2542.8271,1902025
2016-06-06T16:00:00.000Z,2545.3884,2574.5925,2519.2852,2557.0039,2198519
2016-06-07T16:00:00.000Z,2547.4204,2567.8403,2514.2671,2567.8267,1780528
2016-06-12T16:00:00.000Z,2650.1675,2666.9417,2618.9302,2666.9417,551311
2016-06-13T16:00:00.000Z,2689.5171,2748.9622,2600.9397,2626.3325,2611459
2016-06-14T16:00:00.000Z,2637.4971,2690.7771,2607.4739,2673.0024,3079302
2016-06-15T16:00:00.000Z,2701.9944,2707.4226,2578.6704,2590.3145,2972377
2016-06-16T16:00:00.000Z,2589.9697,2624.7722,2551.7502,2622.4148,2280349
2016-06-19T16:00:00.000Z,2630.3037,2659.4604,2607.0408,2646.5615,1934898
2016-06-20T16:00:00.000Z,2637.3994,2672.8032,2616.3896,2625.7791,2119679
2016-06-21T16:00:00.000Z,2591.4131,2632.4065,2570.2656,2632.4065,1826441
2016-06-22T16:00:00.000Z,2610.25,2648.1074,2572.2393,2592.3145,2220236
2016-06-23T16:00:00.000Z,2590.3406,2647.3972,2578.6335,2586.8528,3244316
2016-06-26T16:00:00.000Z,2573.6836,2689.9871,2572.1084,2687.4241,2156696
2016-06-27T16:00:00.000Z,2686.5308,2765.2671,2670.3047,2765.2024,2062829
2016-06-28T16:00:00.000Z,2780.6501,2815.0642,2720.4177,2759.5615,2544895
2016-06-29T16:00:00.000Z,2749.1963,2817.051,2737.4094,2811.582,2325267
2016-06-30T16:00:00.000Z,2817.8899,2897.51,2778.7776,2853.8098,2398653
2016-07-03T16:00:00.000Z,2836.5901,2928.3064,2828.2651,2857.7231,2220212
2016-07-04T16:00:00.000Z,2851.0581,2862.5632,2722.6951,2744.2429,2320099
2016-07-05T16:00:00.000Z,2736.7747,2774.1306,2630.7622,2646.5205,2759194
2016-07-06T16:00:00.000Z,2608.3293,2675.9521,2552.6604,2561.397,2163658
2016-07-07T16:00:00.000Z,2575.2639,2579.8303,2452.0962,2472.0706,2256907
2016-07-10T16:00:00.000Z,2492.1616,2537.8198,2449.3457,2485.9722,2351511
2016-07-11T16:00:00.000Z,2467.1587,2534.2954,2466.8511,2523.8247,2520264
2016-07-12T16:00:00.000Z,2509.6191,2622.7632,2502.2705,2617.9055,2824956
2016-07-13T16:00:00.000Z,2637.6238,2673.6072,2608.2791,2636.4434,2011628
2016-07-14T16:00:00.000Z,2631.9165,2637.2314,2504.4136,2504.4619,1496001
2016-07-17T16:00:00.000Z,2496.8569,2533.1438,2458.8557,2471.4592,1285349
2016-07-18T16:00:00.000Z,2463.8491,2532.896,2455.6919,2520.7578,1709378
2016-07-19T16:00:00.000Z,2511.3723,2515.5916,2402.8235,2454.9302,2116375
2016-07-20T16:00:00.000Z,2451.3311,2496.937,2412.0833,2485.6111,1702081
2016-07-21T16:00:00.000Z,2483.5747,2508.6641,2378.1443,2387.8289,1880552
2016-07-24T16:00:00.000Z,2375.4009,2408.9854,2353.1941,2390.4014,1347572
2016-07-25T16:00:00.000Z,2394.5095,2415.5605,2364.1494,2410.5474,1295142
2016-07-26T16:00:00.000Z,2401.0593,2452.4795,2392.241,2416.0627,1363777
2016-07-27T16:00:00.000Z,2437.0078,2456.2783,2399.2803,2414.9426,1314696
2016-07-28T16:00:00.000Z,2405.0259,2452.877,2381.918,2388.8735,1329454
2016-07-31T16:00:00.000Z,2396.3254,2441.5537,2392.6021,2422.7395,920307
2016-08-01T16:00:00.000Z,2410.9233,2424.6611,2340.4421,2375.2666,1091079
2016-08-02T16:00:00.000Z,2361.124,2389.0452,2349.408,2369.7097,838982
2016-08-03T16:00:00.000Z,2378.7415,2384.0593,2328.3787,2379.0935,1176924
2016-08-04T16:00:00.000Z,2370.3335,2420.9473,2356.9944,2418.0647,1197655
2016-08-07T16:00:00.000Z,2400.3767,2433.7668,2392.9426,2395.4683,956100
2016-08-08T16:00:00.000Z,2392.8086,2431.9998,2378.2441,2417.5193,949771
2016-08-09T16:00:00.000Z,2395.9958,2466.1868,2393.7305,2462.7122,1064251
2016-08-10T16:00:00.000Z,2451.6802,2460.103,2422.3394,2425.8896,835420
2016-08-11T16:00:00.000Z,2423.5696,2441.9731,2396.4626,2408.2627,839392
2016-08-14T16:00:00.000Z,2396.3044,2447.3582,2356.9524,2438.0066,1024116
2016-08-15T16:00:00.000Z,2435.0012,2463.2378,2412.0613,2421.4944,1022396
2016-08-16T16:00:00.000Z,2423.7354,2432.6123,2400.5195,2411.3298,766531
2016-08-17T16:00:00.000Z,2411.6912,2439.8022,2356.2329,2360.3428,1088262
2016-08-18T16:00:00.000Z,2363.0864,2367.5298,2290.6301,2311.4768,1145547
2016-08-21T16:00:00.000Z,2309.1335,2337.0728,2299.1543,2326.7927,677880
2016-08-22T16:00:00.000Z,2316.5586,2352.0854,2307.9089,2313.4036,674674
2016-08-23T16:00:00.000Z,2318.2827,2326.4763,2277.5298,2281.9163,829021
2016-08-24T16:00:00.000Z,2281.3906,2323.0142,2263.761,2318.6951,933517
2016-08-25T16:00:00.000Z,2319.5632,2325.9888,2280.0005,2292.4348,983281
2016-08-28T16:00:00.000Z,2299.2693,2314.2058,2267.6926,2278.8904,801544
2016-08-29T16:00:00.000Z,2276.1641,2287.5955,2258.011,2266.4873,597634
2016-08-30T16:00:00.000Z,2266.2703,2274.4639,2223.7661,2232.4717,624701
2016-08-31T16:00:00.000Z,2223.8364,2230.2803,2181.8569,2213.1245,852547
2016-09-01T16:00:00.000Z,2214.1536,2242.0938,2201.1104,2212.6067,710262
2016-09-04T16:00:00.000Z,2216.4927,2231.6082,2176.4717,2184.4634,697746
2016-09-05T16:00:00.000Z,2186.3325,2224.0498,2180.1895,2221.0242,590492
2016-09-06T16:00:00.000Z,2214.9958,2271.6069,2210.7124,2263.3945,815066
2016-09-07T16:00:00.000Z,2267.0042,2278.3145,2250.6726,2269.9094,601868
2016-09-08T16:00:00.000Z,2273.8311,2278.3672,2248.2075,2259.3462,475079
2016-09-11T16:00:00.000Z,2256.4912,2305.6934,2237.8562,2266.7241,697171
2016-09-12T16:00:00.000Z,2276.6414,2289.6699,2242.208,2255.0957,642742
2016-09-13T16:00:00.000Z,2241.3289,2250.7375,2201.1616,2218.5149,534698
2016-09-18T16:00:00.000Z,2266.6631,2291.1016,2249.3303,2286.3357,337633
2016-09-19T16:00:00.000Z,2285.4934,2304.9512,2272.7878,2301.1882,584629
2016-09-20T16:00:00.000Z,2312.0317,2330.5632,2296.6155,2305.595,593798
2016-09-21T16:00:00.000Z,2308.4619,2327.1824,2268.7429,2274.5024,780499
2016-09-22T16:00:00.000Z,2283.7271,2292.0364,2237.2554,2242.9888,636103
2016-09-25T16:00:00.000Z,2238.8931,2254.0046,2223.1033,2225.8862,494533
2016-09-26T16:00:00.000Z,2225.1768,2231.5691,2192.4382,2202.0999,520160
2016-09-27T16:00:00.000Z,2207.7249,2209.3555,2184.3154,2205.2471,393835
2016-09-28T16:00:00.000Z,2200.728,2235.1919,2200.1272,2215.5388,421192
2016-09-29T16:00:00.000Z,2213.2693,2226.7395,2157.4426,2174.5654,515987
2016-10-09T16:00:00.000Z,2171.6028,2179.9475,2128.7834,2154.3374,260914
2016-10-10T16:00:00.000Z,2155.9216,2181.0393,2151.6108,2175.1753,435362
2016-10-11T16:00:00.000Z,2174.3174,2200.603,2137.3982,2149.5811,619006
2016-10-12T16:00:00.000Z,2152.7874,2178.5366,2130.761,2141.1355,562023
2016-10-13T16:00:00.000Z,2152.4343,2187.4202,2128.228,2177.2524,626583
2016-10-16T16:00:00.000Z,2180.4661,2222.8972,2178.6648,2221.3052,741247
2016-10-17T16:00:00.000Z,2227.0969,2235.2202,2198.7878,2231.2366,547291
2016-10-18T16:00:00.000Z,2221.2759,2240.6672,2186.7422,2199.3132,584493
2016-10-19T16:00:00.000Z,2195.2209,2259.1914,2192.6426,2255.5615,623811
2016-10-20T16:00:00.000Z,2260.1106,2270.8662,2231.0271,2267.7295,658694
2016-10-23T16:00:00.000Z,2272.9353,2287.7156,2245.8379,2287.2515,546442
2016-10-24T16:00:00.000Z,2292.1567,2298.6418,2253.938,2261.9219,614431
2016-10-25T16:00:00.000Z,2265.7456,2304.5352,2241.5327,2299.437,819045
2016-10-26T16:00:00.000Z,2297.6907,2363.4854,2289.0088,2355.4038,947455
2016-10-27T16:00:00.000Z,2343.1602,2365.1929,2335.4541,2347.0559,562769
2016-10-30T16:00:00.000Z,2343.6458,2359.5781,2312.3379,2312.48,518601
2016-10-31T16:00:00.000Z,2301.0015,2336.3794,2298.4976,2306.354,571325
2016-11-01T16:00:00.000Z,2310.7356,2325.7002,2209.1304,2211.061,829458
2016-11-02T16:00:00.000Z,2220.7463,2225.8899,2195.3552,2206.9087,594129
2016-11-03T16:00:00.000Z,2209.9814,2228.2639,2169.9932,2182.2053,655058
2016-11-06T16:00:00.000Z,2186.0972,2231.8552,2183.5405,2225.3372,538411
2016-11-07T16:00:00.000Z,2225.1377,2262.0383,2218.6951,2248.718,643613
2016-11-08T16:00:00.000Z,2252.8169,2262.3635,2202.9707,2221.0249,705131
2016-11-09T16:00:00.000Z,2236.717,2348.0115,2235.1487,2345.1667,1290286
2016-11-10T16:00:00.000Z,2348.1414,2431.499,2347.0742,2410.8987,1270583
2016-11-13T16:00:00.000Z,2388.4502,2440.468,2273.0518,2273.1726,998261
2016-11-14T16:00:00.000Z,2233.2813,2309.2124,2233.2813,2263.9063,545713
2016-11-15T16:00:00.000Z,2271.8813,2329.178,2271.3303,2325.9932,665449
2016-11-16T16:00:00.000Z,2321.2793,2340.8901,2302.3657,2327.3521,601211
2016-11-17T16:00:00.000Z,2327.7861,2336.2529,2289.9866,2308.8486,515581
2016-11-20T16:00:00.000Z,2318.0461,2407.3223,2308.1858,2386.6145,760436
2016-11-21T16:00:00.000Z,2389.4324,2458.3818,2372.7129,2429.1812,738239
2016-11-22T16:00:00.000Z,2411.3608,2469.5906,2395.4099,2433.5007,613137
2016-11-23T16:00:00.000Z,2420.8711,2465.4106,2391.5991,2406.979,669108
2016-11-24T16:00:00.000Z,2411.9631,2444.5879,2390.0969,2416.5369,510550
2016-11-27T16:00:00.000Z,2416.7625,2520.583,2416.7625,2502.5195,762286
2016-11-28T16:00:00.000Z,2502.9932,2523.6423,2461.729,2484.0552,601322
2016-11-29T16:00:00.000Z,2469.7883,2482.3604,2399.3447,2431.4924,679010
2016-11-30T16:00:00.000Z,2444.9258,2484.2888,2410.8162,2435.5691,667134
2016-12-01T16:00:00.000Z,2443.1843,2449.4919,2382.313,2403.7107,562759
2016-12-04T16:00:00.000Z,2408.397,2435.8372,2395.8013,2430.1179,447927
2016-12-05T16:00:00.000Z,2441.3667,2466.1306,2413.8123,2431.7041,491630
2016-12-06T16:00:00.000Z,2457.2678,2467.9387,2434.449,2452.6716,482945
2016-12-07T16:00:00.000Z,2451.7446,2462.9683,2408.3667,2419.4607,457963
2016-12-08T16:00:00.000Z,2424.0552,2426.6157,2353.1199,2383.3982,497285
2016-12-11T16:00:00.000Z,2393.4604,2461.8242,2381.345,2442.9246,461854
2016-12-12T16:00:00.000Z,2432.5305,2473.2185,2432.5305,2471.0073,448232
2016-12-13T16:00:00.000Z,2478.4448,2482.5195,2413.1685,2418.4753,505992
2016-12-14T16:00:00.000Z,2403.5933,2432.8914,2393.9858,2424.8921,338304
2016-12-15T16:00:00.000Z,2418.5547,2456.8882,2408.2988,2433.1919,389811
2016-12-18T16:00:00.000Z,2433.6851,2463.4932,2415.5894,2434.1006,487638
2016-12-19T16:00:00.000Z,2424.9736,2436.887,2344.2512,2351.2363,562443
2016-12-20T16:00:00.000Z,2351.2051,2362.6729,2328.7236,2334.822,428754
2016-12-21T16:00:00.000Z,2337.3494,2357.2761,2306.8987,2312.1089,351138
2016-12-22T16:00:00.000Z,2312.3359,2332.3787,2294.1416,2323.0759,380880
2016-12-25T16:00:00.000Z,2325.7163,2338.3225,2270.4941,2284.981,384601
2016-12-26T16:00:00.000Z,2286.6592,2327.6199,2284.6519,2322.6714,290750
2016-12-27T16:00:00.000Z,2329.3213,2362.4124,2326.7439,2343.0449,324535
2016-12-28T16:00:00.000Z,2348.5779,2350.0913,2315.123,2336.7297,278221
2016-12-29T16:00:00.000Z,2344.6667,2355.9448,2305.2903,2310.8594,301247
2017-01-02T16:00:00.000Z,2286.635,2325.6233,2274.1333,2279.5083,206296
2017-01-03T16:00:00.000Z,2280.8613,2312.5425,2262.0044,2308.7041,336753
2017-01-04T16:00:00.000Z,2310.0208,2333.677,2297.2095,2301.1272,286313
2017-01-05T16:00:00.000Z,2299.1077,2312.1553,2283.1694,2295.762,242506
2017-01-08T16:00:00.000Z,2294.6987,2315.0383,2270.5364,2288.7554,372982
2017-01-09T16:00:00.000Z,2288.5562,2309.1821,2272.0112,2289.209,390525
2017-01-10T16:00:00.000Z,2284.7283,2341.5051,2284.5261,2326.4358,520052
2017-01-11T16:00:00.000Z,2323.4326,2337.9617,2308.4495,2319.4531,323765
2017-01-12T16:00:00.000Z,2321.304,2399.1726,2319.5889,2380.1973,490539
2017-01-15T16:00:00.000Z,2378.9844,2425.146,2370.1006,2417.2998,366673
2017-01-16T16:00:00.000Z,2423.4956,2450.623,2407.9307,2426.1726,379541
2017-01-17T16:00:00.000Z,2433.1965,2450.0938,2410.3213,2433.5422,362194
2017-01-18T16:00:00.000Z,2431.137,2458.7856,2420.7371,2450.8896,339610
2017-01-19T16:00:00.000Z,2451.0725,2454.8928,2412.0398,2420.999,302400
2017-01-22T16:00:00.000Z,2416.0247,2424.9526,2397.481,2419.1826,265496
2017-01-23T16:00:00.000Z,2414.1641,2439.9106,2406.417,2428.208,253403
2017-01-24T16:00:00.000Z,2426.6775,2427.9705,2373.5981,2378.0244,317634
2017-01-25T16:00:00.000Z,2379.2883,2406.7834,2378.634,2394.1902,188263
2017-02-02T16:00:00.000Z,2379.658,2406.6716,2352.3401,2389.7363,161413
2017-02-05T16:00:00.000Z,2388.3569,2451.8367,2386.8125,2438.3057,549079
2017-02-06T16:00:00.000Z,2444.6338,2465.4988,2435.4568,2440.9414,314377
2017-02-07T16:00:00.000Z,2431.7458,2485.2219,2413.6814,2484.5405,450647
2017-02-08T16:00:00.000Z,2487.0779,2499.3062,2467.8425,2472.8586,324081
2017-02-09T16:00:00.000Z,2471.0679,2511.3274,2469.4656,2508.4902,412259
2017-02-12T16:00:00.000Z,2508.6982,2527.0085,2489.0237,2496.9209,378500
2017-02-13T16:00:00.000Z,2498.7195,2513.4041,2470.449,2471.4583,357407
2017-02-14T16:00:00.000Z,2477.4097,2479.3186,2452.8601,2455.9116,342413
2017-02-15T16:00:00.000Z,2446.0208,2499.5874,2442.6941,2469.2034,416934
2017-02-16T16:00:00.000Z,2468.6265,2494.085,2418.4883,2426.7908,525630
2017-02-19T16:00:00.000Z,2430.6184,2444.8562,2423.5691,2439.3416,238707
2017-02-20T16:00:00.000Z,2442.8245,2485.936,2437.9124,2467.4651,414687
2017-02-21T16:00:00.000Z,2468.8027,2475.9932,2420.217,2434.7419,369837
2017-02-22T16:00:00.000Z,2436.7607,2448.9792,2393.4072,2393.7175,354923
2017-02-23T16:00:00.000Z,2394.2727,2402.0769,2369.1277,2398.4607,308154
2017-02-26T16:00:00.000Z,2400.5042,2416.7917,2389.3691,2412.1821,281626
2017-02-27T16:00:00.000Z,2417.1318,2420.8911,2395.0557,2402.2996,251980
2017-02-28T16:00:00.000Z,2398.7366,2450.5127,2398.4758,2429.0796,403890
2017-03-01T16:00:00.000Z,2433.8376,2461.5649,2428.104,2458.4802,308828
2017-03-02T16:00:00.000Z,2454.8555,2456.0549,2427.7944,2449.0574,259082
2017-03-05T16:00:00.000Z,2453.342,2480.9688,2439.6841,2478.9758,391479
2017-03-06T16:00:00.000Z,2478.5593,2484.2578,2462.7939,2469.5676,291784
2017-03-07T16:00:00.000Z,2464.4753,2468.5657,2415.363,2416.3423,388725
2017-03-08T16:00:00.000Z,2413.3677,2425.929,2401.186,2414.9124,280235
2017-03-09T16:00:00.000Z,2406.8979,2417.2422,2369.8796,2372.8708,354102
2017-03-12T16:00:00.000Z,2373.0918,2396.0269,2365.6157,2387.5847,286741
2017-03-13T16:00:00.000Z,2385.9043,2404.198,2344.634,2353.1543,455947
2017-03-14T16:00:00.000Z,2347.8677,2386.6733,2330.5786,2378.0603,384993
2017-03-15T16:00:00.000Z,2383.8564,2388.262,2357.896,2374.8555,269804
2017-03-16T16:00:00.000Z,2380.6121,2383.4006,2345.1865,2366.4519,322046
2017-03-19T16:00:00.000Z,2362.3308,2410.1929,2354.8977,2408.7026,425359
2017-03-20T16:00:00.000Z,2406.1428,2417.7249,2377.8547,2389.8511,454328
2017-03-21T16:00:00.000Z,2391.0811,2395.2751,2367.248,2384.7229,488551
2017-03-22T16:00:00.000Z,2378.6763,2390.6746,2335.2791,2335.3049,625853
2017-03-23T16:00:00.000Z,2336.2034,2353.5762,2315.613,2320.8896,432338
2017-03-26T16:00:00.000Z,2319.708,2328.7913,2294.3284,2321.1663,407610
2017-03-27T16:00:00.000Z,2319.8074,2332.0088,2312.938,2319.4661,368674
2017-03-28T16:00:00.000Z,2325.5115,2342.439,2310.9834,2338.0115,451999
2017-03-29T16:00:00.000Z,2338.7507,2340.6165,2310.3904,2320.9573,361116
2017-03-30T16:00:00.000Z,2320.5642,2331.6877,2285.4436,2315.7808,501937
2017-04-04T16:00:00.000Z,2284.9006,2310.6443,2284.5217,2300.3323,264073
2017-04-05T16:00:00.000Z,2301.6311,2313.8962,2292.6719,2305.2896,363673
2017-04-06T16:00:00.000Z,2308.7422,2308.8801,2273.2278,2278.6365,393543
2017-04-09T16:00:00.000Z,2284.5596,2322.7695,2279.4773,2311.9265,407524
2017-04-10T16:00:00.000Z,2316.8252,2322.572,2297.0623,2317.6331,296064
2017-04-11T16:00:00.000Z,2313.364,2358.8313,2293.9294,2345.4229,562345
2017-04-12T16:00:00.000Z,2351.2969,2383.4988,2342.6021,2383.4028,422278
2017-04-13T16:00:00.000Z,2382.9495,2396.3352,2371.2173,2384.1345,432703
2017-04-16T16:00:00.000Z,2385.7764,2402.8572,2367.7263,2395.5906,443182
2017-04-17T16:00:00.000Z,2392.7065,2403.4775,2379.2183,2383.6343,427971
2017-04-18T16:00:00.000Z,2382.6768,2425.2065,2365.158,2424.3242,517275
2017-04-19T16:00:00.000Z,2421.6042,2429.697,2393.0034,2416.5833,456624
2017-04-20T16:00:00.000Z,2416.9014,2419.2791,2393.6619,2409.6565,366453
2017-04-23T16:00:00.000Z,2411.491,2448.4514,2396.1875,2435.5996,533132
2017-04-24T16:00:00.000Z,2438.5608,2443.6855,2424.468,2432.6653,283950
2017-04-25T16:00:00.000Z,2429.4966,2439.1091,2377.0229,2377.1509,601327
2017-04-26T16:00:00.000Z,2380.4927,2391.6028,2361.311,2364.6658,416917
2017-04-27T16:00:00.000Z,2369.0486,2383.855,2363.78,2369.2783,320700
2017-05-01T16:00:00.000Z,2397.3765,2451.3679,2392.2986,2443.9258,436996
2017-05-02T16:00:00.000Z,2439.3784,2447.0898,2427.4407,2435.5596,320084
2017-05-03T16:00:00.000Z,2434.6492,2449.0193,2414.3748,2439.0068,604643
2017-05-04T16:00:00.000Z,2432.407,2459.1042,2414.9563,2417.3645,660540
2017-05-07T16:00:00.000Z,2430.3335,2440.095,2382.5837,2389.865,627694
2017-05-08T16:00:00.000Z,2388.0679,2392.5137,2368.6086,2380.8181,345320
2017-05-09T16:00:00.000Z,2379.8403,2401.8103,2378.0354,2394.0542,326035
2017-05-10T16:00:00.000Z,2392.4163,2404.3389,2368.2949,2394.2424,453717
2017-05-11T16:00:00.000Z,2390.6675,2397.0293,2337.4248,2339.9155,532529
2017-05-14T16:00:00.000Z,2338.6548,2349.8896,2325.0664,2326.1631,372612
2017-05-15T16:00:00.000Z,2334.5466,2339.2556,2304.7834,2312.9814,359470
2017-05-16T16:00:00.000Z,2316.2043,2341.5178,2314.334,2336.5225,334057
2017-05-17T16:00:00.000Z,2336.0903,2337.2109,2282.6604,2291.801,375062
2017-05-18T16:00:00.000Z,2268.0049,2299.9277,2264.0813,2285.7673,390361
2017-05-21T16:00:00.000Z,2290.1702,2316.1372,2275.439,2305.9192,461598
2017-05-22T16:00:00.000Z,2300.2424,2308.7717,2280.4937,2283.3132,329280
2017-05-23T16:00:00.000Z,2282.8699,2299.0237,2265.0444,2286.6018,445144
2017-05-24T16:00:00.000Z,2294.5435,2303.4399,2281.9182,2289.1125,313483
2017-05-25T16:00:00.000Z,2288.0867,2290.8848,2250.4329,2252.2043,356088
2017-05-30T16:00:00.000Z,2222.9333,2231.2808,2138.3445,2149.3081,510016
2017-05-31T16:00:00.000Z,2153.0864,2173.9966,2151.4219,2163.1838,324648
2017-06-01T16:00:00.000Z,2174.0625,2175.5544,2147.5579,2161.1765,282595
2017-06-04T16:00:00.000Z,2168.533,2199.2224,2165.0396,2173.1694,366283
2017-06-05T16:00:00.000Z,2174.7446,2181.6565,2162.0554,2171.2119,279140
2017-06-06T16:00:00.000Z,2170.9243,2195.9431,2167.8342,2176.4346,303093
2017-06-07T16:00:00.000Z,2186.0193,2190.9985,2175.4536,2185.3186,275272
2017-06-08T16:00:00.000Z,2192.8359,2210.4404,2186.3037,2192.8633,345337
2017-06-11T16:00:00.000Z,2197.623,2208.991,2179.3279,2193.3723,347416
2017-06-12T16:00:00.000Z,2179.8032,2188.4863,2171.9624,2180.4148,265171
2017-06-13T16:00:00.000Z,2181.1863,2207.0452,2180.9207,2199.8108,327573
2017-06-14T16:00:00.000Z,2200.8435,2214.4941,2184.8938,2194.77,265902
2017-06-15T16:00:00.000Z,2183.2212,2221.75,2179.188,2209.2229,309482
2017-06-18T16:00:00.000Z,2211.8494,2239.8286,2202.9609,2229.1062,302566
2017-06-19T16:00:00.000Z,2224.9846,2234.4897,2217.1992,2232.7178,185368
2017-06-20T16:00:00.000Z,2222.6169,2236.46,2216.5408,2231.9346,261218
2017-06-21T16:00:00.000Z,2232.8489,2240.908,2192.1433,2195.3801,319884
2017-06-22T16:00:00.000Z,2190.739,2200.3186,2179.0874,2187.8945,253552
2017-06-25T16:00:00.000Z,2191.9512,2200.9692,2181.3232,2193.554,189243
2017-06-26T16:00:00.000Z,2194.7317,2195.7327,2183.0361,2193.041,187174
2017-06-27T16:00:00.000Z,2201.116,2206.7529,2181.9143,2189.6423,232691
2017-06-28T16:00:00.000Z,2192.0898,2203.989,2189.4995,2199.9045,236330
2017-06-29T16:00:00.000Z,2205.8926,2223.7327,2171.8984,2183.6226,439312
2017-07-02T16:00:00.000Z,2190.6116,2304.085,2187.0149,2297.3357,610165
2017-07-03T16:00:00.000Z,2304.5369,2310.0229,2288.23,2309.1421,421706
2017-07-04T16:00:00.000Z,2304.8872,2310.9187,2295.3569,2308.5391,273371
2017-07-05T16:00:00.000Z,2307.4883,2327.2859,2302.6204,2311.1409,370196
2017-07-06T16:00:00.000Z,2308.4036,2327.3359,2301.9854,2312.1917,268527
2017-07-09T16:00:00.000Z,2318.5168,2389.1421,2293.927,2371.8103,581332
2017-07-10T16:00:00.000Z,2371.1348,2392.1882,2357.3638,2376.0688,345871
2017-07-11T16:00:00.000Z,2363.5483,2386.748,2361.4822,2377.9543,228111
2017-07-12T16:00:00.000Z,2374.5271,2403.7261,2339.0181,2349.8875,509304
2017-07-13T16:00:00.000Z,2338.4624,2349.7109,2290.9121,2303.0261,449282
2017-07-16T16:00:00.000Z,2308.1804,2320.7124,2296.3494,2299.7458,306153
2017-07-17T16:00:00.000Z,2313.4053,2321.072,2294.6033,2308.6221,292361
2017-07-18T16:00:00.000Z,2318.5803,2321.3953,2292.2478,2301.5317,298890
2017-07-19T16:00:00.000Z,2302.1833,2317.395,2296.3103,2313.8079,304220
2017-07-20T16:00:00.000Z,2324.7144,2335.8584,2313.1782,2332.4661,338966
2017-07-23T16:00:00.000Z,2323.3225,2329.5894,2260.4705,2266.1094,389973
2017-07-24T16:00:00.000Z,2263.9138,2307.7673,2262.2285,2302.9634,312828
2017-07-25T16:00:00.000Z,2297.1292,2300.2341,2249.7034,2252.8274,317757
2017-07-26T16:00:00.000Z,2232.4307,2267.2903,2231.0139,2258.0854,252722
2017-07-27T16:00:00.000Z,2263.9136,2279.6648,2251.0803,2263.8997,319295
2017-07-30T16:00:00.000Z,2265.3286,2290.0208,2255.3301,2289.6001,328565
2017-07-31T16:00:00.000Z,2285.0906,2299.1077,2279.0432,2279.0432,246554
2017-08-01T16:00:00.000Z,2269.4954,2280.9619,2247.084,2259.7686,296598
2017-08-02T16:00:00.000Z,2261.4946,2263.4126,2214.2537,2215.9526,276783
2017-08-03T16:00:00.000Z,2213.9902,2229.178,2210.5012,2225.3489,227490
2017-08-06T16:00:00.000Z,2225.9189,2243.7351,2219.7202,2230.7397,268661
2017-08-07T16:00:00.000Z,2229.4404,2259.8606,2224.5571,2256.1531,288656
2017-08-08T16:00:00.000Z,2255.958,2266.0852,2246.1375,2262.7261,233621
2017-08-09T16:00:00.000Z,2261.0415,2273.6628,2254.6616,2267.2063,270634
2017-08-10T16:00:00.000Z,2271.979,2285.5754,2186.8843,2195.7893,510171
2017-08-13T16:00:00.000Z,2199.6218,2202.0989,2171.4973,2185.6116,226955
2017-08-14T16:00:00.000Z,2180.1147,2189.2686,2172.0818,2175.9897,215286
2017-08-15T16:00:00.000Z,2167.9226,2175.7483,2147.8008,2156.0742,232759
2017-08-16T16:00:00.000Z,2158.915,2173.0525,2153.5261,2168.1274,220310
2017-08-17T16:00:00.000Z,2170.9429,2177.6118,2164.5647,2166.3042,163972
2017-08-20T16:00:00.000Z,2162.7983,2189.0388,2161.9565,2179.9363,267328
2017-08-21T16:00:00.000Z,2175.6218,2199.3096,2150.2065,2197.4011,403627
2017-08-22T16:00:00.000Z,2191.7478,2203.4263,2186.9841,2193.637,344493
2017-08-23T16:00:00.000Z,2198.2188,2199.7656,2174.5056,2186.5923,280303
2017-08-24T16:00:00.000Z,2188.0737,2193.8088,2178.1516,2186.4155,211732
2017-08-27T16:00:00.000Z,2191.3411,2212.1956,2180.3574,2203.0159,316484
2017-08-28T16:00:00.000Z,2206.6514,2206.6589,2179.1052,2185.2649,237472
2017-08-29T16:00:00.000Z,2174.4893,2186.3408,2157.4253,2162.7842,259658
2017-08-30T16:00:00.000Z,2162.1572,2167.386,2152.8274,2158.7124,180181
2017-08-31T16:00:00.000Z,2156.6887,2173.9697,2149.3779,2158.5713,232340
2017-09-03T16:00:00.000Z,2164.9346,2179.3696,2153.4065,2172.7031,294039
2017-09-04T16:00:00.000Z,2173.5674,2185.144,2168.9675,2176.9736,222834
2017-09-05T16:00:00.000Z,2182.4194,2198.303,2176.8677,2184.1055,292082
2017-09-06T16:00:00.000Z,2187.9221,2205.3413,2177.9553,2197.8923,310561
2017-09-07T16:00:00.000Z,2198.7185,2204.4092,2160.6743,2170.6067,336514
2017-09-10T16:00:00.000Z,2171.5603,2183.0471,2158.7241,2179.5557,206857
2017-09-11T16:00:00.000Z,2177.9011,2189.6121,2166.7002,2174.7373,222999
2017-09-12T16:00:00.000Z,2174.7896,2186.9133,2125.6025,2134.7273,530551
2017-09-13T16:00:00.000Z,2135.4067,2154.762,2132.3892,2154.7112,250515
2017-09-14T16:00:00.000Z,2155.5615,2178.5925,2152.6733,2169.7847,314518
2017-09-17T16:00:00.000Z,2168.5825,2185.3435,2151.2307,2182.9824,274317
2017-09-18T16:00:00.000Z,2177.7786,2190.5222,2167.1267,2168.7324,211734
2017-09-19T16:00:00.000Z,2170.2356,2176.6255,2158.7183,2172.7771,170125
2017-09-20T16:00:00.000Z,2173.2429,2197.4431,2164.9082,2194.04,313292
2017-09-21T16:00:00.000Z,2192.8884,2265.0923,2185.7854,2255.1841,664739
2017-09-24T16:00:00.000Z,2259.2375,2274.9521,2247.873,2266.1833,398347
2017-09-25T16:00:00.000Z,2263.3,2266.0454,2240.4719,2251.5994,273603
2017-09-26T16:00:00.000Z,2244.8418,2253.1729,2228.0679,2251.0308,267473
2017-09-27T16:00:00.000Z,2245.085,2255.9924,2215.6147,2227.1111,309680
2017-09-28T16:00:00.000Z,2226.0916,2242.8704,2171.5227,2182.9739,383243
2017-10-08T16:00:00.000Z,2221.6455,2234.1865,2210.5452,2218.3921,158373
2017-10-09T16:00:00.000Z,2219.4756,2229.7,2212.5227,2220.0603,189224
2017-10-10T16:00:00.000Z,2225.6199,2242.0376,2208.1638,2214.6968,265086
2017-10-11T16:00:00.000Z,2214.134,2224.4807,2205.106,2212.1414,176290
2017-10-12T16:00:00.000Z,2211.9714,2289.2327,2207.3525,2288.3284,399541
2017-10-15T16:00:00.000Z,2288.7815,2295.9297,2272.3706,2280.7573,266080
2017-10-16T16:00:00.000Z,2283.1008,2298.9395,2266.261,2273.011,200465
2017-10-17T16:00:00.000Z,2270.491,2278.5388,2264.4705,2268.6318,186063
2017-10-18T16:00:00.000Z,2272.603,2283.8738,2263.9204,2278.9048,221511
2017-10-19T16:00:00.000Z,2280.4417,2285.5571,2270.5237,2277.4114,194859
2017-10-22T16:00:00.000Z,2282.3853,2300.0125,2244.0264,2256.2205,315145
2017-10-23T16:00:00.000Z,2252.2107,2263.3235,2248.5664,2250.2019,132301
2017-10-24T16:00:00.000Z,2244.0264,2263.6064,2243.2959,2260.9685,164726
2017-10-25T16:00:00.000Z,2264.7285,2268.7939,2230.46,2234.1357,241914
2017-10-26T16:00:00.000Z,2238.2158,2243.4585,2215.5225,2218.8958,184650
2017-10-29T16:00:00.000Z,2221.7925,2235.4368,2219.698,2225.7051,154382
2017-10-30T16:00:00.000Z,2226.8716,2228.6553,2204.6282,2205.7371,166306
2017-10-31T16:00:00.000Z,2208.8228,2220.3572,2200.6963,2212.4084,153464
2017-11-01T16:00:00.000Z,2211.6394,2232.2292,2203.2371,2220.8389,202944
2017-11-02T16:00:00.000Z,2220.3701,2229.4441,2214.0835,2216.2974,173112
2017-11-05T16:00:00.000Z,2215.8877,2219.8552,2198.313,2208.7402,215123
2017-11-06T16:00:00.000Z,2207.511,2231.7007,2206.8611,2228.7205,284669
2017-11-07T16:00:00.000Z,2225.1372,2242.3125,2223.1772,2234.0627,295551
2017-11-08T16:00:00.000Z,2236.4761,2249.9221,2226.5117,2248.3679,255237
2017-11-09T16:00:00.000Z,2251.5906,2256.1829,2216.2598,2221.2166,344658
2017-11-12T16:00:00.000Z,2221.7251,2240.1094,2220.6165,2237.8433,232130
2017-11-13T16:00:00.000Z,2234.0698,2250.1726,2227.2278,2235.8691,324258
2017-11-14T16:00:00.000Z,2237.3442,2271.2188,2236.9421,2256.9885,684988
2017-11-15T16:00:00.000Z,2260.5093,2287.7571,2252.5737,2280.8704,467026
2017-11-16T16:00:00.000Z,2278.9023,2288.7646,2269.624,2275.8352,380066
2017-11-19T16:00:00.000Z,2279.1873,2330.8394,2267.6941,2322.7771,516923
2017-11-20T16:00:00.000Z,2319.8257,2344.7788,2313.761,2336.106,384550
2017-11-21T16:00:00.000Z,2331.1858,2339.4631,2313.74,2327.6912,356877
2017-11-22T16:00:00.000Z,2337.2866,2347.9136,2322.0076,2323.1011,364464
2017-11-23T16:00:00.000Z,2324.0508,2344.1814,2322.2966,2339.3127,208628
2017-11-26T16:00:00.000Z,2343.7822,2351.6851,2312.8218,2318.4373,381014
2017-11-27T16:00:00.000Z,2321.5874,2332.7307,2313.9089,2321.7966,221009
2017-11-28T16:00:00.000Z,2318.5078,2323.4141,2308.0417,2315.5605,223060
2017-11-29T16:00:00.000Z,2316.7312,2326.7964,2301.6836,2305.6367,304516
2017-11-30T16:00:00.000Z,2303.769,2303.769,2283.3647,2285.6724,295284
2017-12-03T16:00:00.000Z,2289.0459,2353.8074,2289.0237,2348.2722,358219
2017-12-04T16:00:00.000Z,2349.7512,2356.4678,2335.2754,2340.8965,234149
2017-12-05T16:00:00.000Z,2350.4426,2386.408,2348.2688,2375.0847,443985
2017-12-06T16:00:00.000Z,2379.6885,2381.5999,2350.5542,2356.5168,341720
2017-12-07T16:00:00.000Z,2340.1958,2357.2251,2336.1528,2354.063,288147
2017-12-10T16:00:00.000Z,2359.4282,2364.5554,2325.2253,2334.4395,236504
2017-12-11T16:00:00.000Z,2327.387,2350.4761,2327.1292,2344.6829,225100
2017-12-12T16:00:00.000Z,2341.8132,2368.429,2338.4949,2355.3984,308207
2017-12-13T16:00:00.000Z,2354.0449,2360.1917,2330.9644,2332.7585,229445
2017-12-14T16:00:00.000Z,2329.9143,2342.2839,2326.9177,2333.1157,182788
2017-12-17T16:00:00.000Z,2337.3486,2348.1179,2330.165,2347.0938,204763
2017-12-18T16:00:00.000Z,2348.4861,2368.0996,2339.2126,2342.4089,274500
2017-12-19T16:00:00.000Z,2342.6797,2348.3289,2316.1147,2321.905,236339
2017-12-20T16:00:00.000Z,2319.9922,2327.519,2305.752,2308.0876,200321
2017-12-21T16:00:00.000Z,2307.2981,2314.1794,2300.1875,2307.1602,159084
2017-12-24T16:00:00.000Z,2313.2163,2323.968,2304.8008,2307.7896,180488
2017-12-25T16:00:00.000Z,2305.9236,2333.5002,2304.0093,2331.2297,220637
2017-12-26T16:00:00.000Z,2329.6992,2341.7244,2324.064,2337.4714,176792
2017-12-27T16:00:00.000Z,2335.3411,2339.4961,2320.729,2328.2493,172010
2017-12-28T16:00:00.000Z,2324.9448,2333.1355,2289.1257,2291.7073,283712
2018-01-01T16:00:00.000Z,2296.1973,2304.3408,2282.2026,2289.689,164972
2018-01-02T16:00:00.000Z,2290.3499,2304.2192,2289.6628,2297.937,203352
2018-01-03T16:00:00.000Z,2299.3765,2301.2407,2281.5652,2287.175,236511
2018-01-04T16:00:00.000Z,2286.1531,2302.1372,2276.1067,2295.2192,277570
2018-01-07T16:00:00.000Z,2300.6746,2300.6746,2285.4546,2285.4546,208247
2018-01-08T16:00:00.000Z,2289.0793,2310.8923,2288.2786,2297.2307,277264
2018-01-09T16:00:00.000Z,2293.104,2302.6116,2285.6611,2289.9114,215498
2018-01-10T16:00:00.000Z,2289.5591,2295.011,2264.197,2270.8879,252290
2018-01-11T16:00:00.000Z,2271.2388,2272.9966,2245.0181,2247.7905,228625
2018-01-14T16:00:00.000Z,2248.7917,2275.5662,2243.8691,2270.6353,219196
2018-01-15T16:00:00.000Z,2270.8325,2274.6091,2263.3572,2268.9312,168860
2018-01-16T16:00:00.000Z,2269.0889,2281.572,2268.2773,2277.8525,217720
2018-01-17T16:00:00.000Z,2279.2764,2283.6255,2268.7839,2273.6909,180746
2018-01-18T16:00:00.000Z,2272.7244,2296.7998,2267.7461,2293.5054,334978
2018-01-21T16:00:00.000Z,2301.3652,2304.7825,2293.4104,2301.2515,209622
2018-01-22T16:00:00.000Z,2305.2012,2311.7512,2297.5627,2304.7715,202028
2018-01-23T16:00:00.000Z,2305.7273,2307.3582,2282.5403,2283.5752,238620
2018-01-24T16:00:00.000Z,2286.2456,2317.9453,2284.6709,2313.6453,284032
2018-01-25T16:00:00.000Z,2314.1267,2315.3809,2288.4011,2298.3867,247131
2018-01-28T16:00:00.000Z,2298.6721,2340.8118,2294.8711,2338.2332,362147
2018-01-29T16:00:00.000Z,2337.0444,2347.9683,2325.5154,2341.835,303126
2018-01-30T16:00:00.000Z,2342.9517,2350.5552,2330.6851,2342.4463,248368
2018-01-31T16:00:00.000Z,2333.0996,2340.0535,2323.811,2334.5581,235114
2018-02-01T16:00:00.000Z,2329.9734,2333.9866,2307.1621,2309.9202,273736
2018-02-04T16:00:00.000Z,2309.9441,2319.137,2300.9343,2308.5459,244235
2018-02-05T16:00:00.000Z,2304.0623,2312.7585,2297.218,2299.4648,216809
2018-02-06T16:00:00.000Z,2306.6211,2336.0303,2304.7493,2328.0164,341752
2018-02-07T16:00:00.000Z,2320.6597,2332.6689,2317.6252,2330.2646,192613
2018-02-08T16:00:00.000Z,2333.2417,2337.1941,2323.9326,2328.2563,204848
2018-02-11T16:00:00.000Z,2326.9939,2371.0503,2325.8303,2370.2205,316920
2018-02-12T16:00:00.000Z,2366.0759,2379.4038,2363.4509,2364.334,195095
2018-02-13T16:00:00.000Z,2369.7866,2378.2107,2366.9507,2372.2998,123403
2018-02-21T16:00:00.000Z,2439.4316,2455.8264,2425.759,2447.6255,196774
2018-02-22T16:00:00.000Z,2443.0486,2448.5024,2438.6104,2445.2949,207314
2018-02-25T16:00:00.000Z,2452.6853,2466.1328,2445.3071,2448.4519,282500
2018-02-26T16:00:00.000Z,2452.1216,2459.3118,2439.6094,2445.4954,228839
2018-02-27T16:00:00.000Z,2451.5503,2478.0005,2443.0818,2475.0188,312113
2018-02-28T16:00:00.000Z,2477.9651,2486.7856,2460.4924,2486.1348,347455
2018-03-01T16:00:00.000Z,2477.0769,2586.03,2473.397,2555.2869,810881
2018-03-04T16:00:00.000Z,2554.751,2572.2148,2532.9597,2544.5862,514354
2018-03-05T16:00:00.000Z,2547.6216,2553.2004,2524.7039,2543.1208,400449
2018-03-06T16:00:00.000Z,2545.7556,2556.4155,2519.7178,2530.5217,530622
2018-03-07T16:00:00.000Z,2528.4617,2537.7546,2513.5505,2525.6196,378773
2018-03-08T16:00:00.000Z,2521.3577,2546.4668,2501.1648,2515.6543,558501
2018-03-11T16:00:00.000Z,2511.5925,2512.4485,2481.1755,2492.7261,459586
2018-03-12T16:00:00.000Z,2489.77,2512.2642,2488.6631,2496.1216,339429
2018-03-13T16:00:00.000Z,2499.9275,2512.0579,2491.0562,2502.3171,316211
2018-03-14T16:00:00.000Z,2505.0093,2505.6423,2469.0747,2475.0959,359352
2018-03-15T16:00:00.000Z,2479.7808,2502.4478,2471.5818,2499.4551,428603
2018-03-18T16:00:00.000Z,2496.7292,2510.0483,2471.8254,2476.0693,396029
2018-03-19T16:00:00.000Z,2466.999,2475.8015,2456.2681,2467.4695,322372
2018-03-20T16:00:00.000Z,2466.1235,2481.5579,2462.8723,2468.1265,227515
2018-03-21T16:00:00.000Z,2471.8618,2478.333,2454.6602,2456.9136,281462
2018-03-22T16:00:00.000Z,2458.3525,2547.4346,2455.9607,2494.877,681052
2018-03-25T16:00:00.000Z,2487.5103,2535.3555,2453.2334,2513.8169,632370
2018-03-26T16:00:00.000Z,2517.6812,2525.521,2470.2305,2485.3174,451896
2018-03-27T16:00:00.000Z,2484.9744,2497.5417,2475.8584,2485.3484,435573
2018-03-28T16:00:00.000Z,2483.1301,2484.2729,2461.7507,2464.8777,356131
2018-03-29T16:00:00.000Z,2464.7224,2583.627,2461.8665,2559.5398,711906
2018-04-01T16:00:00.000Z,2558.4541,2599.3733,2553.2051,2576.2168,408039
2018-04-02T16:00:00.000Z,2576.3008,2581.5674,2550.4656,2565.1858,370634
2018-04-03T16:00:00.000Z,2566.1021,2610.0588,2564.0654,2609.4507,539121
2018-04-08T16:00:00.000Z,2711.3809,2719.1797,2668.373,2699.6089,814233
2018-04-09T16:00:00.000Z,2696.5034,2705.0835,2648.71,2668.6804,701928
2018-04-10T16:00:00.000Z,2664.3647,2672.4695,2641.4863,2668.6902,442166
2018-04-11T16:00:00.000Z,2668.3975,2670.0168,2641.126,2645.9175,354043
2018-04-12T16:00:00.000Z,2641.9287,2675.4841,2634.9231,2654.5813,376943
2018-04-15T16:00:00.000Z,2652.4822,2654.9646,2617.6836,2639.6736,333316
2018-04-16T16:00:00.000Z,2641.3921,2681.9038,2610.416,2674.8237,442479
2018-04-17T16:00:00.000Z,2672.418,2673.2131,2630.6223,2646.0334,439649
2018-04-18T16:00:00.000Z,2644.6899,2645.6077,2622.9099,2636.322,328053
2018-04-19T16:00:00.000Z,2631.1831,2652.6453,2630.3474,2642.6399,332095
2018-04-22T16:00:00.000Z,2636.8657,2655.7183,2613.7642,2630.0867,384835
2018-04-23T16:00:00.000Z,2626.1567,2630.0352,2616.7126,2619.2693,255328
2018-04-24T16:00:00.000Z,2611.355,2660.8833,2610.22,2633.4961,473951
2018-04-25T16:00:00.000Z,2631.7371,2645.3767,2616.7339,2623.6187,357046
2018-04-26T16:00:00.000Z,2619.8506,2631.1326,2595.8088,2616.7397,412228
2018-05-01T16:00:00.000Z,2643.4355,2663.7175,2635.7168,2645.3123,241990
2018-05-02T16:00:00.000Z,2644.8162,2654.8599,2635.031,2648.6501,248034
2018-05-03T16:00:00.000Z,2645.0051,2648.3828,2604.7983,2619.5591,313736
2018-05-06T16:00:00.000Z,2617.8496,2636.7261,2591.4951,2595.27,333862
2018-05-07T16:00:00.000Z,2593.2188,2598.5178,2528.6865,2533.1147,438280
2018-05-08T16:00:00.000Z,2539.7888,2544.501,2529.6128,2535.1772,238828
2018-05-09T16:00:00.000Z,2528.4902,2548.3975,2523.0381,2544.3254,248593
2018-05-10T16:00:00.000Z,2545.4263,2545.4263,2496.4441,2503.0806,304769
2018-05-13T16:00:00.000Z,2499.552,2510.741,2470.8064,2475.7544,319362
2018-05-14T16:00:00.000Z,2473.5466,2494.1641,2462.064,2468.6467,314126
2018-05-15T16:00:00.000Z,2469.0332,2470.0127,2382.7383,2418.9795,538320
2018-05-16T16:00:00.000Z,2418.3665,2439.7957,2400.6416,2421.8281,477800
2018-05-17T16:00:00.000Z,2424.0789,2430.6323,2392.2383,2419.8391,359513
2018-05-20T16:00:00.000Z,2416.1938,2441.2183,2400.009,2418.7393,451174
2018-05-21T16:00:00.000Z,2418.4058,2431.5195,2405.322,2416.6504,304517
2018-05-22T16:00:00.000Z,2426.4751,2460.3254,2420.3638,2447.6482,490275
2018-05-23T16:00:00.000Z,2446.4802,2504.2578,2445.6057,2500.5984,584069
2018-05-24T16:00:00.000Z,2499.9636,2506.0759,2477.0645,2485.6643,346262
2018-05-27T16:00:00.000Z,2485.1904,2500.2188,2478.3274,2491.4404,296421
2018-05-28T16:00:00.000Z,2494.9924,2528.4377,2490.8708,2524.5894,380783
2018-05-29T16:00:00.000Z,2509.4734,2517.0625,2488.834,2496.6743,509388
2018-05-30T16:00:00.000Z,2501.5027,2501.6714,2450.2576,2467.1506,481999
2018-05-31T16:00:00.000Z,2471.168,2479.2017,2459.0742,2460.9783,314538
2018-06-03T16:00:00.000Z,2462.6052,2484.7705,2448.6536,2474.1648,421106
2018-06-04T16:00:00.000Z,2474.0774,2482.9128,2425.5745,2453.0056,479297
2018-06-05T16:00:00.000Z,2452.0168,2458.7043,2442.7078,2456.677,272329
2018-06-06T16:00:00.000Z,2451.1335,2454.575,2421.5146,2433.1743,303050
2018-06-07T16:00:00.000Z,2435.6599,2440.0183,2327.3101,2356.5393,741047
2018-06-10T16:00:00.000Z,2360.1887,2370.4822,2345.8523,2348.5879,410904
2018-06-11T16:00:00.000Z,2344.2354,2358.5854,2339.0308,2349.4641,379788
2018-06-12T16:00:00.000Z,2350.2146,2368.752,2329.5442,2358.449,513252
2018-06-13T16:00:00.000Z,2355.9734,2374.8901,2350.5557,2367.2744,435048
2018-06-14T16:00:00.000Z,2365.6501,2389.5559,2349.7695,2365.645,537859
2018-06-18T16:00:00.000Z,2462.6218,2462.6218,2412.7986,2430.2759,701363
2018-06-19T16:00:00.000Z,2429.4949,2437.8579,2405.0229,2424.7808,442683
2018-06-20T16:00:00.000Z,2426.5061,2432.0701,2404.8638,2414.6882,330786
2018-06-21T16:00:00.000Z,2415.032,2420.8074,2350.1848,2363.8264,468808
2018-06-24T16:00:00.000Z,2368.6489,2393.3174,2366.3176,2388.855,294941
2018-06-25T16:00:00.000Z,2390.4941,2429.0361,2379.1511,2418.707,468151
2018-06-26T16:00:00.000Z,2421.4128,2471.9932,2408.561,2460.8447,591763
2018-06-27T16:00:00.000Z,2465.2507,2466.656,2434.6592,2457.9939,451810
2018-06-28T16:00:00.000Z,2460.1284,2492.7129,2457.3511,2491.5608,551605
2018-07-01T16:00:00.000Z,2494.3679,2548.8606,2483.1487,2538.4099,722289
2018-07-02T16:00:00.000Z,2534.3911,2538.1174,2494.3032,2518.0334,607670
2018-07-03T16:00:00.000Z,2517.376,2521.5916,2480.8962,2491.6396,634308
2018-07-04T16:00:00.000Z,2490.3542,2503.7585,2467.4946,2499.5137,588142
2018-07-05T16:00:00.000Z,2499.269,2513.0215,2453.5212,2490.3755,975697
2018-07-08T16:00:00.000Z,2489.5134,2509.4338,2474.1304,2479.114,656486
2018-07-09T16:00:00.000Z,2471.0486,2471.9082,2449.9827,2464.7542,591373
2018-07-10T16:00:00.000Z,2468.2297,2486.8816,2455.5637,2460.0544,608785
2018-07-11T16:00:00.000Z,2458.9575,2468.2314,2435.3728,2444.0603,541609
2018-07-12T16:00:00.000Z,2436.354,2445.9504,2426.2922,2435.7881,383677
2018-07-15T16:00:00.000Z,2433.541,2450.3362,2425.6204,2447.6418,382445
2018-07-16T16:00:00.000Z,2446.5139,2483.436,2446.5139,2475.0198,491126
2018-07-17T16:00:00.000Z,2471.594,2476.98,2451.7705,2451.7705,401804
2018-07-18T16:00:00.000Z,2452.2651,2476.0654,2442.1479,2473.4592,483575
2018-07-19T16:00:00.000Z,2471.9502,2491.9893,2470.7935,2477.2957,477272
2018-07-22T16:00:00.000Z,2478.0383,2488.2705,2466.3301,2468.0874,349613
2018-07-23T16:00:00.000Z,2467.5852,2483.6511,2459.7805,2482.8323,424153
2018-07-24T16:00:00.000Z,2480.8828,2501.1218,2478.4058,2491.0017,441400
2018-07-25T16:00:00.000Z,2491.4968,2512.1682,2481.9397,2508.5356,406955
2018-07-26T16:00:00.000Z,2509.5127,2512.5991,2484.8716,2489.4897,379620
2018-07-29T16:00:00.000Z,2490.7698,2522.1252,2488.7271,2515.9392,378186
2018-07-30T16:00:00.000Z,2517.2241,2524.2351,2505.7737,2512.2878,322758
2018-07-31T16:00:00.000Z,2518.8438,2527.0876,2452.3289,2460.6948,694638
2018-08-01T16:00:00.000Z,2464.0715,2474.2141,2457.8643,2469.0771,308244
2018-08-02T16:00:00.000Z,2470.8535,2476.6816,2427.1123,2433.2371,466871
2018-08-05T16:00:00.000Z,2434.1514,2473.5977,2426.2212,2472.4761,457611
2018-08-06T16:00:00.000Z,2468.6445,2496.4375,2464.9075,2488.4844,446113
2018-08-07T16:00:00.000Z,2488.6904,2533.5901,2481.7949,2524.0737,569672
2018-08-08T16:00:00.000Z,2526.8523,2546.3677,2523.7449,2530.9551,581365
2018-08-09T16:00:00.000Z,2530.5042,2553.5903,2522.2927,2542.5481,411047
2018-08-12T16:00:00.000Z,2543.5293,2559.4504,2462.4753,2479.5981,487927
2018-08-13T16:00:00.000Z,2480.0669,2525.761,2475.5171,2521.5454,390659
2018-08-14T16:00:00.000Z,2532.4526,2544.2412,2523.158,2540.489,403034
2018-08-15T16:00:00.000Z,2537.0037,2550.1082,2494.4399,2507.8284,593662
2018-08-16T16:00:00.000Z,2510.3291,2516.5947,2488.0212,2496.1567,380765
2018-08-19T16:00:00.000Z,2499.2781,2509.8574,2449.5784,2471.0505,435499
2018-08-20T16:00:00.000Z,2469.376,2478.626,2454.8828,2466.8677,310883
2018-08-21T16:00:00.000Z,2468.5964,2491.5115,2454.6208,2481.8357,418636
2018-08-22T16:00:00.000Z,2480.0947,2486.9832,2412.9431,2414.5071,483727
2018-08-23T16:00:00.000Z,2412.4038,2426.595,2404.8254,2413.0383,357440
2018-08-26T16:00:00.000Z,2412.9517,2421.552,2340.4319,2349.0662,554227
2018-08-27T16:00:00.000Z,2349.8503,2369.0718,2347.6895,2355.6353,353746
2018-08-28T16:00:00.000Z,2357.9001,2367.481,2348.0559,2356.0942,322471
2018-08-29T16:00:00.000Z,2361.4021,2385.2373,2355.0945,2376.6213,392770
2018-08-30T16:00:00.000Z,2372.2219,2378.7739,2353.5605,2367.8018,354644
2018-09-02T16:00:00.000Z,2368.6672,2381.261,2360.9106,2369.0957,364767
2018-09-03T16:00:00.000Z,2368.0361,2369.229,2334.5464,2346.8335,458232
2018-09-04T16:00:00.000Z,2349.3328,2355.6013,2332.2527,2349.1465,349765
2018-09-05T16:00:00.000Z,2343.8291,2361.4309,2335.4841,2358.5635,302453
2018-09-06T16:00:00.000Z,2359.0969,2359.0969,2320.5527,2325.4194,497105
2018-09-09T16:00:00.000Z,2327.0647,2378.1826,2308.0142,2366.4219,598167
2018-09-10T16:00:00.000Z,2367.1172,2391.2559,2364.1553,2380.239,462678
2018-09-11T16:00:00.000Z,2375.134,2383.9355,2352.5125,2359.0286,482352
2018-09-12T16:00:00.000Z,2358.1067,2361.0461,2309.2063,2320.6511,638843
2018-09-13T16:00:00.000Z,2323.0178,2337.1238,2322.0884,2331.0732,341119
2018-09-16T16:00:00.000Z,2331.769,2352.4517,2321.0386,2327.7361,429922
2018-09-17T16:00:00.000Z,2331.241,2352.8132,2309.3694,2341.3142,620865
2018-09-18T16:00:00.000Z,2341.8845,2348.429,2324.342,2339.5239,390133
2018-09-19T16:00:00.000Z,2339.4717,2369.3301,2335.9695,2353.9341,517904
2018-09-20T16:00:00.000Z,2353.0151,2366.4844,2346.0913,2358.3367,330190
2018-09-24T16:00:00.000Z,2368.5935,2413.5876,2366.0701,2409.759,441396
2018-09-25T16:00:00.000Z,2415.2651,2430.4373,2409.3752,2421.2727,410279
2018-09-26T16:00:00.000Z,2421.519,2437.0063,2408.908,2436.738,323894
2018-09-27T16:00:00.000Z,2438.9377,2452.344,2423.2605,2450.9124,442214
2018-10-07T16:00:00.000Z,2485.3,2516.0798,2474.7173,2512.3247,317890
2018-10-08T16:00:00.000Z,2513.0984,2564.5906,2508.5676,2541.4045,650375
2018-10-09T16:00:00.000Z,2539.3335,2551.3857,2526.3901,2549.9717,495014
2018-10-10T16:00:00.000Z,2546.0681,2562.9829,2515.8455,2529.1091,669285
2018-10-11T16:00:00.000Z,2529.4902,2545.6738,2509.0022,2522.666,757767
2018-10-14T16:00:00.000Z,2519.8132,2532.1509,2507.7429,2519.9131,515012
2018-10-15T16:00:00.000Z,2520.0093,2550.7334,2510.4045,2527.0781,801792
2018-10-16T16:00:00.000Z,2518.373,2521.3076,2484.6436,2508.5796,635847
2018-10-17T16:00:00.000Z,2506.7627,2519.0376,2491.2517,2496.957,514540
2018-10-18T16:00:00.000Z,2491.2708,2499.2314,2475.9116,2496.1816,420834
2018-10-21T16:00:00.000Z,2494.479,2495.4917,2451.7917,2454.0254,574481
2018-10-22T16:00:00.000Z,2451.6401,2462.8271,2445.6577,2446.8169,324945
2018-10-23T16:00:00.000Z,2445.511,2467.1252,2445.2949,2466.3625,381505
2018-10-24T16:00:00.000Z,2464.6174,2465.9595,2446.4001,2451.469,367990
2018-10-25T16:00:00.000Z,2446.5498,2476.3862,2435.5955,2475.592,631650
2018-10-28T16:00:00.000Z,2478.5757,2491.6377,2458.771,2464.6589,694751
2018-10-29T16:00:00.000Z,2465.8184,2467.9351,2411.9055,2417.2615,676833
2018-10-30T16:00:00.000Z,2415.2341,2426.0713,2409.9812,2419.8938,361676
2018-10-31T16:00:00.000Z,2420.511,2426.5063,2380.531,2389.4829,556626
2018-11-01T16:00:00.000Z,2388.3472,2400.7058,2306.9011,2316.6633,982918
2018-11-04T16:00:00.000Z,2310.2615,2349.0068,2309.4983,2341.041,654602
2018-11-05T16:00:00.000Z,2342.6309,2349.9629,2330.9907,2339.074,408808
2018-11-06T16:00:00.000Z,2339.9001,2358.9199,2326.7261,2349.6458,513848
2018-11-07T16:00:00.000Z,2349.7612,2349.7612,2272.6135,2303.158,666226
2018-11-08T16:00:00.000Z,2305.9639,2306.4229,2289.9128,2299.8345,379785
2018-11-11T16:00:00.000Z,2298.9749,2303.4631,2287.5698,2302.2822,369142
2018-11-12T16:00:00.000Z,2303.7815,2308.438,2276.7891,2300.614,469474
2018-11-13T16:00:00.000Z,2300.1226,2301.5559,2280.4153,2299.5642,329979
2018-11-14T16:00:00.000Z,2302.1599,2303.6409,2265.7336,2284.7471,527330
2018-11-15T16:00:00.000Z,2287.2432,2337.6653,2277.9182,2335.7988,636597
2018-11-18T16:00:00.000Z,2334.5225,2335.0662,2319.7969,2322.3245,341421
2018-11-19T16:00:00.000Z,2319.3271,2324.4512,2294.9985,2315.6882,498180
2018-11-20T16:00:00.000Z,2315.8254,2348.9209,2302.7585,2348.9209,564518
2018-11-21T16:00:00.000Z,2349.199,2349.199,2327.939,2339.5369,373210
2018-11-22T16:00:00.000Z,2339.615,2340.7178,2279.4956,2297.0283,535178
2018-11-25T16:00:00.000Z,2293.5742,2300.6721,2216.0867,2225.6843,637962
2018-11-26T16:00:00.000Z,2226.2285,2247.6882,2179.0679,2184.9512,852927
2018-11-27T16:00:00.000Z,2187.2334,2205.0562,2178.8638,2195.4502,446108
2018-11-28T16:00:00.000Z,2196.9885,2213.6204,2193.2974,2199.2605,432443
2018-11-29T16:00:00.000Z,2199.7493,2206.0964,2184.7532,2195.4983,406152
2018-12-02T16:00:00.000Z,2195.197,2222.8264,2158.1653,2212.0444,794462
2018-12-03T16:00:00.000Z,2212.4041,2218.4756,2165.6533,2181.6453,684195
2018-12-04T16:00:00.000Z,2181.4185,2223.0752,2179.2981,2216.1599,655967
2018-12-05T16:00:00.000Z,2216.1318,2248.991,2213.5383,2237.7092,579452
2018-12-06T16:00:00.000Z,2233.9209,2248.3215,2226.968,2246.8342,479817
2018-12-09T16:00:00.000Z,2242.217,2244.2749,2214.1531,2218.8877,478675
2018-12-10T16:00:00.000Z,2223.0166,2237.3892,2209.0945,2222.4158,394216
2018-12-11T16:00:00.000Z,2221.2273,2233.2793,2201.7571,2229.1399,404685
2018-12-12T16:00:00.000Z,2231.8057,2233.4055,2208.6121,2211.9182,416563
2018-12-13T16:00:00.000Z,2211.9441,2218.363,2145.0989,2163.5266,787180
2018-12-16T16:00:00.000Z,2165.1536,2172.9548,2148.4136,2157.8447,405197
2018-12-17T16:00:00.000Z,2161.9097,2174.8376,2153.9658,2171.0417,370297
2018-12-18T16:00:00.000Z,2174.0645,2182.179,2166.4956,2173.5723,286069
2018-12-19T16:00:00.000Z,2173.98,2183.8308,2169.0425,2178.1011,292241
2018-12-20T16:00:00.000Z,2178.5771,2188.1646,2165.99,2175.0596,303272
2018-12-23T16:00:00.000Z,2176.1748,2181.387,2116.0569,2118.1704,550599
2018-12-24T16:00:00.000Z,2116.344,2125.3127,2100.6235,2112.908,416303
2018-12-25T16:00:00.000Z,2114.2197,2120.417,2109.6462,2113.4573,268843
2018-12-26T16:00:00.000Z,2115.8457,2131.5759,2091.7073,2106.9053,354837
2018-12-27T16:00:00.000Z,2105.6135,2112.2769,2084.0869,2101.0662,328376
2019-01-01T16:00:00.000Z,2105.4797,2131.6643,2101.1851,2125.9556,188170
2019-01-02T16:00:00.000Z,2127.6599,2146.6638,2121.104,2142.9475,246866
2019-01-03T16:00:00.000Z,2145.0105,2181.4016,2143.1187,2179.9739,353401
2019-01-06T16:00:00.000Z,2183.7305,2197.3945,2170.6077,2179.1919,358098
2019-01-07T16:00:00.000Z,2182.98,2187.5862,2165.6299,2173.9409,331873
2019-01-08T16:00:00.000Z,2175.0784,2191.3499,2169.8635,2182.1597,298532
2019-01-09T16:00:00.000Z,2181.1008,2188.0022,2155.1052,2173.0039,408991
2019-01-10T16:00:00.000Z,2171.0054,2174.5818,2139.2837,2142.3369,336629
2019-01-13T16:00:00.000Z,2142.5588,2146.9929,2100.2361,2104.7603,430290
2019-01-14T16:00:00.000Z,2101.0891,2116.1204,2093.9895,2114.2034,304547
2019-01-15T16:00:00.000Z,2112.5212,2118.1462,2078.7007,2096.4343,507270
2019-01-16T16:00:00.000Z,2099.1604,2122.6653,2098.271,2108.7791,438620
2019-01-17T16:00:00.000Z,2109.6968,2127.9019,2102.8159,2123.6055,424878
2019-01-20T16:00:00.000Z,2129.8022,2156.6262,2122.019,2151.0659,489485
2019-01-21T16:00:00.000Z,2153.314,2164.0833,2134.5012,2163.0127,511551
2019-01-22T16:00:00.000Z,2164.1658,2170.4727,2147.6726,2153.166,442253
2019-01-23T16:00:00.000Z,2152.9526,2163.282,2142.9141,2162.3291,397542
2019-01-24T16:00:00.000Z,2156.6187,2157.6729,2128.6421,2144.2356,532949
2019-01-27T16:00:00.000Z,2146.1975,2155.3767,2140.0251,2143.5229,365787
2019-01-28T16:00:00.000Z,2143.0317,2146.752,2113.1333,2121.6272,409088
2019-01-29T16:00:00.000Z,2122.2979,2129.1003,2112.1821,2117.5093,325619
2019-01-30T16:00:00.000Z,2121.7661,2149.092,2118.4548,2139.8875,343994
2019-01-31T16:00:00.000Z,2142.5134,2163.5105,2122.1792,2138.9937,390295
2019-02-10T16:00:00.000Z,2133.8022,2192.6919,2128.8357,2189.2314,356929
2019-02-11T16:00:00.000Z,2187.9521,2216.8586,2186.4763,2210.8901,542225
2019-02-12T16:00:00.000Z,2211.967,2212.6494,2191.1045,2207.8752,428249
2019-02-13T16:00:00.000Z,2204.1707,2215.0352,2190.502,2197.6067,446207
2019-02-14T16:00:00.000Z,2197.0349,2201.2275,2169.0737,2170.6116,385765
2019-02-17T16:00:00.000Z,2173.437,2181.2019,2160.04,2167.4954,307861
2019-02-18T16:00:00.000Z,2166.8264,2176.7402,2155.7227,2165.3433,385465
2019-02-19T16:00:00.000Z,2164.9243,2167.9705,2119.5317,2128.7957,565356
2019-02-20T16:00:00.000Z,2124.8979,2140.3232,2123.9856,2130.0081,333241
2019-02-21T16:00:00.000Z,2137.49,2145.6968,2121.5891,2128.5938,392848
2019-02-24T16:00:00.000Z,2130.6074,2139.5024,2100.7739,2112.9028,506016
2019-02-25T16:00:00.000Z,2116.2468,2131.2825,2112.3259,2120.322,421849
2019-02-26T16:00:00.000Z,2117.1306,2124.3821,2088.7073,2089.9722,543641
2019-02-27T16:00:00.000Z,2085.8904,2104.8806,2083.3696,2094.105,434285
2019-02-28T16:00:00.000Z,2097.927,2187.4077,2096.2673,2175.9187,1893773
2019-03-03T16:00:00.000Z,2185.0601,2185.4832,2133.9688,2152.0591,1203704
2019-03-04T16:00:00.000Z,2152.4697,2188.8315,2151.9067,2162.5979,972661
2019-03-05T16:00:00.000Z,2167.1499,2199.1243,2159.1523,2183.7134,905639
2019-03-06T16:00:00.000Z,2191.9702,2199.2107,2163.2188,2185.8467,774940
2019-03-07T16:00:00.000Z,2186.9377,2234.4126,2167.679,2223.5681,1422061
2019-03-10T16:00:00.000Z,2222.0166,2236.3608,2203.9431,2216.3418,943868
2019-03-11T16:00:00.000Z,2214.4939,2223.9109,2168.2961,2174.7068,1021646
2019-03-12T16:00:00.000Z,2176.2114,2178.9885,2166.7173,2173.6194,613187
2019-03-13T16:00:00.000Z,2175.4197,2194.9436,2147.7822,2185.6033,844673
2019-03-14T16:00:00.000Z,2184.8528,2194.7014,2172.0066,2193.2571,587243
2019-03-17T16:00:00.000Z,2193.2981,2225.7209,2190.3401,2209.563,777618
2019-03-18T16:00:00.000Z,2211.585,2224.4768,2203.2456,2212.4385,540759
2019-03-19T16:00:00.000Z,2209.9336,2223.804,2198.6287,2204.3792,526958
2019-03-20T16:00:00.000Z,2202.241,2210.6733,2186.1721,2202.6907,524079
2019-03-21T16:00:00.000Z,2203.9661,2223.4155,2190.9309,2220.0977,664236
2019-03-24T16:00:00.000Z,2216.3521,2234.1438,2204.908,2208.5134,594397
2019-03-25T16:00:00.000Z,2209.7798,2218.1448,2207.2168,2210.947,317576
2019-03-26T16:00:00.000Z,2214.2188,2235.5986,2212.8403,2228.5696,555579
2019-03-27T16:00:00.000Z,2227.5454,2229.1023,2171.3098,2177.5549,645724
2019-03-28T16:00:00.000Z,2178.0374,2186.3708,2159.0061,2167.9167,518510
2019-03-31T16:00:00.000Z,2169.7241,2182.6819,2150.8813,2160.6372,529248
2019-04-01T16:00:00.000Z,2163.562,2211.6929,2161.6482,2205.0986,624831
2019-04-02T16:00:00.000Z,2204.7751,2227.5144,2199.3596,2221.1021,633710
2019-04-03T16:00:00.000Z,2223.696,2229.9578,2213.3484,2222.0071,442687
2019-04-07T16:00:00.000Z,2208.748,2238.9116,2207.3562,2226.3611,355717
2019-04-08T16:00:00.000Z,2222.4851,2232.479,2183.4026,2192.2439,598404
2019-04-09T16:00:00.000Z,2192.8403,2200.011,2188.4958,2194.1956,332720
2019-04-10T16:00:00.000Z,2195.4048,2204.9463,2188.4832,2201.8,403135
2019-04-11T16:00:00.000Z,2198.8105,2201.3191,2179.0183,2185.2107,545328
2019-04-14T16:00:00.000Z,2187.1326,2218.8923,2182.377,2215.0173,505428
2019-04-15T16:00:00.000Z,2219.2881,2224.9714,2210.4983,2218.585,488523
2019-04-16T16:00:00.000Z,2218.3047,2221.2375,2196.8689,2203.4197,429891
2019-04-17T16:00:00.000Z,2204.0854,2209.6536,2187.4414,2201.4373,378379
2019-04-18T16:00:00.000Z,2203.083,2225.8877,2197.5879,2217.0588,515485
2019-04-21T16:00:00.000Z,2217.1143,2234.0447,2198.5278,2214.0991,596991
2019-04-22T16:00:00.000Z,2213.437,2218.8533,2201.1074,2208.1572,385889
2019-04-23T16:00:00.000Z,2209.2524,2212.7693,2192.969,2197.1069,400160
2019-04-24T16:00:00.000Z,2198.4089,2204.6121,2166.6753,2169.6707,544619
2019-04-25T16:00:00.000Z,2168.6318,2171.1074,2151.2158,2160.1841,421082
2019-04-28T16:00:00.000Z,2160.7632,2174.9121,2159.9463,2172.2898,295535
2019-04-29T16:00:00.000Z,2174.251,2174.4055,2149.8357,2170.2915,354013
2019-05-05T16:00:00.000Z,2164.6514,2194.0845,2163.3496,2169.9309,334236
2019-05-06T16:00:00.000Z,2169.5088,2204.2666,2168.6934,2192.5789,603501
2019-05-07T16:00:00.000Z,2194.157,2205.0894,2188.2495,2198.5278,317257
2019-05-08T16:00:00.000Z,2201.5669,2265.2283,2197.6873,2248.9426,924390
2019-05-09T16:00:00.000Z,2252.5447,2268.5266,2224.8079,2242.3496,748201
2019-05-12T16:00:00.000Z,2239.6782,2255.1665,2227.3735,2241.9963,565903
2019-05-13T16:00:00.000Z,2243.7712,2265.0513,2221.7004,2234.6853,643721
2019-05-14T16:00:00.000Z,2237.1187,2267.1252,2232.0422,2259.51,538547
2019-05-15T16:00:00.000Z,2265.5986,2319.8796,2262.6597,2303.0984,1082985
2019-05-16T16:00:00.000Z,2317.4834,2322.0872,2296.5911,2303.3433,496246
2019-05-19T16:00:00.000Z,2297.7183,2327.3379,2291.7395,2319.823,553666
2019-05-20T16:00:00.000Z,2325.9058,2383.6699,2315.2112,2375.4001,1002930
2019-05-21T16:00:00.000Z,2374.6694,2392.3831,2330.668,2359.2854,857212
2019-05-22T16:00:00.000Z,2356.1909,2405.0171,2355.3264,2359.4539,1078069
2019-05-23T16:00:00.000Z,2351.8872,2370.4932,2337.8618,2364.3176,626614
2019-05-26T16:00:00.000Z,2370.0303,2438.0986,2352.9299,2407.0754,1012368
2019-05-27T16:00:00.000Z,2411.0349,2446.8384,2401.5989,2433.2532,949634
2019-05-28T16:00:00.000Z,2431.9431,2546.4841,2413.5747,2542.5728,1627011
2019-05-29T16:00:00.000Z,2538.7493,2544.9387,2453.7219,2471.8584,1404547
2019-05-30T16:00:00.000Z,2483.7424,2503.2207,2466.6394,2481.6421,908007
2019-06-02T16:00:00.000Z,2475.4111,2497.5769,2437.0381,2495.7317,1089091
2019-06-03T16:00:00.000Z,2491.2839,2580.252,2482.4724,2523.4233,1723947
2019-06-04T16:00:00.000Z,2520.366,2531.1462,2483.3071,2486.9839,1102301
2019-06-05T16:00:00.000Z,2481.8669,2494.9976,2408.7429,2431.3806,1392716
2019-06-09T16:00:00.000Z,2409.7515,2430.5002,2398.4341,2423.0518,494382
2019-06-10T16:00:00.000Z,2429.4077,2447.8066,2406.8076,2422.7329,732636
2019-06-11T16:00:00.000Z,2430.8062,2440.3708,2385.9385,2414.7695,1111305
2019-06-12T16:00:00.000Z,2426.7522,2498.9526,2424.8342,2470.2629,1516757
2019-06-13T16:00:00.000Z,2474.7664,2485.8848,2458.4321,2469.0249,729981
2019-06-16T16:00:00.000Z,2478.1504,2528.9683,2463.2549,2507.8889,955124
2019-06-17T16:00:00.000Z,2502.792,2511.2715,2467.1855,2474.0786,686261
2019-06-18T16:00:00.000Z,2468.0728,2477.5408,2404.3972,2425.7378,960351
2019-06-19T16:00:00.000Z,2423.0762,2445.9937,2418.1736,2430.395,638580
2019-06-20T16:00:00.000Z,2437.0823,2493.2195,2437.0823,2464.1304,1065344
2019-06-23T16:00:00.000Z,2458.4915,2520.2361,2452.0496,2509.0295,1036123
2019-06-24T16:00:00.000Z,2524.0107,2552.3882,2513.29,2534.179,1234509
2019-06-25T16:00:00.000Z,2529.7095,2544.6021,2495.6125,2508.2141,1015320
2019-06-26T16:00:00.000Z,2495.2627,2532.7678,2480.4824,2501.1157,917150
2019-06-27T16:00:00.000Z,2499.1638,2521.8701,2470.8977,2509.2388,819025
2019-06-30T16:00:00.000Z,2503.7439,2532.9436,2424.8611,2453.5801,1264560
2019-07-01T16:00:00.000Z,2449.8362,2459.3875,2406.0146,2416.27,763316
2019-07-02T16:00:00.000Z,2416.1343,2432.5139,2399.0737,2405.8625,689750
2019-07-03T16:00:00.000Z,2410.9587,2424.9407,2373.5173,2397.6946,715804
2019-07-04T16:00:00.000Z,2400.7832,2411.2266,2383.1965,2393.4324,472444
2019-07-07T16:00:00.000Z,2393.3359,2396.9146,2358.3765,2382.449,718616
2019-07-08T16:00:00.000Z,2378.5642,2380.4426,2326.4446,2352.7402,715707
2019-07-09T16:00:00.000Z,2349.6782,2382.6826,2348.6462,2373.2869,631490
2019-07-10T16:00:00.000Z,2378.9224,2390.2117,2355.2593,2369.9492,562621
2019-07-11T16:00:00.000Z,2366.2275,2383.7085,2358.3547,2376.2246,555900
2019-07-14T16:00:00.000Z,2380.4841,2440.1455,2372.929,2424.7192,905116
2019-07-15T16:00:00.000Z,2413.374,2415.0715,2364.2827,2369.8472,596257
2019-07-16T16:00:00.000Z,2364.0322,2382.8267,2356.8118,2379.4458,595887
2019-07-17T16:00:00.000Z,2385.4609,2407.3616,2369.9792,2376.7654,655717
2019-07-18T16:00:00.000Z,2374.9673,2380.6567,2357.8965,2372.373,476145
2019-07-21T16:00:00.000Z,2378.6018,2384.8386,2332.5127,2342.8218,819050
2019-07-22T16:00:00.000Z,2341.0693,2361.7502,2330.9768,2358.2708,510143
2019-07-23T16:00:00.000Z,2345.8191,2351.1917,2311.8284,2328.3103,630695
2019-07-24T16:00:00.000Z,2328.1248,2337.1772,2308.5691,2329.6367,485552
2019-07-25T16:00:00.000Z,2331.6394,2332.2112,2299.0837,2309.8643,534352
2019-07-28T16:00:00.000Z,2308.9377,2328.4141,2303.0015,2315.9827,468397
2019-07-29T16:00:00.000Z,2316.8113,2345.6433,2305.2834,2323.8591,628722
2019-07-30T16:00:00.000Z,2319.8682,2338.8843,2314.9275,2330.4585,548229
2019-07-31T16:00:00.000Z,2332.2993,2332.8184,2304.4744,2305.4478,414671
2019-08-01T16:00:00.000Z,2305.6609,2344.3899,2286.657,2332.0847,652773
2019-08-04T16:00:00.000Z,2331.3171,2398.8943,2329.4929,2382.9106,722217
2019-08-05T16:00:00.000Z,2378.845,2417.7451,2367.8186,2376.2012,589235
2019-08-06T16:00:00.000Z,2374.1172,2400.186,2372.2898,2399.7993,419154
2019-08-07T16:00:00.000Z,2399.3652,2410.3994,2364.5781,2377.2388,596404
2019-08-08T16:00:00.000Z,2375.5823,2408.96,2368.4319,2397.7793,522848
2019-08-11T16:00:00.000Z,2395.0283,2396.9805,2369.886,2393.5747,421024
2019-08-12T16:00:00.000Z,2384.9351,2449.5916,2363.7783,2429.396,760483
2019-08-13T16:00:00.000Z,2419.1838,2426.1299,2328.9109,2374.2222,828335
2019-08-14T16:00:00.000Z,2366.7813,2381.6147,2351.0217,2356.1521,415800
2019-08-15T16:00:00.000Z,2360.918,2368.0422,2330.4644,2342.0012,329629
2019-08-18T16:00:00.000Z,2337.8872,2344.8713,2325.6086,2338.6707,277831
2019-08-19T16:00:00.000Z,2332.7957,2346.9492,2322.343,2343.0884,344088
2019-08-20T16:00:00.000Z,2339.2522,2357.7551,2329.3782,2350.2964,384340
2019-08-21T16:00:00.000Z,2348.1333,2378.5696,2345.1787,2373.7996,503308
2019-08-22T16:00:00.000Z,2372.9626,2391.6721,2358.6611,2385.4255,532173
2019-08-25T16:00:00.000Z,2388.2314,2440.5059,2364.1792,2407.2974,696315
2019-08-26T16:00:00.000Z,2391.2483,2407.136,2353.1765,2364.9775,473935
2019-08-27T16:00:00.000Z,2366.5552,2391.1472,2365.6663,2382.1292,390796
2019-08-28T16:00:00.000Z,2384.3237,2409.7407,2374.2395,2392.9434,481390
2019-08-29T16:00:00.000Z,2378.5054,2383.7385,2348.9917,2351.967,462609
2019-09-01T16:00:00.000Z,2360.6743,2409.3232,2357.0015,2389.7275,586070
2019-09-02T16:00:00.000Z,2393.4685,2418.7148,2386.4343,2400.7808,474305
2019-09-03T16:00:00.000Z,2401.2847,2414.196,2373.0349,2378.303,551287
2019-09-04T16:00:00.000Z,2378.9932,2389.1519,2325.7656,2334.146,604252
2019-09-05T16:00:00.000Z,2335.2729,2342.7454,2273.832,2282.1609,805104
2019-09-08T16:00:00.000Z,2286.7458,2300.9255,2265.6826,2272.4751,559641
2019-09-09T16:00:00.000Z,2277.1807,2290.3137,2273.3677,2277.0994,324891
2019-09-10T16:00:00.000Z,2279.4094,2282.3572,2238.2063,2248.5679,577178
2019-09-11T16:00:00.000Z,2251.3667,2265.7051,2236.0532,2263.8997,416507
2019-09-15T16:00:00.000Z,2252.7429,2266.4604,2249.1077,2256.575,258516
2019-09-16T16:00:00.000Z,2259.3391,2275.4248,2250.4529,2266.1973,413712
2019-09-17T16:00:00.000Z,2265.9226,2274.2363,2254.4963,2270.5439,333434
2019-09-18T16:00:00.000Z,2268.9399,2291.7341,2259.4849,2277.4482,499192
2019-09-19T16:00:00.000Z,2281.1096,2283.9326,2251.2534,2272.1003,451447
2019-09-22T16:00:00.000Z,2271.3848,2297.6584,2270.7393,2277.0466,402206
2019-09-23T16:00:00.000Z,2279.4924,2285.8921,2268.6404,2278.2036,308818
2019-09-24T16:00:00.000Z,2280.1099,2299.2104,2244.8628,2289.5447,577659
2019-09-25T16:00:00.000Z,2286.8845,2287.2261,2263.2664,2271.2991,333911
2019-09-26T16:00:00.000Z,2275.887,2280.5442,2250.0408,2257.25,293270
2019-09-29T16:00:00.000Z,2259.0654,2291.6414,2251.6638,2285.3711,304145
2019-10-07T16:00:00.000Z,2309.9421,2344.5369,2292.9685,2317.1326,346677
2019-10-08T16:00:00.000Z,2319.2092,2362.0847,2316.6919,2361.7312,420271
2019-10-09T16:00:00.000Z,2367.385,2367.5879,2348.3979,2362.6169,369459
2019-10-10T16:00:00.000Z,2368.6445,2392.9265,2358.7861,2386.3481,450219
2019-10-13T16:00:00.000Z,2384.8992,2384.8992,2348.6252,2357.6741,521881
2019-10-14T16:00:00.000Z,2356.4458,2370.3477,2343.7627,2359.5852,393947
2019-10-15T16:00:00.000Z,2360.6125,2381.3621,2350.3906,2363.2778,409129
2019-10-16T16:00:00.000Z,2363.1084,2367.9861,2348.509,2359.8083,320749
2019-10-17T16:00:00.000Z,2362.7317,2403.5981,2361.8132,2369.4453,623796
2019-10-20T16:00:00.000Z,2371.6602,2429.7058,2365.1809,2427.5437,630059
2019-10-21T16:00:00.000Z,2429.4358,2434.5684,2393.9431,2406.5313,469167
2019-10-22T16:00:00.000Z,2407.9126,2415.2129,2393.9502,2403.2366,363366
2019-10-23T16:00:00.000Z,2398.6194,2399.4275,2369.2449,2377.2434,494630
2019-10-24T16:00:00.000Z,2375.824,2381.6494,2358.1833,2365.3472,350800
2019-10-27T16:00:00.000Z,2366.4282,2373.4797,2328.6052,2338.3259,437292
2019-10-28T16:00:00.000Z,2337.0593,2347.7095,2333.5212,2340.134,254348
2019-10-29T16:00:00.000Z,2339.8257,2362.5486,2338.3232,2340.8662,358154
2019-10-30T16:00:00.000Z,2339.3101,2354.0645,2311.2678,2311.2678,447906
2019-10-31T16:00:00.000Z,2308.4563,2315.6145,2285.0449,2310.4683,449408
2019-11-03T16:00:00.000Z,2314.9902,2316.5364,2300.9939,2301.9519,251377
2019-11-04T16:00:00.000Z,2303.2854,2317.7874,2294.6848,2296.6257,330744
2019-11-05T16:00:00.000Z,2297.7854,2302.781,2256.3186,2260.7871,502366
2019-11-06T16:00:00.000Z,2265.8691,2270.8528,2251.0066,2264.8057,379950
2019-11-07T16:00:00.000Z,2266.7251,2282.3496,2255.9214,2269.6799,395821
2019-11-10T16:00:00.000Z,2273.5122,2275.1304,2221.5728,2227.3655,665191
2019-11-11T16:00:00.000Z,2225.1633,2228.3428,2193.4656,2221.6143,567725
2019-11-12T16:00:00.000Z,2219.9519,2232.9421,2208.7886,2219.4663,372980
2019-11-13T16:00:00.000Z,2222.1296,2225.2009,2204.2134,2206.1826,331288
2019-11-14T16:00:00.000Z,2208.8999,2215.5989,2176.4998,2206.9702,556914
2019-11-17T16:00:00.000Z,2208.186,2246.4753,2197.3374,2226.7214,513203
2019-11-18T16:00:00.000Z,2225.76,2233.2278,2215.8765,2225.8357,354793
2019-11-19T16:00:00.000Z,2227.5698,2244.7664,2213.8003,2224.592,504919
2019-11-20T16:00:00.000Z,2223.3628,2239.1804,2209.6846,2233.052,401682
2019-11-21T16:00:00.000Z,2236.5115,2237.9358,2213.7976,2215.1511,325561
2019-11-24T16:00:00.000Z,2213.6409,2243.2185,2204.0132,2241.3557,567188
2019-11-25T16:00:00.000Z,2241.0344,2261.9646,2237.6125,2248.3076,487543
2019-11-26T16:00:00.000Z,2247.8269,2254.0759,2224.0227,2229.8606,436324
2019-11-27T16:00:00.000Z,2232.1399,2241.7263,2223.3647,2239.6411,272909
2019-11-28T16:00:00.000Z,2240.6577,2243.449,2211.1018,2234.9363,528267
2019-12-01T16:00:00.000Z,2235.0664,2242.9885,2209.3901,2232.1746,473815
2019-12-02T16:00:00.000Z,2236.4912,2269.4434,2233.7627,2264.9072,531968
2019-12-03T16:00:00.000Z,2268.0642,2271.8621,2253.335,2259.3877,317070
2019-12-04T16:00:00.000Z,2260.5144,2266.0183,2238.8406,2260.4187,515718
2019-12-05T16:00:00.000Z,2259.999,2282.4985,2254.9512,2263.0671,477934
2019-12-08T16:00:00.000Z,2263.8967,2294.8628,2263.8967,2285.2324,428975
2019-12-09T16:00:00.000Z,2288.7251,2306.6936,2277.5984,2302.2537,493536
2019-12-10T16:00:00.000Z,2303.9707,2330.0554,2299.5669,2324.2212,512454
2019-12-11T16:00:00.000Z,2325.6023,2325.696,2283.8457,2292.147,548289
2019-12-12T16:00:00.000Z,2290.4387,2296.3799,2260.1099,2276.1191,466374
2019-12-15T16:00:00.000Z,2278.9031,2296.2527,2271.052,2277.2954,413160
2019-12-16T16:00:00.000Z,2279.9226,2285.2173,2262.71,2281.8447,360946
2019-12-17T16:00:00.000Z,2287.0864,2297.8696,2277.9788,2282.8169,341006
2019-12-18T16:00:00.000Z,2285.0503,2288.3154,2266.2056,2267.8857,369316
2019-12-19T16:00:00.000Z,2267.7583,2278.9595,2258.137,2268.1685,357676
2019-12-22T16:00:00.000Z,2271.0825,2287.8252,2260.2964,2283.4805,323689
2019-12-23T16:00:00.000Z,2286.9329,2290.8894,2270.0532,2271.0217,251208
2019-12-24T16:00:00.000Z,2269.8262,2277.144,2264.8909,2275.5918,223050
2019-12-25T16:00:00.000Z,2276.3296,2281.0808,2257.2275,2261.1418,274660
2019-12-26T16:00:00.000Z,2260.3328,2281.2683,2254.5674,2276.7175,299489
2019-12-29T16:00:00.000Z,2278.6836,2326.2661,2274.4272,2324.5046,586488
2019-12-30T16:00:00.000Z,2326.2673,2338.5405,2319.0308,2331.552,394429
2020-01-01T16:00:00.000Z,2337.4404,2343.5759,2328.1116,2334.5037,215667
2020-01-02T16:00:00.000Z,2336.9829,2353.0259,2332.4116,2335.7751,352888
2020-01-05T16:00:00.000Z,2330.8848,2334.7478,2308.2205,2314.8882,295980
2020-01-06T16:00:00.000Z,2316.3979,2344.8752,2316.3979,2343.8953,268564
2020-01-07T16:00:00.000Z,2340.9797,2360.3726,2321.4233,2325.594,467337
2020-01-08T16:00:00.000Z,2326.5862,2335.0271,2299.9822,2319.5867,417196
2020-01-09T16:00:00.000Z,2325.1653,2337.0771,2271.0276,2271.0276,527637
2020-01-12T16:00:00.000Z,2273.5808,2293.9895,2269.1846,2275.585,361871
2020-01-13T16:00:00.000Z,2275.6973,2281.3901,2246.4749,2255.896,395341
2020-01-14T16:00:00.000Z,2259.9768,2283.063,2256.2168,2281.8745,348583
2020-01-15T16:00:00.000Z,2281.3057,2282.8135,2259.3923,2278.7942,288335
2020-01-16T16:00:00.000Z,2277.9053,2277.9053,2254.1794,2269.3223,311682
2020-01-19T16:00:00.000Z,2272.0386,2284.5122,2266.458,2282.8103,247278
2020-01-20T16:00:00.000Z,2282.1335,2315.145,2265.0291,2312.6812,525364
2020-01-21T16:00:00.000Z,2307.094,2309.1655,2252.7417,2260.5222,533647
2020-01-22T16:00:00.000Z,2262.8831,2268.408,2240.7275,2245.9795,328291
2020-02-02T16:00:00.000Z,2133.3037,2187.0864,2128.3586,2175.6997,326865
2020-02-03T16:00:00.000Z,2192.3433,2259.7283,2192.3433,2254.4329,397235
2020-02-04T16:00:00.000Z,2246.2222,2257.6667,2231.1858,2242.8049,332087
2020-02-05T16:00:00.000Z,2243.2205,2249.782,2227.5188,2240.9014,357217
2020-02-06T16:00:00.000Z,2246.197,2250.5798,2235.7856,2242.4304,205634
2020-02-09T16:00:00.000Z,2263.1001,2272.4182,2241.3826,2263.509,369169
2020-02-10T16:00:00.000Z,2264.8816,2270.8093,2249.0664,2256.9702,299991
2020-02-11T16:00:00.000Z,2261.2678,2273.3884,2244.5774,2251.2419,331736
2020-02-12T16:00:00.000Z,2256.1426,2304.6558,2256.1426,2300.1631,619144
2020-02-13T16:00:00.000Z,2298.8721,2310.5933,2285.8154,2297.5513,479170
2020-02-16T16:00:00.000Z,2307.509,2330.5032,2307.509,2321.5449,429490
2020-02-17T16:00:00.000Z,2321.321,2323.3496,2290.0386,2303.7122,474585
2020-02-18T16:00:00.000Z,2306.0356,2314.4104,2294.8711,2306.5522,298490
2020-02-19T16:00:00.000Z,2311.6145,2321.5583,2291.7603,2304.5503,421651
2020-02-20T16:00:00.000Z,2303.0457,2319.3291,2301.3635,2304.0378,334112
2020-02-23T16:00:00.000Z,2297.324,2298.1748,2254.7549,2255.6689,460459
2020-02-24T16:00:00.000Z,2245.4648,2277.2168,2238.1201,2276.2004,315982
2020-02-25T16:00:00.000Z,2277.6597,2289.5762,2268.3962,2272.4629,397039
2020-02-26T16:00:00.000Z,2280.9209,2305.1428,2280.0103,2297.0784,492031
2020-02-27T16:00:00.000Z,2308.6318,2322.8845,2246.2092,2246.5503,864186
2020-03-01T16:00:00.000Z,2263.0144,2380.9626,2262.7722,2365.2529,976586
2020-03-02T16:00:00.000Z,2382.7175,2393.4185,2359.116,2376.761,739462
2020-03-03T16:00:00.000Z,2378.6045,2403.4548,2364.8474,2373.3298,662611
2020-03-04T16:00:00.000Z,2375.9573,2396.7827,2359.4365,2377.5569,623622
2020-03-05T16:00:00.000Z,2351.0259,2362.4741,2338.7185,2342.6636,585677
2020-03-08T16:00:00.000Z,2283.9517,2317.8987,2242.3391,2278.4807,1050988
2020-03-09T16:00:00.000Z,2293.1775,2316.4885,2284.8276,2304.9668,563931
2020-03-10T16:00:00.000Z,2315.9299,2323.9744,2286.4165,2290.2214,482669
2020-03-11T16:00:00.000Z,2277.0364,2295.8767,2260.7429,2278.321,633149
2020-03-12T16:00:00.000Z,2280.0981,2309.7056,2248.8154,2302.0259,864019
2020-03-15T16:00:00.000Z,2292.6121,2339.0974,2284.0776,2295.1521,875956
2020-03-16T16:00:00.000Z,2285.9287,2323.2146,2282.3389,2312.7673,667154
2020-03-17T16:00:00.000Z,2318.1221,2333.491,2293.6895,2300.0464,608828
2020-03-18T16:00:00.000Z,2311.2222,2313.3096,2253.4854,2277.7407,704183
2020-03-19T16:00:00.000Z,2319.7625,2353.9084,2315.9885,2344.3794,769143
2020-03-22T16:00:00.000Z,2375.9673,2451.3718,2369.8171,2451.0327,843523
2020-03-23T16:00:00.000Z,2469.6497,2469.6497,2407.613,2413.3101,727118
2020-03-24T16:00:00.000Z,2421.1453,2463.8994,2417.9836,2446.6929,664278
2020-03-25T16:00:00.000Z,2417.0327,2427.5359,2385.4219,2398.8613,581498
2020-03-26T16:00:00.000Z,2414.3567,2491.7751,2414.1023,2475.8796,1197372
2020-03-29T16:00:00.000Z,2494.1777,2551.7595,2494.1777,2501.1714,738995
2020-03-30T16:00:00.000Z,2502.5168,2521.8328,2466.6162,2484.7449,947873
2020-03-31T16:00:00.000Z,2470.9465,2473.8213,2369.5493,2371.1555,1259105
2020-04-01T16:00:00.000Z,2346.5781,2382.272,2332.2944,2367.0793,932782
2020-04-02T16:00:00.000Z,2357.1641,2357.7578,2301.0996,2314.2478,834727
2020-04-06T16:00:00.000Z,2324.5037,2361.6804,2324.5037,2342.8179,548673
2020-04-07T16:00:00.000Z,2328.8938,2368.658,2324.5396,2360.99,494301
2020-04-08T16:00:00.000Z,2365.0989,2382.2495,2344.0901,2373.2024,672271
2020-04-09T16:00:00.000Z,2380.6296,2397.9573,2367.6758,2371.7676,560786
2020-04-12T16:00:00.000Z,2394.3823,2410.0237,2351.7803,2354.8672,579294
2020-04-13T16:00:00.000Z,2340.5037,2363.5945,2331.209,2359.2124,479847
2020-04-14T16:00:00.000Z,2363.8115,2388.5618,2361.5867,2375.2322,516090
2020-04-15T16:00:00.000Z,2381.2815,2391.0217,2315.1633,2318.3616,664672
2020-04-16T16:00:00.000Z,2324.4539,2338.6975,2315.5298,2330.2598,368778
2020-04-19T16:00:00.000Z,2328.1758,2332.3103,2292.0703,2297.6228,424916
2020-04-20T16:00:00.000Z,2290.6013,2310.6008,2281.4792,2304.7253,448029
2020-04-21T16:00:00.000Z,2321.9907,2335.9863,2309.0159,2329.3665,476447
2020-04-22T16:00:00.000Z,2325.5244,2352.4385,2320.2188,2351.5791,413758
2020-04-23T16:00:00.000Z,2347.7314,2360.7373,2341.6465,2352.0344,354059
2020-04-26T16:00:00.000Z,2343.5449,2391.7793,2337.759,2391.6675,582263
2020-04-27T16:00:00.000Z,2386.6885,2394.5757,2334.7217,2334.7217,596219
2020-04-28T16:00:00.000Z,2327.6509,2331.3027,2308.6843,2313.4534,430004
2020-04-29T16:00:00.000Z,2317.2363,2323.7725,2301.1836,2307.6724,333565
2020-05-05T16:00:00.000Z,2315.6831,2355.3684,2311.1384,2351.7258,366170
2020-05-06T16:00:00.000Z,2348.2776,2365.4648,2343.0085,2352.4651,531174
2020-05-07T16:00:00.000Z,2353.9338,2374.9783,2323.2375,2323.5647,955997
2020-05-10T16:00:00.000Z,2327.853,2350.0012,2298.6814,2304.5339,796326
2020-05-11T16:00:00.000Z,2311.0037,2316.5271,2290.1958,2306.9985,547244
2020-05-12T16:00:00.000Z,2309.8965,2313.4041,2284.675,2295.9148,564829
2020-05-13T16:00:00.000Z,2299.7727,2303.8054,2266.2522,2278.9692,598271
2020-05-14T16:00:00.000Z,2277.8044,2292.4575,2271.2139,2273.7651,418570
2020-05-17T16:00:00.000Z,2273.9604,2314.2322,2269.2644,2308.4846,629309
2020-05-18T16:00:00.000Z,2302.7974,2304.6367,2279.9658,2288.3262,452676
2020-05-19T16:00:00.000Z,2293.9658,2310.269,2277.2896,2303.2156,525026
2020-05-20T16:00:00.000Z,2304.4932,2310.9324,2268.6494,2274.2412,661282
2020-05-21T16:00:00.000Z,2279.8555,2305.2939,2269.0974,2284.5969,818740
2020-05-24T16:00:00.000Z,2286.9419,2316.6052,2286.2087,2309.8296,799567
2020-05-25T16:00:00.000Z,2310.8979,2313.2432,2293.4993,2307.1084,480857
2020-05-26T16:00:00.000Z,2305.1199,2330.9666,2289.283,2322.7644,945841
2020-05-27T16:00:00.000Z,2322.3081,2359.3875,2315.9338,2331.4189,770885
2020-05-28T16:00:00.000Z,2332.1787,2346.8235,2319.137,2342.5808,650193
2020-05-31T16:00:00.000Z,2338.3613,2351.4717,2308.1082,2312.7278,767814
2020-06-01T16:00:00.000Z,2322.2185,2325.3088,2304.2307,2316.2568,586077
2020-06-02T16:00:00.000Z,2319.0662,2335.6011,2312.3889,2325.4709,568198
2020-06-03T16:00:00.000Z,2324.7671,2373.8262,2322.0659,2362.2915,847540
2020-06-04T16:00:00.000Z,2366.7368,2393.2935,2363.9792,2375.6487,758426
2020-06-07T16:00:00.000Z,2376.261,2379.0159,2351.0098,2354.8352,688599
2020-06-08T16:00:00.000Z,2358.0525,2374.0928,2347.1855,2359.8713,635476
2020-06-09T16:00:00.000Z,2356.9485,2360.0032,2335.6187,2349.978,622317
2020-06-10T16:00:00.000Z,2355.4734,2359.4976,2309.8398,2317.6978,696943
2020-06-11T16:00:00.000Z,2317.0408,2346.4597,2312.4636,2344.4663,581637
2020-06-14T16:00:00.000Z,2342.2974,2349.7964,2303.9683,2307.6938,613961
2020-06-15T16:00:00.000Z,2311.4033,2326.2534,2310.5344,2319.1409,415463
2020-06-16T16:00:00.000Z,2318.6328,2321.0984,2290.2842,2312.3528,601967
2020-06-17T16:00:00.000Z,2312.6411,2324.2705,2303.6204,2319.8564,411274
2020-06-18T16:00:00.000Z,2317.8616,2317.8616,2299.5737,2306.9629,437641
2020-06-21T16:00:00.000Z,2313.4146,2338.9629,2305.1145,2330.8093,611897
2020-06-22T16:00:00.000Z,2330.0923,2351.999,2311.8879,2315.6023,744249
2020-06-23T16:00:00.000Z,2315.7744,2323.2236,2310.47,2315.5752,316320
2020-06-28T16:00:00.000Z,2302.0308,2312.6057,2286.6479,2293.1118,364668
2020-06-29T16:00:00.000Z,2296.5117,2306.5469,2294.6572,2303.4058,330443
2020-06-30T16:00:00.000Z,2306.6921,2357.0701,2298.76,2352.114,704425
2020-07-01T16:00:00.000Z,2355.6179,2366.989,2347.2913,2361.1543,522160
2020-07-02T16:00:00.000Z,2356.8994,2363.6169,2348.2903,2362.02,396979
2020-07-05T16:00:00.000Z,2362.8835,2382.9155,2354.5562,2369.5942,769309
2020-07-06T16:00:00.000Z,2372.9426,2385.3655,2357.5596,2364.7346,628188
2020-07-07T16:00:00.000Z,2365.7734,2376.1013,2348.0435,2363.8311,537568
2020-07-08T16:00:00.000Z,2366.5996,2374.1316,2354.501,2365.9319,472672
2020-07-09T16:00:00.000Z,2373.0708,2391.697,2356.4014,2367.3584,720297
2020-07-12T16:00:00.000Z,2369.1382,2375.3792,2304.6409,2314.9805,814456
2020-07-13T16:00:00.000Z,2312.3372,2317.9006,2300.5986,2309.1453,447572
2020-07-14T16:00:00.000Z,2309.8633,2319.9683,2304.9485,2313.9868,519124
2020-07-15T16:00:00.000Z,2312.4768,2338.4846,2307.6211,2336.4351,598437
2020-07-16T16:00:00.000Z,2336.3794,2343.6602,2325.8894,2343.45,440606
2020-07-19T16:00:00.000Z,2344.0657,2398.6262,2334.3884,2389.0505,1058631
2020-07-20T16:00:00.000Z,2389.4851,2415.8669,2382.4995,2391.8103,967526
2020-07-21T16:00:00.000Z,2389.5322,2407.0759,2380.7251,2400.4307,646955
2020-07-22T16:00:00.000Z,2403.1248,2423.5425,2375.8767,2404.3765,1031608
2020-07-23T16:00:00.000Z,2403.6213,2424.8179,2387.3662,2421.4507,999321
2020-07-26T16:00:00.000Z,2418.7922,2480.7251,2412.6606,2429.1062,1590484
2020-07-27T16:00:00.000Z,2433.9165,2446.7454,2358.343,2362.7153,1108913
2020-07-28T16:00:00.000Z,2366.8779,2378.7913,2359.1497,2369.7756,581462
2020-07-29T16:00:00.000Z,2365.3071,2372.8872,2344.5347,2350.2515,649346
2020-07-30T16:00:00.000Z,2352.1138,2377.7351,2332.7222,2364.0325,760177
2020-08-02T16:00:00.000Z,2358.3237,2376.1572,2347.0706,2373.7234,666358
2020-08-03T16:00:00.000Z,2371.7717,2383.2695,2344.1914,2352.2156,580679
2020-08-04T16:00:00.000Z,2354.0605,2358.0408,2316.4307,2318.4253,569956
2020-08-05T16:00:00.000Z,2321.4641,2326.7561,2309.9856,2321.1104,532988
2020-08-06T16:00:00.000Z,2319.2263,2320.1401,2295.7019,2296.7336,588995
2020-08-09T16:00:00.000Z,2299.6328,2307.1428,2275.4426,2302.3535,725028
2020-08-10T16:00:00.000Z,2294.7456,2299.6313,2274.0957,2278.8672,516078
2020-08-11T16:00:00.000Z,2280.8105,2295.1875,2277.0125,2283.7417,465603
2020-08-12T16:00:00.000Z,2283.8215,2309.1296,2267.3708,2298.4417,671790
2020-08-13T16:00:00.000Z,2304.7739,2315.9724,2291.8164,2296.189,591109
2020-08-16T16:00:00.000Z,2290.5664,2305.7417,2283.7014,2301.0991,494258
2020-08-17T16:00:00.000Z,2300.7019,2315.1106,2294.7393,2299.2695,483595
2020-08-18T16:00:00.000Z,2297.1274,2304.6277,2281.0811,2289.0706,446150
2020-08-19T16:00:00.000Z,2292.0959,2302.1096,2277.2537,2285.5571,460282
2020-08-20T16:00:00.000Z,2281.5366,2283.9248,2258.157,2274.4414,545123
2020-08-23T16:00:00.000Z,2269.3013,2285.3655,2262.0005,2275.9072,416456
2020-08-24T16:00:00.000Z,2282.0989,2321.814,2282.0071,2318.6724,656354
2020-08-25T16:00:00.000Z,2322.4026,2343.7964,2313.5527,2339.2087,533394
2020-08-26T16:00:00.000Z,2337.8435,2338.6597,2321.519,2335.5613,496316
2020-08-27T16:00:00.000Z,2344.9685,2355.2932,2329.6077,2339.8472,551011
2020-08-30T16:00:00.000Z,2342.127,2375.2371,2334.1504,2352.7485,470959
2020-08-31T16:00:00.000Z,2355.3711,2357.665,2309.4014,2330.489,538182
2020-09-01T16:00:00.000Z,2326.7871,2336.4968,2322.771,2329.2661,297708
2020-09-02T16:00:00.000Z,2327.593,2356.7646,2317.2656,2328.4097,507881
2020-09-03T16:00:00.000Z,2331.8401,2367.8481,2314.124,2367.1733,595656
2020-09-06T16:00:00.000Z,2369.27,2396.6768,2351.5591,2372.8398,648482
2020-09-07T16:00:00.000Z,2373.6714,2391.031,2367.2073,2378.8438,464280
2020-09-08T16:00:00.000Z,2363.8743,2370.198,2341.823,2355.9663,520638
2020-09-09T16:00:00.000Z,2363.6816,2384.9043,2339.802,2351.417,626207
2020-09-10T16:00:00.000Z,2356.1609,2423.6316,2351.7312,2416.551,878013
2020-09-13T16:00:00.000Z,2416.6833,2483.0249,2411.8652,2448.7681,1012252
2020-09-14T16:00:00.000Z,2443.9641,2458.6228,2422.2861,2435.5181,655326
2020-09-15T16:00:00.000Z,2435.6995,2435.6995,2379.2058,2392.093,822802
2020-09-16T16:00:00.000Z,2400.4849,2431.8406,2387.3259,2394.2695,853924
2020-09-17T16:00:00.000Z,2391.1655,2469.3428,2390.4722,2462.1804,927201
2020-09-20T16:00:00.000Z,2459.0793,2460.9756,2429.7014,2448.5186,775109
2020-09-21T16:00:00.000Z,2445.3262,2454.1973,2395.6523,2415.2729,921156
2020-09-22T16:00:00.000Z,2424.9229,2444.4324,2374.7659,2394.6777,913052
2020-09-23T16:00:00.000Z,2398.4736,2426.9614,2362.3215,2382.8853,935540
2020-09-24T16:00:00.000Z,2383.6655,2385.7957,2359.7273,2368.5688,625729
2020-09-27T16:00:00.000Z,2369.1255,2383.1223,2349.8464,2363.6799,773884
2020-09-28T16:00:00.000Z,2363.6367,2366.4556,2325.2292,2327.4036,615263
2020-09-29T16:00:00.000Z,2326.4272,2338.8591,2318.3362,2326.6189,503197
2020-10-08T16:00:00.000Z,2404.8579,2444.7966,2386.2654,2441.342,650065
2020-10-11T16:00:00.000Z,2436.2119,2537.4797,2431.8953,2524.0913,1199116
2020-10-12T16:00:00.000Z,2519.4617,2520.9204,2466.3933,2507.948,971157
2020-10-13T16:00:00.000Z,2503.3076,2515.9124,2479.0786,2495.8245,811894
2020-10-14T16:00:00.000Z,2500.3215,2506.2136,2478.761,2496.2097,675761
2020-10-15T16:00:00.000Z,2485.1101,2517.1768,2463.7234,2506.1902,906007
2020-10-18T16:00:00.000Z,2511.2439,2539.5596,2477.5679,2500.3398,1014871
2020-10-19T16:00:00.000Z,2504.6006,2566.2852,2490.1997,2535.3936,1193015
2020-10-20T16:00:00.000Z,2535.0972,2544.3547,2516.8223,2525.1658,941788
2020-10-21T16:00:00.000Z,2533.5115,2536.5928,2500.8806,2521.3955,772858
2020-10-22T16:00:00.000Z,2524.6145,2525.5256,2484.7566,2486.5874,868478
2020-10-25T16:00:00.000Z,2491.9343,2530.0056,2491.2217,2507.168,695259
2020-10-26T16:00:00.000Z,2502.1892,2523.3333,2495.0476,2501.8738,659082
2020-10-27T16:00:00.000Z,2503.7024,2516.2161,2466.1423,2504.0288,874813
2020-10-28T16:00:00.000Z,2481.0068,2482.321,2440.6563,2460.4905,878887
2020-10-29T16:00:00.000Z,2449.5383,2473.6458,2447.9866,2456.3569,847809
2020-11-01T16:00:00.000Z,2462.7725,2485.2151,2439.6563,2461.4712,780842
2020-11-02T16:00:00.000Z,2463.365,2478.0603,2453.6343,2469.5459,577446
2020-11-03T16:00:00.000Z,2476.3455,2492.491,2468.3486,2490.8306,651149
2020-11-04T16:00:00.000Z,2496.5496,2592.8259,2493.0437,2585.3176,1849690
2020-11-05T16:00:00.000Z,2585.3125,2592.0745,2560.6331,2575.2664,1057098
2020-11-08T16:00:00.000Z,2576.5957,2579.895,2520.1013,2520.1013,970344
2020-11-09T16:00:00.000Z,2536.7024,2537.7781,2480.6262,2494.3135,1045220
2020-11-10T16:00:00.000Z,2499.7024,2561.2117,2496.0669,2550.4055,971890
2020-11-11T16:00:00.000Z,2548.6345,2553.4922,2516.4917,2524.6377,744375
2020-11-12T16:00:00.000Z,2521.6345,2531.9431,2501.6682,2514.6418,663899
2020-11-15T16:00:00.000Z,2518.8228,2531.0264,2485.7961,2493.894,857332
2020-11-16T16:00:00.000Z,2498.0962,2509.0117,2485.4907,2504.4077,602929
2020-11-17T16:00:00.000Z,2510.833,2532.8591,2499.2664,2519.5466,812973
2020-11-18T16:00:00.000Z,2527.6013,2557.4197,2507.415,2546.6816,946283
2020-11-19T16:00:00.000Z,2536.6658,2590.6526,2530.8455,2583.6199,882024
2020-11-22T16:00:00.000Z,2589.0215,2626.6274,2588.6133,2620.9885,1064571
2020-11-23T16:00:00.000Z,2625.1548,2625.2283,2581.8521,2590.5889,784176
2020-11-24T16:00:00.000Z,2587.241,2600.5964,2574.3809,2592.324,761885
2020-11-25T16:00:00.000Z,2594.7822,2595.7053,2563.4319,2588.1226,553772
2020-11-26T16:00:00.000Z,2588.1548,2590.0239,2562.5532,2565.6392,530139
2020-11-29T16:00:00.000Z,2569.0078,2609.0083,2559.0725,2600.3674,888705
2020-11-30T16:00:00.000Z,2592.1479,2604.5957,2534.864,2538.74,973789
2020-12-01T16:00:00.000Z,2544.9958,2550.7322,2493.5732,2494.3545,737671
2020-12-02T16:00:00.000Z,2479.6284,2497.7627,2468.8716,2489.9404,769511
2020-12-03T16:00:00.000Z,2501.123,2505.5437,2478.8071,2499.7351,717019
2020-12-06T16:00:00.000Z,2497.0444,2506.2566,2477.3542,2504.3401,672145
2020-12-07T16:00:00.000Z,2498.8906,2524.7009,2488.7253,2494.8135,702442
2020-12-08T16:00:00.000Z,2492.0164,2512.8367,2485.8215,2501.2051,549734
2020-12-09T16:00:00.000Z,2506.8042,2540.5066,2503.5723,2539.5793,757046
2020-12-10T16:00:00.000Z,2545.0127,2548.0088,2491.9658,2495.6152,767318
2020-12-13T16:00:00.000Z,2494.5535,2528.6719,2488.5498,2525.0471,601780
2020-12-14T16:00:00.000Z,2531.3794,2534.937,2494.0642,2514.1296,618565
2020-12-15T16:00:00.000Z,2513.9221,2560.9229,2508.1531,2560.1211,670498
2020-12-16T16:00:00.000Z,2570.6089,2590.5317,2559.3877,2583.0049,667853
2020-12-17T16:00:00.000Z,2575.7156,2631.3687,2567.2476,2614.1145,635434
2020-12-20T16:00:00.000Z,2613.4827,2715.4465,2609.4639,2713.6516,806806
2020-12-21T16:00:00.000Z,2704.3169,2774.906,2663.9053,2723.9875,1159460
2020-12-22T16:00:00.000Z,2729.2837,2771.1233,2711.4387,2751.3479,1170800
2020-12-23T16:00:00.000Z,2772.1946,2785.7268,2727.8196,2734.4028,901898
2020-12-24T16:00:00.000Z,2737.4517,2747.4932,2698.687,2737.4578,786282
2020-12-27T16:00:00.000Z,2739.1135,2786.1079,2723.3464,2739.9912,918966
2020-12-28T16:00:00.000Z,2741.0696,2746.2888,2689.8296,2701.2471,758944
2020-12-29T16:00:00.000Z,2701.8789,2805.6465,2692.6292,2784.4104,1008084
2020-12-30T16:00:00.000Z,2779.0161,2879.1704,2778.021,2876.7114,1007847
2021-01-03T16:00:00.000Z,2874.2498,2915.4229,2858.9875,2866.1675,775549
2021-01-04T16:00:00.000Z,2863.1052,2879.4688,2827.6787,2866.8359,793662
2021-01-05T16:00:00.000Z,2872.3027,2918.2605,2855.615,2904.6033,857455
2021-01-06T16:00:00.000Z,2910.4583,2923.5488,2870.2256,2889.3406,744347
2021-01-07T16:00:00.000Z,2886.9424,2921.7458,2859.947,2920.4673,959782
2021-01-10T16:00:00.000Z,2925.8938,2999.4001,2895.678,2978.509,1204421
2021-01-11T16:00:00.000Z,2984.74,3017.7847,2967.8943,3001.5955,1087518
2021-01-12T16:00:00.000Z,3004.356,3143.322,2995.5261,3142.2925,1499942
2021-01-13T16:00:00.000Z,3136.6411,3149.7698,3094.8987,3120.7505,1291499
2021-01-14T16:00:00.000Z,3123.1235,3149.6736,3075.6667,3085.0225,1346104
2021-01-17T16:00:00.000Z,3091.519,3110.3936,3038.6653,3053.7371,985879
2021-01-18T16:00:00.000Z,3051.6582,3082.2869,3029.7639,3046.4258,807149
2021-01-19T16:00:00.000Z,3053.9492,3055.9124,2900.5605,2911.9509,1587250
2021-01-20T16:00:00.000Z,2908.4233,2943.7236,2899.572,2932.7256,983957
2021-01-21T16:00:00.000Z,2941.6577,2948.4058,2842.5637,2854.2036,1170332
2021-01-24T16:00:00.000Z,2850.0762,2885.469,2781.1533,2801.1741,1220912
2021-01-25T16:00:00.000Z,2796.2244,2846.9175,2793.0759,2794.7385,917562
2021-01-26T16:00:00.000Z,2815.344,2882.2529,2807.2949,2864.1941,1113545
2021-01-27T16:00:00.000Z,2866.1033,2871.8076,2819.6279,2833.0984,945955
2021-01-28T16:00:00.000Z,2852.1501,2860.8127,2784.3245,2847.408,1070014
2021-01-31T16:00:00.000Z,2848.3491,2896.1011,2815.1333,2858.625,1145341
2021-02-01T16:00:00.000Z,2853.2461,2856.0115,2798.7017,2803.1567,982835
2021-02-02T16:00:00.000Z,2786.0327,2800.469,2759.405,2783.3948,1183067
2021-02-03T16:00:00.000Z,2784.0293,2866.5942,2779.1692,2862.6406,1207374
2021-02-04T16:00:00.000Z,2858.6553,2910.8833,2851.7664,2906.895,1278413
2021-02-07T16:00:00.000Z,2909.7856,2927.7813,2858.3594,2874.7241,1095611
2021-02-08T16:00:00.000Z,2875.8411,2947.8906,2863.9326,2927.2119,909518
2021-02-09T16:00:00.000Z,2932.2993,2933.1665,2871.4851,2892.7463,699834
2021-02-17T16:00:00.000Z,2897.3303,2950.1416,2897.3303,2922.1533,579457
2021-02-18T16:00:00.000Z,2915.71,2966.3223,2880.3992,2904.8245,1155745
2021-02-21T16:00:00.000Z,2909.1875,2975.4397,2906.8882,2951.4556,1273442
2021-02-22T16:00:00.000Z,2944.7402,3029.5371,2905.4604,3023.7505,1440469
2021-02-23T16:00:00.000Z,3016.4312,3044.6785,3012.1245,3034.1807,1236610
2021-02-24T16:00:00.000Z,3049.5715,3071.6206,3015.998,3032.262,1278334
2021-02-25T16:00:00.000Z,3043.7551,3045.1538,2894.1626,2894.1902,1631406
2021-02-28T16:00:00.000Z,2860.4548,2904.6218,2838.5298,2865.3506,1365106
2021-03-01T16:00:00.000Z,2872.8396,2920.9631,2799.4326,2806.0327,1452063
2021-03-02T16:00:00.000Z,2814.0107,2881.6504,2813.2063,2858.0876,1078560
2021-03-03T16:00:00.000Z,2855.9949,2867.0889,2815.7725,2832.2363,1037033
2021-03-04T16:00:00.000Z,2835.1589,2875.7952,2796.4563,2864.7654,1244209
2021-03-07T16:00:00.000Z,2860.9006,2954.6938,2847.2468,2937.4456,1236340
2021-03-08T16:00:00.000Z,2932.7913,2932.7913,2856.7183,2858.062,1167940
2021-03-09T16:00:00.000Z,2855.918,2865.3811,2777.5889,2785.7598,1484672
2021-03-10T16:00:00.000Z,2774.8635,2783.1868,2682.7202,2696.9458,1756912
2021-03-11T16:00:00.000Z,2700.5081,2731.0959,2680.8582,2715.3076,1508272
2021-03-14T16:00:00.000Z,2714.8137,2758.0002,2664.1003,2745.6865,1498495
2021-03-15T16:00:00.000Z,2750.6472,2786.8901,2743.2231,2767.5081,1372601
2021-03-16T16:00:00.000Z,2770.6436,2813.499,2770.0845,2797.5044,1179598
2021-03-17T16:00:00.000Z,2792.5591,2827.646,2782.9294,2795.3599,1178838
2021-03-18T16:00:00.000Z,2793.3374,2828.0352,2771.1914,2816.3997,1369125
2021-03-21T16:00:00.000Z,2816.2727,2847.1665,2780.6663,2825.3613,1212898
2021-03-22T16:00:00.000Z,2818.8306,2822.1094,2754.2942,2789.218,1399964
2021-03-23T16:00:00.000Z,2786.6045,2828.7019,2781.3396,2819.5098,1088643
2021-03-24T16:00:00.000Z,2821.9563,2861.2632,2821.9563,2843.5481,1190583
2021-03-25T16:00:00.000Z,2839.8838,2898.2769,2821.7273,2887.7837,1357730
2021-03-28T16:00:00.000Z,2889.5667,2891.1055,2831.8391,2853.5803,1167110
2021-03-29T16:00:00.000Z,2841.1853,2853.1538,2811.4724,2843.6978,1058493
2021-03-30T16:00:00.000Z,2840.9653,2855.1255,2776.1895,2801.1692,1196808
2021-03-31T16:00:00.000Z,2802.448,2946.7175,2795.5928,2936.4011,2023716
2021-04-01T16:00:00.000Z,2941.8311,2953.3555,2911.1914,2951.2939,1419438
2021-04-05T16:00:00.000Z,2942.6365,2961.5098,2916.573,2923.5027,694814
2021-04-06T16:00:00.000Z,2936.9871,2968.7332,2904.1902,2954.2251,1292307
2021-04-07T16:00:00.000Z,2957.8376,2959.6609,2914.063,2939.2131,1024829
2021-04-08T16:00:00.000Z,2937.45,2959.887,2905.5354,2941.8369,1227550
2021-04-11T16:00:00.000Z,2954.644,2969.5806,2864.6941,2870.4922,1265886
2021-04-12T16:00:00.000Z,2868.051,2877.4822,2829.7458,2838.2834,1191440
2021-04-13T16:00:00.000Z,2836.0225,2853.2397,2796.311,2809.75,1159238
2021-04-14T16:00:00.000Z,2810.3972,2837.4021,2810.166,2827.6121,942342
2021-04-15T16:00:00.000Z,2834.4734,2872.8367,2815.179,2852.4275,1257686
2021-04-18T16:00:00.000Z,2844.0251,2910.1377,2834.4822,2905.032,1278606
2021-04-19T16:00:00.000Z,2914.6853,2949.8164,2888.0845,2946.958,1050899
2021-04-20T16:00:00.000Z,2955.7847,2992.2578,2943.7522,2979.3499,1135923
2021-04-21T16:00:00.000Z,2964.1047,3036.0657,2951.8472,3014.9543,1078121
2021-04-22T16:00:00.000Z,3011.7451,3034.3401,2988.7065,3021.1042,995040
2021-04-25T16:00:00.000Z,3016.9749,3075.5288,2991.2126,3023.1389,1241143
2021-04-26T16:00:00.000Z,3021.9922,3060.2295,3016.0247,3046.9175,1157464
2021-04-27T16:00:00.000Z,3034.7339,3042.4648,2958.0181,2995.4927,1408290
2021-04-28T16:00:00.000Z,2999.7544,3012.4546,2969.4453,2983.4382,1001413
2021-04-29T16:00:00.000Z,2984.3284,3019.1541,2955.5259,2978.407,1043823
2021-05-05T16:00:00.000Z,3011.7266,3100.6335,3011.7266,3073.5745,769837
2021-05-06T16:00:00.000Z,3086.2788,3175.3076,3081.093,3131.5381,1322035
2021-05-09T16:00:00.000Z,3128.0117,3129.2385,3079.9348,3104.7031,1153327
2021-05-10T16:00:00.000Z,3103.7249,3114.533,3027.7517,3052.4912,1345986
2021-05-11T16:00:00.000Z,3078.9443,3169.1975,3074.2048,3147.8396,1506763
2021-05-12T16:00:00.000Z,3129.1978,3160.8877,3028.2532,3056.6252,1576079
2021-05-13T16:00:00.000Z,3034.6897,3042.5376,2941.4048,2969.8584,1580006
2021-05-16T16:00:00.000Z,2984.2148,2994.9617,2929.1414,2962.386,1171184
2021-05-17T16:00:00.000Z,2977.4937,2987.8926,2953.1792,2972.0415,932526
2021-05-18T16:00:00.000Z,2970.2593,2978.0129,2922.5271,2950.1924,1283264
2021-05-19T16:00:00.000Z,2914.6472,2944.7776,2893.3054,2938.9224,1185748
2021-05-20T16:00:00.000Z,2923.2974,2925.7271,2871.9612,2875.9324,1075078
2021-05-23T16:00:00.000Z,2886.3962,2899.9783,2830.1265,2892.5103,1091536
2021-05-24T16:00:00.000Z,2895.0869,2905.8381,2875.0981,2890.3005,949507
2021-05-25T16:00:00.000Z,2875.7007,2896.6707,2848.2161,2882.6472,955052
2021-05-26T16:00:00.000Z,2869.2729,2898.2947,2840.2451,2848.7458,1101975
2021-05-27T16:00:00.000Z,2865.0327,2942.6824,2859.4619,2915.155,1015279
2021-05-30T16:00:00.000Z,2900.3064,2932.9656,2895.0779,2895.9727,801480
2021-05-31T16:00:00.000Z,2899.1985,2945.1809,2897.324,2913.6333,807734
2021-06-01T16:00:00.000Z,2936.343,2962.668,2929.1821,2953.146,926093
2021-06-02T16:00:00.000Z,2948.228,2982.6946,2922.8511,2981.3479,1190758
2021-06-03T16:00:00.000Z,2976.9133,2985.0571,2892.5854,2897.8831,1213905
2021-06-06T16:00:00.000Z,2916.7439,2999.7871,2908.4641,2990.1387,1352809
2021-06-07T16:00:00.000Z,3004.0786,3008.334,2972.8667,3004.178,1234774
2021-06-08T16:00:00.000Z,2998.7544,3046.2295,2987.5562,2999.5735,1368233
2021-06-09T16:00:00.000Z,2994.8645,3007.2805,2979.196,3003.3552,916042
2021-06-10T16:00:00.000Z,3003.811,3032.8486,2984.7048,3003.3462,1149291
2021-06-14T16:00:00.000Z,2922.7595,2938.353,2847.5652,2863.1135,1099377
2021-06-15T16:00:00.000Z,2863.4929,2868.2266,2846.7715,2847.6833,1053997
2021-06-16T16:00:00.000Z,2864.1072,2864.8184,2783.2329,2820.9934,1142488
2021-06-17T16:00:00.000Z,2801.1072,2810.1521,2702.9773,2744.7109,1484577
2021-06-20T16:00:00.000Z,2771.9448,2786.8376,2752.1387,2763.0537,1064215
2021-06-21T16:00:00.000Z,2756.01,2797.5798,2753.887,2772.1731,857192
2021-06-22T16:00:00.000Z,2768.9958,2789.0435,2761.4531,2769.4929,1004941
2021-06-23T16:00:00.000Z,2759.3394,2794.334,2736.8855,2783.7175,1181873
2021-06-24T16:00:00.000Z,2757.166,2793.397,2747.5227,2781.4673,1026484
2021-06-27T16:00:00.000Z,2779.3755,2843.3833,2755.26,2828.467,1368748
2021-06-28T16:00:00.000Z,2823.1196,2854.5466,2820.8801,2841.9695,836734
2021-06-29T16:00:00.000Z,2846.7759,2875.5017,2831.5266,2866.2668,868531
2021-06-30T16:00:00.000Z,2859.8042,3019.1389,2842.5049,2992.6113,1153652
2021-07-01T16:00:00.000Z,3025.0354,3055.0894,3010.8037,3053.8777,1053451
2021-07-04T16:00:00.000Z,3045.3411,3048.5991,3002.3542,3029.1477,923919
2021-07-05T16:00:00.000Z,3028.7813,3041.9502,3000.0579,3010.7983,725737
2021-07-06T16:00:00.000Z,2996.875,2999.7258,2908.1978,2940.7378,1245400
2021-07-07T16:00:00.000Z,2933.3013,2942.8262,2918.0354,2933.3401,884652
2021-07-08T16:00:00.000Z,2899.4141,2944.5581,2895.9756,2921.936,987941
2021-07-11T16:00:00.000Z,2917.0044,2959.4097,2895.1624,2939.9961,1279065
2021-07-12T16:00:00.000Z,2934.7947,2977.1599,2928.0945,2955.8906,861549
2021-07-13T16:00:00.000Z,2960.7546,2982.3611,2933.0737,2979.3972,901294
2021-07-14T16:00:00.000Z,2984.0356,3029.6689,2982.9387,3006.8333,918322
2021-07-15T16:00:00.000Z,3014.0308,3017.0381,2991.2014,3003.4912,710036
2021-07-18T16:00:00.000Z,3013.625,3099.3098,3013.625,3026.3145,1154444
2021-07-19T16:00:00.000Z,3015.7461,3046.8232,2971.3435,3039.4358,991330
2021-07-20T16:00:00.000Z,3048.0415,3079.5447,2998.2642,3022.2275,1035806
2021-07-21T16:00:00.000Z,3032.458,3039.4526,2953.3816,2959.3071,949079
2021-07-22T16:00:00.000Z,2929.4812,2939.843,2895.3645,2898.4185,1116978
2021-07-25T16:00:00.000Z,2900.9299,2907.4331,2828.8481,2846.9331,965366
2021-07-26T16:00:00.000Z,2847.345,2884.9226,2834.4475,2864.6887,913839
2021-07-27T16:00:00.000Z,2872.9968,2907.9202,2864.1428,2873.2207,871118
2021-07-28T16:00:00.000Z,2882.5972,2915.3723,2867.1614,2914.3975,854688
2021-07-29T16:00:00.000Z,2916.6416,2959.3582,2900.3167,2956.1084,1032572
2021-08-01T16:00:00.000Z,2935.3062,2954.3892,2885.7234,2948.2651,1103875
2021-08-02T16:00:00.000Z,2946.6018,2958.7363,2915.7068,2950.0188,1079110
2021-08-03T16:00:00.000Z,2929.4058,2929.4058,2892.1685,2911.6609,1227679
2021-08-04T16:00:00.000Z,2906.7195,2919.4231,2879.71,2882.165,1140810
2021-08-05T16:00:00.000Z,2880.575,2910.1072,2872.4751,2899.2007,1091789
2021-08-08T16:00:00.000Z,2903.3313,2957.1228,2879.6401,2953.1104,1442591
2021-08-09T16:00:00.000Z,2948.6069,2980.5652,2938.1074,2973.3882,1200186
2021-08-10T16:00:00.000Z,2963.9893,2973.3545,2941.812,2963.7275,1191038
2021-08-11T16:00:00.000Z,2949.8052,2967.2944,2864.4695,2876.3784,1535762
2021-08-12T16:00:00.000Z,2879.9636,2956.8809,2867.1392,2956.8809,1440186
2021-08-15T16:00:00.000Z,2960.2954,3011.3635,2954.386,2997.1719,1476218
2021-08-16T16:00:00.000Z,2990.4319,3045.5442,2976.8906,3013.2229,1327353
2021-08-17T16:00:00.000Z,3009.6536,3025.0498,2979.2375,3014.366,1289260
2021-08-18T16:00:00.000Z,3009.1445,3010.2188,2942.9636,2948.8584,1353277
2021-08-19T16:00:00.000Z,2930.936,2956.8247,2901.6321,2917.4607,1130424
2021-08-22T16:00:00.000Z,2901.1094,2914.6233,2873.5095,2883.01,880369
2021-08-23T16:00:00.000Z,2880.9285,2902.9954,2860.3496,2886.9973,1014511
2021-08-24T16:00:00.000Z,2881.5313,2908.1768,2862.4426,2872.1797,1104400
2021-08-25T16:00:00.000Z,2872.821,2918.6292,2845.8105,2906.27,1451628
2021-08-26T16:00:00.000Z,2907.6445,2919.6145,2878.8057,2894.1245,1045436
2021-08-29T16:00:00.000Z,2892.4053,2940.51,2877.7383,2903.5527,1093245
2021-08-30T16:00:00.000Z,2900.0413,2905.7432,2851.2244,2900.9822,1152798
2021-08-31T16:00:00.000Z,2877.6277,2891.8882,2845.1555,2852.0828,930167
2021-09-01T16:00:00.000Z,2854.4114,2888.9099,2837.8789,2874.823,1140652
2021-09-02T16:00:00.000Z,2874.3086,2879.4841,2844.8215,2850.8713,899746
2021-09-05T16:00:00.000Z,2855.6287,2859.071,2819.3901,2850.1948,1007402
2021-09-06T16:00:00.000Z,2851.5828,2893.6892,2838.5464,2888.3721,979712
2021-09-07T16:00:00.000Z,2887.9165,2887.9165,2826.3242,2827.7524,1154381
2021-09-08T16:00:00.000Z,2829.8706,2838.6812,2781.2007,2794.7986,1319914
2021-09-09T16:00:00.000Z,2796.1182,2830.9395,2787.2888,2829.5376,1040057
2021-09-12T16:00:00.000Z,2832.0728,2881.875,2832.0728,2873.0745,1247611
2021-09-13T16:00:00.000Z,2868.0266,2904.4529,2855.6428,2895.6135,1096317
2021-09-14T16:00:00.000Z,2899.8223,2909.8279,2886.5676,2904.7092,823400
2021-09-15T16:00:00.000Z,2901.8796,2927.6836,2884.8076,2922.3872,1016833
2021-09-16T16:00:00.000Z,2919.2708,2959.6597,2911.752,2933.9617,1124756
2021-09-21T16:00:00.000Z,2919.0781,2928.1287,2882.5217,2890.5654,713148
2021-09-22T16:00:00.000Z,2892.7432,2928.1296,2892.4919,2897.9819,849820
2021-09-23T16:00:00.000Z,2897.5366,2913.5381,2861.2559,2870.856,1081863
2021-09-26T16:00:00.000Z,2867.0857,2892.2056,2832.4346,2880.4832,1090804
2021-09-27T16:00:00.000Z,2886.2942,2894.0889,2814.3145,2820.8943,1056203
2021-09-28T16:00:00.000Z,2819.5442,2819.5442,2789.9126,2798.3345,830120
2021-09-29T16:00:00.000Z,2799.0745,2803.6858,2755.3389,2769.3567,739523
2021-10-07T16:00:00.000Z,2724.4155,2724.4155,2650.9053,2680.2158,795523
2021-10-10T16:00:00.000Z,2681.4709,2724.5613,2680.4766,2700.426,1105947
2021-10-11T16:00:00.000Z,2703.5752,2715.3633,2655.54,2689.2185,1169741
2021-10-12T16:00:00.000Z,2683.4436,2689.5662,2617.343,2622.627,1253253
2021-10-13T16:00:00.000Z,2617.7258,2642.9326,2578.5017,2634.4949,1175201
2021-10-14T16:00:00.000Z,2639.3867,2649.6343,2609.9434,2624.1333,885025
2021-10-17T16:00:00.000Z,2631.7751,2642.6377,2586.405,2587.2146,1131300
2021-10-18T16:00:00.000Z,2578.3118,2610.9421,2554.0078,2599.4304,1051344
2021-10-19T16:00:00.000Z,2604.4343,2635.7498,2596.4407,2614.3718,1234679
2021-10-20T16:00:00.000Z,2621.1162,2630.5229,2601.9658,2607.4272,1264546
2021-10-21T16:00:00.000Z,2596.8928,2645.3398,2583.7334,2641.6812,1421407
2021-10-24T16:00:00.000Z,2642.9089,2673.8677,2615.2058,2651.9771,1360522
2021-10-25T16:00:00.000Z,2651.3694,2653.8293,2604.8096,2626.6279,982477
2021-10-26T16:00:00.000Z,2621.5493,2628.05,2584.8752,2623.1587,1040632
2021-10-27T16:00:00.000Z,2616.4751,2659.613,2593.8401,2649.8887,1443168
2021-10-28T16:00:00.000Z,2643.5237,2674.1946,2642.5303,2645.7141,1096700
2021-10-31T16:00:00.000Z,2639.0637,2652.958,2547.3833,2559.1138,1537137
2021-11-01T16:00:00.000Z,2564.5872,2572.491,2529.0259,2533.9226,1064308
2021-11-02T16:00:00.000Z,2534.644,2556.2739,2513.5457,2534.0562,1150383
2021-11-03T16:00:00.000Z,2540.8013,2576.5083,2529.2864,2568.9299,1081099
2021-11-04T16:00:00.000Z,2568.2271,2576.1418,2484.3943,2498.1846,1377261
2021-11-07T16:00:00.000Z,2493.3091,2548.3149,2483.6899,2541.6021,1131828
2021-11-08T16:00:00.000Z,2539.6062,2583.5183,2524.2,2575.3809,959583
2021-11-09T16:00:00.000Z,2579.5776,2632.5786,2574.5352,2617.0437,1067694
2021-11-10T16:00:00.000Z,2616.0212,2652.4294,2605.2498,2651.8552,764203
2021-11-11T16:00:00.000Z,2653.8896,2686.4333,2641.2949,2674.0925,802522
2021-11-14T16:00:00.000Z,2671.8787,2734.0981,2662.8679,2687.1028,1015479
2021-11-15T16:00:00.000Z,2697.0586,2732.8193,2682.866,2727.3218,817943
2021-11-16T16:00:00.000Z,2726.7588,2733.5955,2691.7839,2725.3472,820884
2021-11-17T16:00:00.000Z,2732.3049,2771.6006,2721.7456,2737.5244,1045091
2021-11-18T16:00:00.000Z,2734.9182,2774.9844,2709.9285,2774.9761,1049291
2021-11-21T16:00:00.000Z,2750.3369,2759.001,2687.7129,2707.9546,1054826
2021-11-22T16:00:00.000Z,2702.5261,2767.4751,2684.1924,2754.916,1010507
2021-11-23T16:00:00.000Z,2751.5276,2764.0088,2716.6477,2759.7317,1099028
2021-11-24T16:00:00.000Z,2754.332,2772.3708,2717.1111,2737.4292,854338
2021-11-25T16:00:00.000Z,2732.8572,2732.8572,2675.4761,2694.106,887206
2021-11-28T16:00:00.000Z,2685.4602,2723.2456,2656.3032,2721.5881,1104407
2021-11-29T16:00:00.000Z,2721.3208,2726.3694,2646.2917,2685.2986,1113842
2021-11-30T16:00:00.000Z,2673.3123,2682.0005,2648.823,2677.9387,826539
2021-12-01T16:00:00.000Z,2672.9277,2696.7446,2638.5042,2694.0657,1057600
2021-12-02T16:00:00.000Z,2696.2207,2739.8396,2679.3489,2739.3706,1063712
2021-12-05T16:00:00.000Z,2740.4844,2748.7813,2712.3616,2721.9497,957725
2021-12-06T16:00:00.000Z,2724.1528,2730.9402,2692.7241,2701.5713,1092825
2021-12-07T16:00:00.000Z,2701.0596,2706.7756,2674.4263,2691.1848,1012301
2021-12-08T16:00:00.000Z,2687.6523,2787.4883,2680.3003,2782.3826,1381488
2021-12-09T16:00:00.000Z,2772.6042,2830.634,2756.0327,2814.3738,1206486
2021-12-12T16:00:00.000Z,2822.0896,2847.8792,2801.6318,2804.9634,973628
2021-12-13T16:00:00.000Z,2795.0776,2824.2075,2777.5308,2801.0703,1208653
2021-12-14T16:00:00.000Z,2815.8889,2920.5049,2815.386,2884.8127,1763967
2021-12-15T16:00:00.000Z,2894.7876,2905.7227,2870.2998,2890.5415,1199615
2021-12-16T16:00:00.000Z,2894.8472,2927.2813,2880.23,2920.7654,842376
2021-12-19T16:00:00.000Z,2923.5737,2923.5737,2874.1877,2900.98,893240
2021-12-20T16:00:00.000Z,2898.7451,2911.9678,2880.3167,2890.2556,773976
2021-12-21T16:00:00.000Z,2877.125,2928.679,2863.7063,2893.8083,811337
2021-12-22T16:00:00.000Z,2899.0173,2961.9226,2897.1196,2953.3315,833127
2021-12-23T16:00:00.000Z,2942.6448,2986.9006,2928.531,2982.6946,743879
2021-12-26T16:00:00.000Z,2986.0857,2986.8442,2926.7529,2935.3635,651077
2021-12-27T16:00:00.000Z,2945.9714,2991.8247,2939.5771,2958.9194,858968
2021-12-28T16:00:00.000Z,2958.9424,2958.9424,2909.6667,2925.6296,740402
2021-12-29T16:00:00.000Z,2913.4993,2944.6558,2897.2522,2930.5972,639999
2021-12-30T16:00:00.000Z,2917.9934,2917.9934,2872.4575,2908.0066,730026
2022-01-03T16:00:00.000Z,2922.5046,2991.4141,2922.5046,2969.7268,547563
2022-01-04T16:00:00.000Z,2959.5906,3009.5881,2959.5906,2983.8384,616003
2022-01-05T16:00:00.000Z,2975.4121,2975.4121,2895.324,2904.9114,828242
2022-01-06T16:00:00.000Z,2911.8511,2934.5356,2904.3601,2921.2966,549641
2022-01-09T16:00:00.000Z,2914.0938,2964.0225,2894.4934,2923.4905,701683
2022-01-10T16:00:00.000Z,2924.936,2943.7898,2899.1267,2912.0251,559079
2022-01-11T16:00:00.000Z,2912.2964,2949.707,2881.2368,2936.6733,742082
2022-01-12T16:00:00.000Z,2923.9221,2944.3157,2898.9282,2929.8984,760857
2022-01-13T16:00:00.000Z,2920.2236,2920.2236,2860.7102,2873.0095,688780
2022-01-16T16:00:00.000Z,2888.6123,2895.519,2833.6985,2849.4167,684631
2022-01-17T16:00:00.000Z,2849.2615,2862.8052,2833.0098,2850.3362,443002
2022-01-18T16:00:00.000Z,2830.0908,2883.5059,2809.5896,2874.0947,734192
2022-01-19T16:00:00.000Z,2877.105,2941.4238,2865.3462,2932.5957,683610
2022-01-20T16:00:00.000Z,2932.1135,2989.3694,2927.7766,2973.7053,656982
2022-01-23T16:00:00.000Z,2971.6079,3014.7122,2971.4641,2994.0737,730818
2022-01-24T16:00:00.000Z,2988.5706,3006.1057,2959.6135,3000.4988,637528
2022-01-25T16:00:00.000Z,2993.1646,3025.8276,2985.9858,3021.2903,589985
2022-01-26T16:00:00.000Z,3019.9216,3153.0854,3019.9216,3110.1785,1017499
2022-01-27T16:00:00.000Z,3112.7317,3135.9878,3076.9143,3113.1487,616559
2022-02-06T16:00:00.000Z,3312.2346,3380.1438,3301.6887,3363.9636,632018
2022-02-07T16:00:00.000Z,3378.9707,3394.3911,3301.1719,3323.0881,980339
2022-02-08T16:00:00.000Z,3318.1724,3346.7556,3284.6907,3339.5586,842182
2022-02-09T16:00:00.000Z,3329.7776,3398.3767,3313.5911,3357.6787,892599
2022-02-10T16:00:00.000Z,3385.9407,3432.7881,3292.804,3330.5601,1064752
2022-02-13T16:00:00.000Z,3356.1631,3359.7424,3301.2036,3324.2534,782789
2022-02-14T16:00:00.000Z,3295.7173,3335.7651,3279.6719,3316.4392,751117
2022-02-15T16:00:00.000Z,3293.8882,3362.4063,3277.2441,3333.106,917348
2022-02-16T16:00:00.000Z,3324.7661,3384.9268,3293.7151,3383.6104,917841
2022-02-17T16:00:00.000Z,3399.8792,3420.1292,3359.2078,3400.1787,852297
2022-02-20T16:00:00.000Z,3406.104,3442.9453,3363.6418,3399.4873,998612
2022-02-21T16:00:00.000Z,3392.5376,3480.561,3391.8337,3474.9766,858096
2022-02-22T16:00:00.000Z,3446.9385,3548.885,3398.7051,3520.1411,1289108
2022-02-23T16:00:00.000Z,3522.4204,3712.6082,3501.7886,3670.0601,1147063
2022-02-24T16:00:00.000Z,3641.9929,3685.0789,3462.3418,3480.262,1410069
2022-02-27T16:00:00.000Z,3413.562,3441.5071,3340.1494,3431.2041,1087184
2022-02-28T16:00:00.000Z,3426.7505,3529.6277,3395.1326,3478.6443,826927
2022-03-01T16:00:00.000Z,3505.9785,3588.0859,3455.8867,3497.7131,1017373
2022-03-02T16:00:00.000Z,3510.1667,3520.5144,3403.6082,3496.7065,910572
2022-03-03T16:00:00.000Z,3464.5786,3539.9844,3446.175,3489.0857,870609
2022-03-06T16:00:00.000Z,3511.9341,3684.0725,3511.9341,3677.4233,922589
2022-03-07T16:00:00.000Z,3657.5876,3839.9077,3579.9336,3808.3816,1177794
2022-03-08T16:00:00.000Z,3781.5222,3948.5566,3775.6858,3905.6313,1381554
2022-03-09T16:00:00.000Z,3812.1396,3876.6135,3757.8687,3842.6934,1078192
2022-03-10T16:00:00.000Z,3853.2117,3908.6729,3826.5842,3861.8137,511899
2022-03-13T16:00:00.000Z,3817.05,3831.1411,3722.8503,3803.5806,681129
2022-03-14T16:00:00.000Z,3781.5605,3818.2209,3652.6023,3653.9954,710085
2022-03-15T16:00:00.000Z,3639.1147,3750.302,3583.7607,3738.5149,564864
2022-03-16T16:00:00.000Z,3732.9783,3789.3684,3674.7705,3694.6787,502737
2022-03-17T16:00:00.000Z,3710.8171,3796.4976,3691.3289,3795.3145,368312
2022-03-20T16:00:00.000Z,3765.3818,3867.0725,3744.6155,3844.9172,419013
2022-03-21T16:00:00.000Z,3847.1213,3998.7017,3825.116,3976.9795,556520
2022-03-22T16:00:00.000Z,3954.5859,3996.0156,3911.6787,3983.7307,441311
2022-03-23T16:00:00.000Z,4003.7507,4053.6682,3928.95,3938.4556,560799
2022-03-24T16:00:00.000Z,3928.8386,3991.2134,3849.9241,3897.9043,560550
2022-03-27T16:00:00.000Z,3872.3608,3904.5359,3830.5896,3835.8694,467829
2022-03-28T16:00:00.000Z,3817.6782,3857.1155,3777.4116,3811.7563,543295
2022-03-29T16:00:00.000Z,3709.3479,3762.7478,3636.9546,3720.4805,693214
2022-03-30T16:00:00.000Z,3719.8743,3750.3948,3673.29,3710.6882,437602
2022-03-31T16:00:00.000Z,3705.1926,3736.7947,3513.8267,3514.6619,700868
2022-04-05T16:00:00.000Z,3533.6379,3563.9993,3505.9343,3522.6563,325508
2022-04-06T16:00:00.000Z,3518.2754,3624.5588,3498.5339,3568.709,586219
2022-04-07T16:00:00.000Z,3561.8586,3611.0945,3538.752,3584.4053,452248
2022-04-10T16:00:00.000Z,3570.1284,3636.5818,3566.1216,3576.9609,428725
2022-04-11T16:00:00.000Z,3571.8423,3571.8423,3502.0774,3541.998,466104
2022-04-12T16:00:00.000Z,3533.3154,3554.5239,3466.6748,3495.1111,552943
2022-04-13T16:00:00.000Z,3480.0227,3567.1152,3444.158,3555.4702,519113
2022-04-14T16:00:00.000Z,3552.0129,3576.519,3493.8896,3548.4219,450083
2022-04-17T16:00:00.000Z,3534.7495,3635.5037,3510.7935,3586.6055,587297
2022-04-18T16:00:00.000Z,3584.3535,3660.6257,3555.1587,3650.4482,592476
2022-04-19T16:00:00.000Z,3618.1611,3682.1113,3606.5715,3648.2131,599779
2022-04-20T16:00:00.000Z,3647.189,3680.1658,3627.9792,3667.7534,355776
2022-04-21T16:00:00.000Z,3642.3394,3648.1123,3564.365,3565.907,394679
2022-04-24T16:00:00.000Z,3571.408,3583.6704,3427.9946,3428.8845,447635
2022-04-25T16:00:00.000Z,3410.9663,3491.7539,3410.949,3457.7102,359767
2022-04-26T16:00:00.000Z,3442.0354,3501.0461,3421.6067,3498.8398,330581
2022-04-27T16:00:00.000Z,3492.7644,3574.438,3466.3325,3569.1729,375552
2022-04-28T16:00:00.000Z,3572.6702,3587.6101,3534.1062,3572.54,337482
2022-05-04T16:00:00.000Z,3526.7578,3574.0146,3520.9485,3546.9729,185523
2022-05-05T16:00:00.000Z,3537.3989,3573.7783,3416.4553,3426.0317,387461
2022-05-08T16:00:00.000Z,3416.241,3426.8328,3329.5869,3341.8528,334414
2022-05-09T16:00:00.000Z,3342.2437,3393.8721,3292.0017,3389.8521,313935
2022-05-10T16:00:00.000Z,3388.5461,3396.2312,3361.4363,3378.6995,231847
2022-05-11T16:00:00.000Z,3370.385,3424.2185,3355.1797,3369.9688,278813
2022-05-12T16:00:00.000Z,3365.9653,3477.511,3349.436,3455.6421,315111
2022-05-15T16:00:00.000Z,3460.1272,3530.5684,3452.6011,3524.696,221452
2022-05-16T16:00:00.000Z,3529.0063,3536.7922,3492.1558,3516.6658,186764
2022-05-17T16:00:00.000Z,3512.1638,3547.4526,3486.8694,3497.4475,250939
2022-05-18T16:00:00.000Z,3501.5369,3531.344,3456.2048,3472.9905,253963
2022-05-19T16:00:00.000Z,3458.0842,3539.178,3455.8455,3524.8591,258704
2022-05-22T16:00:00.000Z,3512.8469,3575.2095,3507.0188,3508.3101,258574
2022-05-23T16:00:00.000Z,3491.5669,3496.4548,3377.8743,3395.7686,340227
2022-05-24T16:00:00.000Z,3396.1108,3427.6335,3370.0698,3411.0144,229412
2022-05-25T16:00:00.000Z,3375.4729,3407.584,3347.0264,3397.2556,223369
2022-05-26T16:00:00.000Z,3390.1345,3473.7522,3386.9766,3445.8911,265243
2022-05-29T16:00:00.000Z,3451.8049,3489.3052,3429.6064,3484.0869,219236
2022-05-30T16:00:00.000Z,3491.0349,3517.5127,3474.6782,3507.0542,209692
2022-05-31T16:00:00.000Z,3500.092,3500.092,3398.1184,3410.1685,270779
2022-06-01T16:00:00.000Z,3399.6448,3427.5339,3370.3582,3420.8645,206965
2022-06-05T16:00:00.000Z,3445.3254,3475.5095,3437.7725,3449.0127,144749
2022-06-06T16:00:00.000Z,3445.6057,3465.9656,3382.5022,3386.0063,258553
2022-06-07T16:00:00.000Z,3388.5391,3490.5286,3370.2688,3478.4216,326739
2022-06-08T16:00:00.000Z,3493.9707,3526.7378,3465.0588,3467.1323,237330
2022-06-09T16:00:00.000Z,3472.5576,3567.9668,3472.5576,3552.24,329167
2022-06-12T16:00:00.000Z,3558.3201,3575.738,3441.7205,3449.4482,325278
2022-06-13T16:00:00.000Z,3433.03,3435.2363,3374.6316,3396.2922,246736
2022-06-14T16:00:00.000Z,3394.5522,3408.3005,3349.7463,3365.8059,219261
2022-06-15T16:00:00.000Z,3359.8003,3408.1409,3349.7549,3364.759,223910
2022-06-16T16:00:00.000Z,3373.4846,3437.7698,3348.084,3436.7466,308164
2022-06-19T16:00:00.000Z,3444.0647,3462.3228,3330.24,3353.5437,343470
2022-06-20T16:00:00.000Z,3342.9871,3359.3843,3278.2246,3316.8035,355272
2022-06-21T16:00:00.000Z,3300.7256,3357.1484,3247.3398,3249.9758,327996
2022-06-22T16:00:00.000Z,3244.5,3267.5852,3057.8479,3133.002,532170
2022-06-23T16:00:00.000Z,3104.5823,3120.4873,3014.7749,3040.9866,416094
2022-06-26T16:00:00.000Z,3055.563,3078.9958,2980.7314,3053.1365,335053
2022-06-27T16:00:00.000Z,3057.0562,3097.8906,3029.2122,3095.2764,327292
2022-06-28T16:00:00.000Z,3062.8567,3087.0005,3033.0789,3048.9976,336962
2022-06-29T16:00:00.000Z,3043.6978,3071.4321,3028.1255,3046.291,300702
2022-06-30T16:00:00.000Z,3038.6335,3084.9089,2997.0251,3029.6035,558241
2022-07-03T16:00:00.000Z,3019.0454,3034.6638,2905.9382,2959.2312,464069
2022-07-04T16:00:00.000Z,2948.1973,2993.2446,2901.0181,2948.4529,434280
2022-07-05T16:00:00.000Z,2926.2344,2926.2344,2771.6621,2868.9158,719212
2022-07-06T16:00:00.000Z,2875.3782,2981.582,2854.9871,2949.127,593477
2022-07-07T16:00:00.000Z,2972.2336,3044.9485,2968.9307,2983.3384,487784
2022-07-10T16:00:00.000Z,2969.8999,3104.0779,2945.0122,3033.0005,468062
2022-07-11T16:00:00.000Z,3024.2959,3047.5471,2994.5288,2999.8516,380478
2022-07-12T16:00:00.000Z,2970.5261,3004.1914,2904.2517,2964.5759,511393
2022-07-13T16:00:00.000Z,2935.4827,3000.0232,2911.6626,2980.5972,448527
2022-07-14T16:00:00.000Z,2956.1794,2967.7522,2898.7056,2899.0935,569732
2022-07-17T16:00:00.000Z,2906.6685,3007.0544,2880.2207,2998.6438,548915
2022-07-18T16:00:00.000Z,2999.6792,3029.488,2914.7864,2914.7864,407772
2022-07-19T16:00:00.000Z,2892.1289,2903.7781,2817.9487,2835.4426,638446
2022-07-20T16:00:00.000Z,2825.5281,2850.7554,2808.3901,2818.0762,366326
2022-07-21T16:00:00.000Z,2798.4258,2816.3232,2734.6162,2755.4309,605610
2022-07-24T16:00:00.000Z,2754.4971,2843.7742,2733.9629,2745.7346,613299
2022-07-25T16:00:00.000Z,2766.0237,2832.446,2733.7659,2796.157,539609
2022-07-26T16:00:00.000Z,2809.3467,2851.9531,2796.7,2824.5803,577004
2022-07-27T16:00:00.000Z,2841.9001,2900.7029,2820.2952,2879.3157,515694
2022-07-28T16:00:00.000Z,2857.4673,2885.9221,2810.5793,2862.4702,565256
2022-07-31T16:00:00.000Z,2897.3508,2962.7651,2853.7659,2873.0608,578887
2022-08-01T16:00:00.000Z,2856.3958,2878.9399,2809.8943,2832.3303,478796
2022-08-02T16:00:00.000Z,2815.8096,2843.24,2776.7966,2822.7698,455702
2022-08-03T16:00:00.000Z,2825.8408,2850.5654,2797.1658,2832.6199,472795
2022-08-04T16:00:00.000Z,2851.5742,2958.3706,2841.9399,2952.0278,600659
2022-08-07T16:00:00.000Z,2921.1084,2936.1858,2890.29,2906.6406,490019
2022-08-08T16:00:00.000Z,2879.1226,2907.7048,2878.4587,2880.6794,338494
2022-08-09T16:00:00.000Z,2896.5098,2940.7144,2895.802,2920.6338,434826
2022-08-10T16:00:00.000Z,2943.4998,2971.2424,2898.4124,2924.3389,517081
2022-08-11T16:00:00.000Z,2944.7485,2981.2422,2923.8511,2975.6511,477924
2022-08-14T16:00:00.000Z,2956.1243,2961.48,2887.6399,2895.842,518786
2022-08-15T16:00:00.000Z,2864.9697,2895.637,2844.8997,2887.6523,436083
2022-08-16T16:00:00.000Z,2875.3186,2892.519,2858.6274,2881.2908,366829
2022-08-17T16:00:00.000Z,2880.0208,2893.5959,2822.8757,2823.1404,448503
2022-08-18T16:00:00.000Z,2830.0776,2894.2849,2784.9248,2877.9834,667221
2022-08-21T16:00:00.000Z,2864.5579,2897.9548,2845.1748,2886.0376,447535
2022-08-22T16:00:00.000Z,2899.3545,3031.0715,2896.3208,3010.6633,716405
2022-08-23T16:00:00.000Z,3004.0171,3058.2971,2998.4741,3044.2131,529592
2022-08-24T16:00:00.000Z,3045.5413,3052.6592,2974.813,2999.7749,568564
2022-08-25T16:00:00.000Z,2978.8845,2979.2957,2915.0352,2933.792,599926
2022-08-28T16:00:00.000Z,2938.7229,2945.78,2899.387,2914.395,599192
2022-08-29T16:00:00.000Z,2920.3752,2926.0637,2852.3318,2885.262,448934
2022-08-30T16:00:00.000Z,2862.4695,2922.7532,2857.3584,2917.1064,404717
2022-08-31T16:00:00.000Z,2890.2078,2917.4705,2870.7744,2898.0676,497970
2022-09-01T16:00:00.000Z,2893.3008,2942.1521,2876.6553,2935.312,643608
2022-09-04T16:00:00.000Z,2944.6516,2980.6704,2932.9277,2952.645,584424
2022-09-05T16:00:00.000Z,2959.9075,2987.5874,2910.4463,2921.2373,519238
2022-09-06T16:00:00.000Z,2907.7556,2973.4236,2898.3118,2958.1201,618125
2022-09-07T16:00:00.000Z,2976.634,3026.8906,2943.8918,2945.8003,690158
2022-09-08T16:00:00.000Z,2947.0833,2976.606,2915.9163,2963.2886,612589
2022-09-12T16:00:00.000Z,3123.0171,3166.8308,3120.7715,3154.3035,656815
2022-09-13T16:00:00.000Z,3147.8794,3151.5479,3110.158,3135.8408,524835
2022-09-14T16:00:00.000Z,3133.4517,3134.2129,3060.7222,3077.002,600253
2022-09-15T16:00:00.000Z,3071.1877,3099.3201,3065.4817,3084.2922,447709
2022-09-18T16:00:00.000Z,3068.0437,3102.1018,3036.5964,3071.0129,597152
2022-09-19T16:00:00.000Z,3057.6262,3087.7737,3044.6343,3048.6299,525670
2022-09-20T16:00:00.000Z,3036.239,3075.4871,3019.4126,3066.2334,563449
2022-09-21T16:00:00.000Z,3050.803,3134.6052,3050.803,3107.0295,771942
2022-09-22T16:00:00.000Z,3112.7109,3118.4871,3072.9314,3084.2981,637393
2022-09-25T16:00:00.000Z,3067.9993,3112.5002,3036.0339,3053.5068,724343
2022-09-26T16:00:00.000Z,3067.6355,3110.2295,3055.3562,3100.083,622927
2022-09-27T16:00:00.000Z,3107.5352,3164.4094,3094.4795,3154.4233,851578
2022-09-28T16:00:00.000Z,3171.7234,3218.625,3143.6665,3215.2615,705514
2022-09-29T16:00:00.000Z,3214.0662,3244.9214,3146.8074,3179.4543,771395
2022-10-09T16:00:00.000Z,3218.6157,3224.7341,3124.1501,3144.1548,522466
2022-10-10T16:00:00.000Z,3153.1455,3162.6313,3112.384,3124.2454,550490
2022-10-11T16:00:00.000Z,3113.7124,3135.1152,3089.9861,3127.751,633162
2022-10-12T16:00:00.000Z,3114.6758,3157.1379,3109.4641,3110.9431,671736
2022-10-13T16:00:00.000Z,3099.0955,3180.5334,3086.5396,3175.408,767900
2022-10-16T16:00:00.000Z,3168.5366,3193.5747,3054.2805,3059.2107,919710
2022-10-17T16:00:00.000Z,3065.6013,3067.4951,3011.0068,3021.719,775927
2022-10-18T16:00:00.000Z,3022.3704,3041.729,2994.0127,3008.2988,749535
2022-10-19T16:00:00.000Z,2995.5344,3029.1082,2974.2141,3012.6267,705404
2022-10-20T16:00:00.000Z,3023.8672,3052.9595,2970.0947,2975.5298,808223
2022-10-23T16:00:00.000Z,2967.6958,3005.7043,2962.9971,2993.7317,823031
2022-10-24T16:00:00.000Z,2987.3748,2998.6477,2944.5269,2974.6631,769101
2022-10-25T16:00:00.000Z,2974.1667,3011.647,2966.6353,3003.2341,609667
2022-10-26T16:00:00.000Z,3007.1445,3012.2083,2943.0049,2953.4768,651253
2022-10-27T16:00:00.000Z,2962.3442,2995.3596,2945.8872,2954.4033,720420
2022-10-30T16:00:00.000Z,2945.6963,2979.3032,2882.3582,2964.2263,1040096
2022-10-31T16:00:00.000Z,2956.8333,3088.5283,2933.0122,3074.1621,1222419
2022-11-01T16:00:00.000Z,3083.1541,3108.5981,3023.6172,3040.4561,1090512
2022-11-02T16:00:00.000Z,3027.6616,3044.2058,2991.0378,3014.9841,956811
2022-11-03T16:00:00.000Z,2997.7629,3081.9902,2988.6021,3049.6909,1113359
2022-11-06T16:00:00.000Z,3058.4421,3085.1716,3027.3594,3048.6416,941900
2022-11-07T16:00:00.000Z,3054.9165,3122.9434,3050.0229,3121.2883,901054
2022-11-08T16:00:00.000Z,3116.1116,3144.9431,3099.6401,3142.4441,798788
2022-11-09T16:00:00.000Z,3140.25,3187.1851,3135.7334,3169.718,902022
2022-11-10T16:00:00.000Z,3152.1458,3189.5559,3110.2417,3124.2896,985017
2022-11-13T16:00:00.000Z,3115.7053,3129.6426,3026.3262,3037.9297,958864
2022-11-14T16:00:00.000Z,3038.8162,3047.9836,3006.5408,3008.7378,684241
2022-11-15T16:00:00.000Z,3004.5647,3011.3081,2971.7754,2988.7148,864798
2022-11-16T16:00:00.000Z,2986.4436,2995.2124,2959.5444,2970.3921,731428
2022-11-17T16:00:00.000Z,2959.0793,2981.4604,2917.3674,2923.7603,942308
2022-11-20T16:00:00.000Z,2927.8101,2971.9688,2927.8101,2951.002,752522
2022-11-21T16:00:00.000Z,2949.6692,2985.2068,2944.3203,2965.0283,613057
2022-11-22T16:00:00.000Z,2967.0674,2985.7676,2938.7087,2976.4663,866681
2022-11-23T16:00:00.000Z,2970.311,2992.5649,2953.8345,2966.6335,659750
2022-11-24T16:00:00.000Z,2967.7773,2999.2302,2942.0288,2995.0586,771655
2022-11-27T16:00:00.000Z,2995.4731,2998.5303,2909.9075,2977.554,1088390
2022-11-28T16:00:00.000Z,2981.1685,3035.4641,2970.4705,3013.1104,717913
2022-11-29T16:00:00.000Z,3011.4985,3016.3442,2974.4854,2989.0547,638209
2022-11-30T16:00:00.000Z,2994.4312,2999.8665,2961.1094,2975.675,610069
2022-12-01T16:00:00.000Z,2964.437,3011.094,2964.0081,3001.4912,763381
2022-12-04T16:00:00.000Z,3001.0588,3002.1396,2952.842,2979.2107,852257
2022-12-05T16:00:00.000Z,2981.2598,3034.6829,2979.8838,3019.76,789950
2022-12-06T16:00:00.000Z,3032.9094,3046.4512,3018.3691,3027.0122,610588
2022-12-07T16:00:00.000Z,3031.759,3110.6897,3031.134,3110.6897,784787
2022-12-08T16:00:00.000Z,3102.8557,3137.5859,3091.9114,3129.2261,661258
2022-12-11T16:00:00.000Z,3123.3,3129.4746,3039.8723,3042.2534,883173
2022-12-12T16:00:00.000Z,3028.25,3043.0857,3008.2883,3027.562,538375
2022-12-13T16:00:00.000Z,3031.2065,3053.1382,2975.0647,2981.8325,780457
2022-12-14T16:00:00.000Z,2988.3779,3007.7461,2973.814,2994.1995,521630
2022-12-15T16:00:00.000Z,2994.6455,3027.2402,2994.6455,3010.7522,583997
2022-12-18T16:00:00.000Z,3001.9268,3039.946,2946.2444,2972.7031,749678
2022-12-19T16:00:00.000Z,2978.728,2986.0684,2955.8972,2975.0305,452596
2022-12-20T16:00:00.000Z,2972.0637,3031.1394,2971.8601,3014.7798,492567
2022-12-21T16:00:00.000Z,3019.1892,3043.5537,3017.7717,3029.5386,330419
2022-12-22T16:00:00.000Z,3032.3223,3051.3538,3003.8677,3038.7175,479321
2022-12-25T16:00:00.000Z,3040.3887,3149.2908,3031.8545,3121.1741,609522
2022-12-26T16:00:00.000Z,3127.3313,3158.9199,3113.7473,3144.7112,392306
2022-12-27T16:00:00.000Z,3145.1587,3145.9036,3094.7708,3122.0178,516963
2022-12-28T16:00:00.000Z,3120.0295,3161.9424,3109.5344,3141.5,460284
2022-12-29T16:00:00.000Z,3135.4084,3215.9094,3114.1714,3213.8418,591648
2023-01-02T16:00:00.000Z,3218.3816,3257.1465,3190.3938,3211.0603,464826
2023-01-03T16:00:00.000Z,3208.5903,3230.3918,3160.3315,3175.7871,579638
2023-01-04T16:00:00.000Z,3170.6982,3181.8594,3144.4551,3152.3118,427036
2023-01-05T16:00:00.000Z,3149.481,3149.8137,3098.2549,3137.3271,511398
2023-01-08T16:00:00.000Z,3129.918,3185.4268,3126.2024,3150.5522,515736
2023-01-09T16:00:00.000Z,3146.1887,3161.3511,3112.9561,3136.178,486053
2023-01-10T16:00:00.000Z,3143.0117,3171.0164,3125.8723,3166.7478,468769
2023-01-11T16:00:00.000Z,3172.3276,3225.7507,3154.1926,3201.1685,549986
2023-01-12T16:00:00.000Z,3209.8069,3251.2637,3200.5645,3233.74,541485
2023-01-15T16:00:00.000Z,3223.3533,3231.4746,3187.6514,3207.2219,444270
2023-01-16T16:00:00.000Z,3210.2813,3213.7156,3167.3088,3202.1814,515689
2023-01-17T16:00:00.000Z,3210.7344,3291.8792,3201.2983,3283.1394,614518
2023-01-18T16:00:00.000Z,3279.772,3279.772,3194.4299,3198.4314,528208
2023-01-19T16:00:00.000Z,3198.5195,3206.7161,3146.1548,3147.7883,478452
2023-01-29T16:00:00.000Z,3164.6094,3204.2158,3154.9382,3194.4033,359087
2023-01-30T16:00:00.000Z,3204.4377,3242.8972,3204.4377,3221.752,567824
2023-01-31T16:00:00.000Z,3213.6487,3230.1079,3171.4993,3222.6831,562896
2023-02-01T16:00:00.000Z,3228.7864,3241.2056,3191.6755,3219.0449,616636
2023-02-02T16:00:00.000Z,3217.6458,3230.6301,3158.2847,3216.9829,768830
2023-02-05T16:00:00.000Z,3218.896,3270.4832,3216.1418,3248.2756,741160
2023-02-06T16:00:00.000Z,3246.3704,3246.3704,3172.8455,3185.584,684251
2023-02-07T16:00:00.000Z,3182.7371,3189.8877,3163.9451,3180.4485,486228
2023-02-08T16:00:00.000Z,3186.5605,3209.2905,3141.7656,3145.4927,805739
2023-02-09T16:00:00.000Z,3159.9331,3184.8328,3132.9473,3169.4626,667219
2023-02-12T16:00:00.000Z,3164.6199,3240.6482,3158.8118,3210.5149,699807
2023-02-13T16:00:00.000Z,3207.3408,3223.3059,3189.8174,3216.7009,485188
2023-02-14T16:00:00.000Z,3215.082,3222.4026,3152.1892,3160.5652,677202
2023-02-15T16:00:00.000Z,3147.6694,3157.8293,3124.2607,3155.4907,496849
2023-02-16T16:00:00.000Z,3153.7639,3169.105,3138.9021,3156.9658,480360
2023-02-19T16:00:00.000Z,3164.9106,3200.9514,3121.1433,3188.7466,651507
2023-02-20T16:00:00.000Z,3194.4238,3199.7622,3170.4524,3184.6836,404591
2023-02-21T16:00:00.000Z,3181.7566,3224.2244,3176.3088,3200.0715,617635
2023-02-22T16:00:00.000Z,3195.6448,3198.3311,3159.1548,3165.7351,512498
2023-02-23T16:00:00.000Z,3164.6672,3184.0422,3143.45,3177.5596,484175
2023-02-26T16:00:00.000Z,3173.9456,3173.9456,3124.0515,3141.7527,618512
2023-02-27T16:00:00.000Z,3142.9971,3149.2141,3083.2231,3092.553,571091
2023-02-28T16:00:00.000Z,3090.4438,3091.542,3043.3928,3049.4307,579113
2023-03-01T16:00:00.000Z,3048.9321,3052.6995,3028.53,3030.4189,523002
2023-03-02T16:00:00.000Z,3028.4883,3053.4502,3021.0012,3026.865,636834
2023-03-05T16:00:00.000Z,3033.1465,3046.9661,3027.6069,3039.3582,502642
2023-03-06T16:00:00.000Z,3037.9468,3079.4817,3037.7925,3061.3069,539956
2023-03-07T16:00:00.000Z,3055.4314,3075.1731,3039.1394,3055.0415,559147
2023-03-08T16:00:00.000Z,3052.335,3074.3503,3047.1404,3065.6765,524695
2023-03-09T16:00:00.000Z,3071.4707,3086.8855,3030.823,3039.5508,709818
2023-03-12T16:00:00.000Z,3027.1421,3059.9573,2993.6616,3052.6743,752163
2023-03-13T16:00:00.000Z,3034.6763,3058.0552,3006.8081,3038.1035,806436
2023-03-14T16:00:00.000Z,3035.7532,3044.7092,3009.2903,3017.1418,676975
2023-03-15T16:00:00.000Z,3002.2471,3009.0852,2974.7932,2986.0808,709349
2023-03-16T16:00:00.000Z,2992.6438,3021.304,2968.5103,2971.7837,868633
2023-03-19T16:00:00.000Z,2974.1218,2976.8066,2901.0049,2905.2139,705716
2023-03-20T16:00:00.000Z,2908.5349,2928.7026,2886.3755,2903.5979,638014
2023-03-21T16:00:00.000Z,2919.3994,2928.9971,2829.9414,2871.8186,835661
2023-03-22T16:00:00.000Z,2865.2075,2867.7249,2808.5872,2820.9626,721825
2023-03-23T16:00:00.000Z,2816.6882,2819.1582,2736.4688,2781.1018,1155850
2023-03-26T16:00:00.000Z,2764.7302,2809.3496,2762.1121,2777.4294,844988
2023-03-27T16:00:00.000Z,2788.5132,2814.865,2774.4678,2806.3228,823150
2023-03-28T16:00:00.000Z,2820.4941,2844.0898,2791.4111,2797.6296,727970
2023-03-29T16:00:00.000Z,2807.2871,2817.0378,2797.854,2801.7175,556719
2023-03-30T16:00:00.000Z,2806.6531,2817.3665,2761.0593,2765.3831,884963
2023-04-02T16:00:00.000Z,2769.7983,2894.6995,2757.0332,2886.2134,1225580
2023-04-03T16:00:00.000Z,2891.4084,2918.2512,2887.8245,2903.1353,654991
2023-04-05T16:00:00.000Z,2879.0498,2898.0786,2867.8948,2876.491,484212
2023-04-06T16:00:00.000Z,2868.636,2870.042,2828.7656,2846.676,669396
2023-04-09T16:00:00.000Z,2852.2229,2856.022,2823.6196,2839.0078,488388
2023-04-10T16:00:00.000Z,2833.7942,2865.2825,2813.9944,2858.2112,667864
2023-04-11T16:00:00.000Z,2858.0215,2865.4619,2815.304,2834.5452,705950
2023-04-12T16:00:00.000Z,2843.8459,2895.2585,2839.8096,2886.123,710994
2023-04-13T16:00:00.000Z,2893.4167,2901.106,2858.0527,2858.7832,641504
2023-04-16T16:00:00.000Z,2858.186,2877.26,2813.4238,2877.26,720263
2023-04-17T16:00:00.000Z,2882.2319,2944.2224,2880.4448,2929.0139,838316
2023-04-18T16:00:00.000Z,2920.4861,2923.2007,2882.2053,2892.48,709695
2023-04-19T16:00:00.000Z,2890.303,2898.8079,2796.0239,2814.1936,845097
2023-04-20T16:00:00.000Z,2800.5059,2819.5686,2762.8181,2767.2478,785862
2023-04-23T16:00:00.000Z,2762.3782,2839.4666,2731.1152,2830.1697,923377
2023-04-24T16:00:00.000Z,2827.5681,2861.427,2809.8103,2852.0601,842346
2023-04-25T16:00:00.000Z,2847.376,2903.6985,2827.8362,2902.1907,923303
2023-04-26T16:00:00.000Z,2898.4468,2915.46,2877.1328,2898.6592,736957
2023-04-27T16:00:00.000Z,2892.5981,2982.2026,2875.8545,2965.5115,963513
2023-05-03T16:00:00.000Z,2950.7537,2974.062,2883.49,2885.7727,810605
2023-05-04T16:00:00.000Z,2881.4258,2954.5432,2852.2581,2952.0132,956492
2023-05-07T16:00:00.000Z,2952.8372,3022.624,2947.7864,3001.7275,1134547
2023-05-08T16:00:00.000Z,3005.751,3055.5229,2981.5583,3027.302,1017486
2023-05-09T16:00:00.000Z,3020.6375,3030.5037,2949.3289,2975.3389,1113218
2023-05-10T16:00:00.000Z,2983.3076,3007.166,2962.3909,2965.2954,820935
2023-05-11T16:00:00.000Z,2947.0554,3044.1475,2925.1143,3034.1555,1043112
2023-05-14T16:00:00.000Z,3039.728,3040.2432,2956.4272,3019.4197,1144575
2023-05-15T16:00:00.000Z,3031.1311,3065.3516,3014.7004,3056.9094,852910
2023-05-16T16:00:00.000Z,3049.3147,3049.3147,2977.5164,3001.5916,902922
2023-05-17T16:00:00.000Z,2996.4968,3074.1521,2982.3926,3061.512,1165730
2023-05-18T16:00:00.000Z,3055.3235,3092.3867,3011.4705,3019.8433,1195745
2023-05-21T16:00:00.000Z,3023.4944,3043.1277,2971.4836,3008.126,1031836
2023-05-22T16:00:00.000Z,3022.6951,3111.2952,3022.3379,3074.5559,1030197
2023-05-23T16:00:00.000Z,3087.196,3088.5867,2996.8223,3007.2959,935330
2023-05-24T16:00:00.000Z,3006.4751,3031.9482,2963.2678,2983.3223,905457
2023-05-25T16:00:00.000Z,2982.5828,2988.5002,2929.1689,2976.8506,880929
2023-05-28T16:00:00.000Z,2977.3845,3003.9265,2912.677,2918.7158,1039690
2023-05-29T16:00:00.000Z,2909.3677,2925.8367,2891.4668,2910.7473,743772
2023-05-30T16:00:00.000Z,2906.8513,2925.4985,2877.0627,2907.0576,950669
2023-05-31T16:00:00.000Z,2883.1372,2967.9036,2867.6582,2954.0881,785687
2023-06-01T16:00:00.000Z,2958.6125,2963.5,2857.1899,2877.99,1035682
2023-06-04T16:00:00.000Z,2874.8999,3012.2373,2872.7881,2985.3027,1207530
2023-06-05T16:00:00.000Z,2990.9094,3014.957,2947.4998,2952.0007,924817
2023-06-06T16:00:00.000Z,2948.9651,2966.397,2927.3567,2949.4749,762791
2023-06-07T16:00:00.000Z,2951.9551,2981.1936,2926.6057,2934.8013,835788
2023-06-08T16:00:00.000Z,2947.4211,2981.511,2931.5857,2971.4358,727942
2023-06-11T16:00:00.000Z,2974.4814,3013.0447,2967.1965,2982.1743,801156
2023-06-12T16:00:00.000Z,2984.2031,3036.0505,2968.8276,3025.1184,837314
2023-06-13T16:00:00.000Z,3039.2258,3043.4966,3002.8655,3009.5208,607545
2023-06-14T16:00:00.000Z,3002.209,3069.4578,2994.5022,3057.9463,808534
2023-06-15T16:00:00.000Z,3062.8762,3144.3071,3059.697,3126.8044,970357
2023-06-18T16:00:00.000Z,3144.7014,3190.3762,3124.5146,3172.0425,1035980
2023-06-19T16:00:00.000Z,3165.2051,3254.9673,3162.7424,3223.7476,1053319
2023-06-20T16:00:00.000Z,3209.1294,3288.7813,3199.9514,3287.0269,1138923
2023-06-25T16:00:00.000Z,3207.665,3266.1726,3201.1565,3264.0461,674394
2023-06-26T16:00:00.000Z,3265.8259,3286.1738,3200.5315,3219.7043,1069260
2023-06-27T16:00:00.000Z,3181.9451,3219.1025,3152.3257,3206.1189,920683
2023-06-28T16:00:00.000Z,3176.2087,3235.3652,3170.6614,3228.3059,1155351
2023-06-29T16:00:00.000Z,3210.2671,3244.3389,3185.2915,3229.593,1180721
2023-07-02T16:00:00.000Z,3216.6069,3452.4814,3208.835,3450.7068,1143415
2023-07-03T16:00:00.000Z,3453.9817,3456.1606,3357.7109,3383.4053,1285518
2023-07-04T16:00:00.000Z,3358.8237,3390.3931,3346.3516,3367.3279,824324
2023-07-05T16:00:00.000Z,3349.9585,3433.5034,3329.2581,3432.6633,1329593
2023-07-06T16:00:00.000Z,3418.3499,3457.1074,3384.2107,3404.8667,1684728
2023-07-09T16:00:00.000Z,3394.9629,3398.7153,3344.6404,3392.5149,1169884
2023-07-10T16:00:00.000Z,3397.4063,3440.1262,3378.1936,3395.8315,1265063
2023-07-11T16:00:00.000Z,3409.0613,3474.3652,3388.2637,3437.1389,1057043
2023-07-12T16:00:00.000Z,3448.2908,3488.9685,3389.4912,3485.6677,1401783
2023-07-13T16:00:00.000Z,3495.2778,3539.8005,3471.3081,3482.6423,1432294
2023-07-16T16:00:00.000Z,3489.6194,3531.001,3448.9011,3456.9526,1443249
2023-07-17T16:00:00.000Z,3465.9512,3515.6658,3421.689,3430.0894,1374037
2023-07-18T16:00:00.000Z,3446.9958,3508.1812,3436.1077,3497.0361,1401676
2023-07-19T16:00:00.000Z,3525.3462,3573.959,3493.1235,3535.168,1535200
2023-07-20T16:00:00.000Z,3528.489,3530.936,3454.8879,3484.699,1619443
2023-07-23T16:00:00.000Z,3463.9043,3515.9607,3433.5422,3442.7529,1509038
2023-07-24T16:00:00.000Z,3454.1541,3510.4912,3428.5027,3496.8237,1246863
2023-07-25T16:00:00.000Z,3480.8958,3497.3005,3436.2317,3472.0276,1166771
2023-07-26T16:00:00.000Z,3462.5442,3563.6299,3448.8525,3484.3943,1544110
2023-07-27T16:00:00.000Z,3481.0911,3505.3176,3428.8406,3442.4688,1116949
2023-07-30T16:00:00.000Z,3424.9578,3429.5879,3310.2136,3346.0054,1268327
2023-07-31T16:00:00.000Z,3330.9521,3396.3379,3327.4104,3375.5486,1105404
2023-08-01T16:00:00.000Z,3360.4285,3397.531,3336.5479,3381.5061,1070367
2023-08-02T16:00:00.000Z,3349.041,3412.3486,3305.054,3405.2246,1384219
2023-08-03T16:00:00.000Z,3411.9429,3445.3655,3403.3413,3430.2722,1035484
2023-08-06T16:00:00.000Z,3419.5732,3448.8235,3381.0254,3418.9204,1149836
2023-08-07T16:00:00.000Z,3397.2368,3399.155,3327.9373,3375.1145,1146241
2023-08-08T16:00:00.000Z,3344.3599,3461.7917,3329.4282,3408.5288,1341281
2023-08-09T16:00:00.000Z,3396.1233,3430.0874,3340.6311,3427.1284,1117463
2023-08-10T16:00:00.000Z,3424.7141,3465.2122,3384.0337,3425.418,1333641
2023-08-13T16:00:00.000Z,3415.3616,3465.8792,3363.4531,3455.1377,1191013
2023-08-14T16:00:00.000Z,3437.5186,3470.833,3422.156,3453.6858,1068288
2023-08-15T16:00:00.000Z,3423.6196,3489.2944,3414.4685,3480.1282,968066
2023-08-16T16:00:00.000Z,3466.5742,3560.7937,3460.8904,3537.677,1322286
2023-08-17T16:00:00.000Z,3522.2407,3587.5293,3520.8848,3584.76,1067408
2023-08-20T16:00:00.000Z,3574.0935,3686.8267,3563.3164,3660.6721,1442500
2023-08-21T16:00:00.000Z,3645.4976,3647.0649,3470.6685,3491.5359,1570269
2023-08-22T16:00:00.000Z,3490.5029,3510.5234,3436.3838,3443.4578,1108685
2023-08-23T16:00:00.000Z,3435.5212,3467.1816,3414.7888,3430.0632,988524
2023-08-24T16:00:00.000Z,3420.5798,3539.0554,3398.967,3486.5452,1208712
2023-08-27T16:00:00.000Z,3497.0195,3569.6387,3466.8608,3500.9673,1330184
2023-08-28T16:00:00.000Z,3498.8813,3551.5828,3482.4768,3485.1406,1140700
2023-08-29T16:00:00.000Z,3471.7612,3502.3113,3445.9807,3482.4292,1038300
2023-08-30T16:00:00.000Z,3498.3706,3537.6497,3471.3247,3490.6272,1115635
2023-08-31T16:00:00.000Z,3485.397,3502.1211,3424.4761,3474.0161,1316695
2023-09-03T16:00:00.000Z,3472.8887,3502.1968,3342.5269,3344.2813,1492227
2023-09-04T16:00:00.000Z,3338.0679,3415.4194,3332.8577,3370.6538,1105777
2023-09-05T16:00:00.000Z,3376.9963,3431.2764,3369.3,3418.6206,921302
2023-09-06T16:00:00.000Z,3430.1997,3454.0803,3405.0107,3439.2261,1053534
2023-09-07T16:00:00.000Z,3441.1985,3441.6846,3291.9731,3302.5273,1397247
2023-09-10T16:00:00.000Z,3315.4805,3368.3645,3288.9756,3358.0313,1020492
2023-09-11T16:00:00.000Z,3361.9167,3384.5657,3278.7273,3284.1321,1101087
2023-09-12T16:00:00.000Z,3280.0491,3294.9087,3185.1235,3214.7432,1274639
2023-09-13T16:00:00.000Z,3218.772,3220.4216,3158.9106,3181.0535,1155604
2023-09-14T16:00:00.000Z,3181.0808,3258.6533,3166.7085,3253.7095,1070339
2023-09-17T16:00:00.000Z,3235.6848,3267.7576,3170.1191,3222.0132,1135675
2023-09-18T16:00:00.000Z,3218.4907,3228.0603,3156.9988,3178.7959,1116800
2023-09-19T16:00:00.000Z,3186.6919,3239.7837,3168.1167,3225.6694,1147353
2023-09-20T16:00:00.000Z,3224.4731,3225.2925,3149.748,3160.8293,1046889
2023-09-21T16:00:00.000Z,3140.8892,3173.2727,3115.8118,3154.3625,1125542
2023-09-24T16:00:00.000Z,3155.7668,3212.4111,3142.3889,3146.0078,1378691
2023-09-25T16:00:00.000Z,3143.8018,3191.9727,3103.6946,3135.2427,1267632
2023-09-26T16:00:00.000Z,3129.2673,3171.1941,3063.8235,3156.8384,1509386
2023-09-27T16:00:00.000Z,3138.6965,3172.5308,3079.9973,3097.0449,1112209
2023-10-08T16:00:00.000Z,3029.9111,3035.7449,2966.8071,2973.1289,773982
2023-10-09T16:00:00.000Z,2968.0085,2974.7124,2913.916,2918.3003,1015756
2023-10-10T16:00:00.000Z,2916.6323,2928.3403,2856.7234,2874.0168,1097188
2023-10-11T16:00:00.000Z,2859.8569,2884.5017,2849.2676,2878.9353,910071
2023-10-12T16:00:00.000Z,2876.259,2903.0222,2843.3777,2892.2866,945603
2023-10-15T16:00:00.000Z,2898.178,2914.2813,2852.7432,2906.1489,1031448
2023-10-16T16:00:00.000Z,2896.4565,2917.854,2880.3037,2893.7622,906344
2023-10-17T16:00:00.000Z,2897.1274,2934.2217,2861.7717,2863.2427,964839
2023-10-18T16:00:00.000Z,2864.8923,2907.5383,2847.0305,2885.261,869804
2023-10-19T16:00:00.000Z,2891.4529,2928.2476,2877.4346,2889.521,1199546
2023-10-22T16:00:00.000Z,2884.4636,2945.207,2872.532,2905.9434,1531956
2023-10-23T16:00:00.000Z,2903.4128,2907.6641,2851.9299,2888.2031,1243291
2023-10-24T16:00:00.000Z,2890.7722,2975.3535,2890.7722,2893.9663,1446693
2023-10-25T16:00:00.000Z,2889.9617,2895.8037,2855.9519,2889.2942,1183824
2023-10-26T16:00:00.000Z,2887.6377,2912.0271,2884.8555,2905.2646,1045869
2023-10-29T16:00:00.000Z,2914.8313,2974.4148,2911.2522,2943.6016,1281577
2023-10-30T16:00:00.000Z,2932.1875,2932.1875,2843.7671,2849.4309,1396674
2023-10-31T16:00:00.000Z,2857.6499,2872.6001,2815.9424,2841.3606,1403115
2023-11-01T16:00:00.000Z,2844.5327,2898.2319,2840.5808,2887.9507,1160034
2023-11-02T16:00:00.000Z,2885.8496,2929.1021,2878.6697,2926.5776,1111719
2023-11-05T16:00:00.000Z,2936.803,2989.5427,2921.6975,2973.9617,1132473
2023-11-06T16:00:00.000Z,2971.4126,3039.1755,2953.3096,3015.2549,1348000
2023-11-07T16:00:00.000Z,3015.3284,3060.7683,3012.1887,3024.1172,1365516
2023-11-08T16:00:00.000Z,3039.2612,3043.7795,3001.2864,3024.7043,1032765
2023-11-09T16:00:00.000Z,3021.0281,3025.7852,2902.623,2904.178,1476763
2023-11-12T16:00:00.000Z,2902.2092,2928.6157,2889.1404,2924.6648,925932
2023-11-13T16:00:00.000Z,2929.9258,2984.8125,2914.4663,2961.7686,946835
2023-11-14T16:00:00.000Z,2955.0261,2997.6567,2946.8772,2980.5823,919317
2023-11-15T16:00:00.000Z,2985.481,2988.2075,2953.7505,2973.7822,845890
2023-11-16T16:00:00.000Z,2953.0901,2960.75,2874.8186,2883.9285,1179796
2023-11-19T16:00:00.000Z,2888.7529,2894.9526,2860.3032,2872.9604,894681
2023-11-20T16:00:00.000Z,2871.5833,2899.4021,2853.0444,2890.9619,960253
2023-11-21T16:00:00.000Z,2891.1812,2930.2202,2840.3604,2853.3376,1177921
2023-11-22T16:00:00.000Z,2849.8625,2875.9241,2827.1086,2854.0872,1121718
2023-11-23T16:00:00.000Z,2853.5549,2887.5972,2846.3704,2884.0989,771537
2023-11-26T16:00:00.000Z,2878.2932,2911.6409,2819.3203,2827.4448,1052328
2023-11-27T16:00:00.000Z,2836.3091,2842.501,2770.3181,2836.6262,1168362
2023-11-28T16:00:00.000Z,2840.8774,2850.9805,2814.9995,2835.3584,792512
2023-11-29T16:00:00.000Z,2844.7798,2861.1204,2815.8447,2836.7979,935501
2023-11-30T16:00:00.000Z,2826.5999,2841.6243,2742.5876,2757.6482,1130058
2023-12-03T16:00:00.000Z,2756.2734,2792.4172,2735.2144,2740.7263,969017
2023-12-04T16:00:00.000Z,2742.7585,2794.6238,2742.7585,2773.2917,1070774
2023-12-05T16:00:00.000Z,2771.3005,2803.7419,2753.301,2801.5776,902560
2023-12-06T16:00:00.000Z,2806.3845,2820.137,2763.604,2813.8142,873673
2023-12-07T16:00:00.000Z,2825.2898,2855.865,2815.6804,2851.1943,819160
2023-12-10T16:00:00.000Z,2856.1211,2907.7534,2852.1544,2869.4565,980272
2023-12-11T16:00:00.000Z,2873.8563,2919.6929,2862.9966,2914.1995,747788
2023-12-12T16:00:00.000Z,2906.915,2919.6554,2873.2623,2894.2851,802372
2023-12-13T16:00:00.000Z,2893.5853,2894.8906,2838.9954,2848.2713,912229
2023-12-14T16:00:00.000Z,2853.1521,2892.7475,2846.9487,2847.4937,805227
