time,open,high,low,close,volume
2023-08-28T05:20:00.000Z,5974.181,5976.3028,5964.2887,5973.0367,415
2023-08-28T05:21:00.000Z,5973.0367,5973.2663,5959.474,5961.2441,413
2023-08-28T05:22:00.000Z,5961.2441,5964.0383,5957.43,5959.2271,466
2023-08-28T05:23:00.000Z,5959.2271,5959.2271,5953.933,5955.7016,361
2023-08-28T05:24:00.000Z,5955.7016,5958.3356,5953.8934,5953.9505,236
2023-08-28T05:25:00.000Z,5953.9505,5955.9027,5949.9015,5954.5865,378
2023-08-28T05:26:00.000Z,5954.5865,5958.894,5949.0264,5949.0264,284
2023-08-28T05:27:00.000Z,5949.0264,5961.9975,5948.917,5961.9975,234
2023-08-28T05:28:00.000Z,5961.9975,5964.762,5956.031,5964.762,450
2023-08-28T05:29:00.000Z,5964.762,5966.0672,5950.6179,5951.7262,394
2023-08-28T05:30:00.000Z,5951.7262,5968.4697,5950.8319,5968.1282,454
2023-08-28T05:31:00.000Z,5968.1282,5971.0406,5958.5167,5963.0931,377
2023-08-28T05:32:00.000Z,5963.0931,5972.1651,5963.0931,5965.4847,384
2023-08-28T05:33:00.000Z,5965.4847,5965.4847,5948.7662,5951.2463,494
2023-08-28T05:34:00.000Z,5951.2463,5956.193,5950.3382,5951.7036,344
2023-08-28T05:35:00.000Z,5951.7036,5951.7411,5943.0278,5943.5623,543
2023-08-28T05:36:00.000Z,5943.5623,5959.0162,5943.5002,5954.5735,245
2023-08-28T05:37:00.000Z,5954.5735,5956.4173,5948.5064,5952.5226,179
2023-08-28T05:38:00.000Z,5952.5226,5955.0729,5949.1036,5950.1992,155
2023-08-28T05:39:00.000Z,5950.1992,5955.0719,5948.5923,5951.0675,169
2023-08-28T05:40:00.000Z,5951.0675,5951.1801,5945.3959,5950.2005,177
2023-08-28T05:41:00.000Z,5950.2005,5950.6741,5946.9234,5947.471,367
2023-08-28T05:42:00.000Z,5947.471,5955.4483,5947.471,5954.5733,167
2023-08-28T05:43:00.000Z,5954.5733,5958.4206,5954.5733,5955.2772,248
2023-08-28T05:44:00.000Z,5955.2772,5955.3575,5950.326,5951.5707,202
2023-08-28T05:45:00.000Z,5951.5707,5959.5668,5950.7814,5959.5668,195
2023-08-28T05:46:00.000Z,5959.5668,5968.4221,5959.351,5966.4727,252
2023-08-28T05:47:00.000Z,5966.4727,5967.6699,5956.7006,5957.8032,271
2023-08-28T05:48:00.000Z,5957.8032,5964.4089,5957.315,5964.4089,154
2023-08-28T05:49:00.000Z,5964.4089,5966.9663,5962.4684,5963.5126,164
2023-08-28T05:50:00.000Z,5963.5126,5964.2782,5960.5999,5961.4237,183
2023-08-28T05:51:00.000Z,5961.4237,5965.8078,5961.4237,5965.4803,169
2023-08-28T05:52:00.000Z,5965.4803,5973.7597,5965.4803,5972.6912,371
2023-08-28T05:53:00.000Z,5972.6912,5973.238,5965.1459,5965.7712,267
2023-08-28T05:54:00.000Z,5965.7712,5965.8148,5961.9921,5962.4296,294
2023-08-28T05:55:00.000Z,5962.4296,5963.0942,5959.4394,5959.9863,142
2023-08-28T05:56:00.000Z,5959.9863,5960.9916,5957.1534,5957.8854,175
2023-08-28T05:57:00.000Z,5957.8854,5957.8854,5954.822,5955.0577,146
2023-08-28T05:58:00.000Z,5955.0577,5958.7622,5954.7692,5954.7692,103
2023-08-28T05:59:00.000Z,5954.7692,5958.3449,5953.8824,5954.1618,193
2023-08-28T06:00:00.000Z,5954.1618,5955.1191,5950.6189,5954.0728,363
2023-08-28T06:01:00.000Z,5954.0728,5959.9435,5954.0728,5954.3106,205
2023-08-28T06:02:00.000Z,5954.3106,5954.6249,5948.6288,5951.3248,419
2023-08-28T06:03:00.000Z,5951.3248,5951.3248,5947.4554,5949.1231,270
2023-08-28T06:04:00.000Z,5949.1231,5954.3134,5948.5319,5951.9559,137
2023-08-28T06:05:00.000Z,5951.9559,5952.4525,5948.9487,5950.1767,115
2023-08-28T06:06:00.000Z,5950.1767,5953.8497,5949.9098,5951.9125,184
2023-08-28T06:07:00.000Z,5951.9125,5955.3799,5951.8031,5952.7891,221
2023-08-28T06:08:00.000Z,5952.7891,5953.9758,5949.0361,5949.4736,348
2023-08-28T06:09:00.000Z,5949.4736,5950.0749,5948.8398,5948.8398,103
2023-08-28T06:10:00.000Z,5948.8398,5949.2596,5946.6865,5947.2289,195
2023-08-28T06:11:00.000Z,5947.2289,5947.9351,5945.9747,5946.6022,182
2023-08-28T06:12:00.000Z,5946.6022,5947.935,5939.6398,5939.9246,364
2023-08-28T06:13:00.000Z,5939.9246,5939.9246,5932.2216,5933.3998,502
2023-08-28T06:14:00.000Z,5933.3998,5935.5854,5927.9208,5928.4175,469
2023-08-28T06:15:00.000Z,5928.4175,5930.5084,5925.8807,5927.9376,457
2023-08-28T06:16:00.000Z,5927.9376,5928.9401,5924.8366,5924.9483,243
2023-08-28T06:17:00.000Z,5924.9483,5925.2765,5921.4441,5922.7912,461
2023-08-28T06:18:00.000Z,5922.7912,5923.0076,5914.6101,5918.647,497
2023-08-28T06:19:00.000Z,5918.647,5919.3618,5915.1454,5915.8529,460
2023-08-28T06:20:00.000Z,5915.8529,5915.8529,5909.9805,5910.5195,454
2023-08-28T06:21:00.000Z,5910.5195,5919.4787,5910.2387,5913.7774,404
2023-08-28T06:22:00.000Z,5913.7774,5913.7774,5908.4556,5908.6601,396
2023-08-28T06:23:00.000Z,5908.6601,5910.4301,5907.6574,5907.7025,331
2023-08-28T06:24:00.000Z,5907.7025,5907.7025,5901.7353,5903.1083,526
2023-08-28T06:25:00.000Z,5903.1083,5908.0083,5902.2317,5907.5458,490
2023-08-28T06:26:00.000Z,5907.5458,5913.3557,5906.6623,5912.4114,286
2023-08-28T06:27:00.000Z,5912.4114,5913.9569,5908.4949,5910.2945,272
2023-08-28T06:28:00.000Z,5910.2945,5917.1418,5910.2945,5917.1418,240
2023-08-28T06:29:00.000Z,5917.1418,5917.4699,5906.0855,5910.041,342
2023-08-28T06:30:00.000Z,5910.041,5910.041,5905.1395,5906.0836,432
2023-08-28T06:31:00.000Z,5906.0836,5906.0836,5899.8062,5900.1786,308
2023-08-28T06:32:00.000Z,5900.1786,5900.1786,5884.5613,5884.6706,1056
2023-08-28T06:33:00.000Z,5884.6706,5888.6397,5883.9842,5884.2527,669
2023-08-28T06:34:00.000Z,5884.2527,5884.6902,5879.294,5882.9776,396
2023-08-28T06:35:00.000Z,5882.9776,5889.6052,5880.7544,5887.2677,389
2023-08-28T06:36:00.000Z,5887.2677,5900.0876,5887.2677,5899.7172,555
2023-08-28T06:37:00.000Z,5899.7172,5902.3443,5895.0892,5897.5229,492
2023-08-28T06:38:00.000Z,5897.5229,5898.9659,5893.5695,5893.5695,370
2023-08-28T06:39:00.000Z,5893.5695,5894.1636,5883.2853,5883.504,338
2023-08-28T06:40:00.000Z,5883.504,5889.9415,5881.2313,5889.8322,456
2023-08-28T06:41:00.000Z,5889.8322,5901.6219,5889.3621,5900.1534,323
2023-08-28T06:42:00.000Z,5900.1534,5900.5404,5893.7955,5900.4631,340
2023-08-28T06:43:00.000Z,5900.4631,5908.4011,5900.4631,5908.4011,334
2023-08-28T06:44:00.000Z,5908.4011,5917.4729,5907.198,5916.7262,466
2023-08-28T06:45:00.000Z,5916.7262,5928.3411,5916.3742,5927.8796,611
2023-08-28T06:46:00.000Z,5927.8796,5928.4264,5915.7412,5917.1114,448
2023-08-28T06:47:00.000Z,5917.1114,5920.7392,5917.1114,5919.7083,352
2023-08-28T06:48:00.000Z,5919.7083,5920.1429,5907.2909,5909.2832,431
2023-08-28T06:49:00.000Z,5909.2832,5916.6614,5908.8191,5916.3792,310
2023-08-28T06:50:00.000Z,5916.3792,5916.6584,5906.3939,5907.4373,407
2023-08-28T06:51:00.000Z,5907.4373,5910.6513,5906.3698,5908.7346,280
2023-08-28T06:52:00.000Z,5908.7346,5909.9491,5907.0735,5907.078,336
2023-08-28T06:53:00.000Z,5907.078,5907.2266,5901.5167,5901.5167,376
2023-08-28T06:54:00.000Z,5901.5167,5902.3647,5895.0347,5895.3289,462
2023-08-28T06:55:00.000Z,5895.3289,5898.0509,5895.0753,5897.2853,487
2023-08-28T06:56:00.000Z,5897.2853,5898.085,5894.9946,5895.1188,454
2023-08-28T06:57:00.000Z,5895.1188,5897.02,5893.3335,5896.1668,486
2023-08-28T06:58:00.000Z,5896.1668,5898.3459,5896.1668,5897.0136,491
2023-08-28T06:59:00.000Z,5897.0136,5899.5643,5896.5859,5897.661,504
2023-08-29T01:30:00.000Z,5894.8444,5928.4814,5894.8444,5922.5994,2297
2023-08-29T01:31:00.000Z,5922.5994,5945.793,5922.1554,5944.1197,1594
2023-08-29T01:32:00.000Z,5944.1197,5946.6021,5932.7376,5946.6021,1253
2023-08-29T01:33:00.000Z,5946.6021,5952.0759,5940.8899,5944.1816,1463
2023-08-29T01:34:00.000Z,5944.1816,5953.3627,5939.6086,5952.5125,1064
2023-08-29T01:35:00.000Z,5952.5125,5966.6172,5952.5125,5958.2838,1422
2023-08-29T01:36:00.000Z,5958.2838,5976.3829,5957.4027,5971.2435,1308
2023-08-29T01:37:00.000Z,5971.2435,5972.4533,5960.2884,5971.3127,1100
2023-08-29T01:38:00.000Z,5971.3127,5971.8406,5962.0096,5965.2643,886
2023-08-29T01:39:00.000Z,5965.2643,5969.2648,5964.1953,5967.6827,634
2023-08-29T01:40:00.000Z,5967.6827,5977.452,5962.2047,5977.4198,1056
2023-08-29T01:41:00.000Z,5977.4198,5985.3785,5976.9427,5981.1646,1250
2023-08-29T01:42:00.000Z,5981.1646,5981.6677,5970.9448,5975.6249,911
2023-08-29T01:43:00.000Z,5975.6249,6004.2711,5975.3159,6000.8772,1783
2023-08-29T01:44:00.000Z,6000.8772,6009.4742,5998.6641,6006.1368,1507
2023-08-29T01:45:00.000Z,6006.1368,6008.7621,5996.8858,6001.3138,1168
2023-08-29T01:46:00.000Z,6001.3138,6008.412,6001.3138,6003.5047,876
2023-08-29T01:47:00.000Z,6003.5047,6005.5371,5999.1994,6001.2914,866
2023-08-29T01:48:00.000Z,6001.2914,6001.8193,5992.2076,5995.0195,731
2023-08-29T01:49:00.000Z,5995.0195,5997.1561,5990.1461,5992.3886,639
2023-08-29T01:50:00.000Z,5992.3886,5998.6804,5992.3886,5998.6804,601
2023-08-29T01:51:00.000Z,5998.6804,6000.7831,5993.7081,5995.5268,551
2023-08-29T01:52:00.000Z,5995.5268,5997.269,5989.394,5992.6401,454
2023-08-29T01:53:00.000Z,5992.6401,5994.4617,5983.628,5983.628,592
2023-08-29T01:54:00.000Z,5983.628,5983.628,5977.9563,5978.7147,530
2023-08-29T01:55:00.000Z,5978.7147,5989.8159,5978.7147,5989.7103,583
2023-08-29T01:56:00.000Z,5989.7103,5990.3666,5986.111,5986.111,405
2023-08-29T01:57:00.000Z,5986.111,5987.447,5978.6483,5978.6483,377
2023-08-29T01:58:00.000Z,5978.6483,5984.801,5976.4769,5977.4217,431
2023-08-29T01:59:00.000Z,5977.4217,5978.0117,5971.8298,5972.9926,705
2023-08-29T02:00:00.000Z,5972.9926,5978.8757,5972.9926,5978.4209,862
2023-08-29T02:01:00.000Z,5978.4209,5980.4955,5973.6897,5980.4426,510
2023-08-29T02:02:00.000Z,5980.4426,5989.0668,5976.7722,5985.0308,576
2023-08-29T02:03:00.000Z,5985.0308,5991.2931,5984.199,5990.4053,376
2023-08-29T02:04:00.000Z,5990.4053,5993.3896,5985.9334,5992.1678,508
2023-08-29T02:05:00.000Z,5992.1678,6002.601,5990.3375,6001.862,706
2023-08-29T02:06:00.000Z,6001.862,6002.601,5992.1946,5992.1946,566
2023-08-29T02:07:00.000Z,5992.1946,5999.4428,5991.1576,5999.4428,370
2023-08-29T02:08:00.000Z,5999.4428,5999.4428,5992.9625,5995.3219,253
2023-08-29T02:09:00.000Z,5995.3219,6000.7376,5992.5253,6000.7376,310
2023-08-29T02:10:00.000Z,6000.7376,6010.9784,6000.6891,6010.9784,908
2023-08-29T02:11:00.000Z,6010.9784,6013.27,6008.3102,6012.419,692
2023-08-29T02:12:00.000Z,6012.419,6012.5246,6003.7171,6003.9343,369
2023-08-29T02:13:00.000Z,6003.9343,6003.9343,5996.1827,5997.102,436
2023-08-29T02:14:00.000Z,5997.102,6004.0348,5995.4955,6001.0329,410
2023-08-29T02:15:00.000Z,6001.0329,6003.1176,5997.5057,5998.1049,253
2023-08-29T02:16:00.000Z,5998.1049,6001.4643,5994.8853,5996.493,218
2023-08-29T02:17:00.000Z,5996.493,6006.1689,5996.3875,6005.4299,297
2023-08-29T02:18:00.000Z,6005.4299,6009.0933,6004.467,6007.6896,504
2023-08-29T02:19:00.000Z,6007.6896,6011.5301,6006.7448,6008.3854,511
2023-08-29T02:20:00.000Z,6008.3854,6017.2411,6008.3854,6015.8859,633
2023-08-29T02:21:00.000Z,6015.8859,6027.9813,6015.8859,6026.9823,824
2023-08-29T02:22:00.000Z,6026.9823,6027.3034,6020.403,6022.9476,501
2023-08-29T02:23:00.000Z,6022.9476,6023.6879,6014.5784,6016.4896,366
2023-08-29T02:24:00.000Z,6016.4896,6022.3695,6015.8442,6018.459,329
2023-08-29T02:25:00.000Z,6018.459,6020.5861,6015.0781,6016.1501,337
2023-08-29T02:26:00.000Z,6016.1501,6022.1794,6016.1501,6019.6621,375
2023-08-29T02:27:00.000Z,6019.6621,6019.815,6011.8906,6012.6248,335
2023-08-29T02:28:00.000Z,6012.6248,6022.4509,6012.3704,6020.9486,340
2023-08-29T02:29:00.000Z,6020.9486,6028.0093,6020.9486,6028.0093,453
2023-08-29T02:30:00.000Z,6028.0093,6029.4102,6021.4315,6025.3015,473
2023-08-29T02:31:00.000Z,6025.3015,6030.1585,6023.0113,6030.1585,260
2023-08-29T02:32:00.000Z,6030.1585,6030.9293,6028.0871,6030.4422,246
2023-08-29T02:33:00.000Z,6030.4422,6030.7495,6024.777,6024.777,237
2023-08-29T02:34:00.000Z,6024.777,6029.523,6022.7548,6022.7548,211
2023-08-29T02:35:00.000Z,6022.7548,6027.0343,6022.3905,6025.5987,171
2023-08-29T02:36:00.000Z,6025.5987,6027.976,6022.9091,6027.6731,186
2023-08-29T02:37:00.000Z,6027.6731,6027.9442,6024.9195,6026.339,183
2023-08-29T02:38:00.000Z,6026.339,6032.531,6026.1063,6032.5226,387
2023-08-29T02:39:00.000Z,6032.5226,6038.2908,6031.1189,6038.2908,596
2023-08-29T02:40:00.000Z,6038.2908,6042.1669,6037.1298,6042.1014,589
2023-08-29T02:41:00.000Z,6042.1014,6044.7356,6041.3014,6043.6758,489
2023-08-29T02:42:00.000Z,6043.6758,6056.132,6043.6758,6053.9031,904
2023-08-29T02:43:00.000Z,6053.9031,6055.0346,6046.738,6048.6114,681
2023-08-29T02:44:00.000Z,6048.6114,6048.6114,6040.5923,6047.3126,507
2023-08-29T02:45:00.000Z,6047.3126,6049.8954,6045.1826,6047.1048,408
2023-08-29T02:46:00.000Z,6047.1048,6050.0769,6042.7542,6042.8753,378
2023-08-29T02:47:00.000Z,6042.8753,6043.2976,6037.2345,6037.4318,374
2023-08-29T02:48:00.000Z,6037.4318,6046.5617,6037.4318,6045.6935,307
2023-08-29T02:49:00.000Z,6045.6935,6051.7504,6045.6935,6051.1158,383
2023-08-29T02:50:00.000Z,6051.1158,6051.9407,6047.4476,6051.6466,319
2023-08-29T02:51:00.000Z,6051.6466,6056.5791,6049.6569,6056.368,396
2023-08-29T02:52:00.000Z,6056.368,6056.368,6050.3554,6053.8933,358
2023-08-29T02:53:00.000Z,6053.8933,6054.1058,6048.0682,6050.6937,220
2023-08-29T02:54:00.000Z,6050.6937,6050.6937,6046.5548,6049.1127,180
2023-08-29T02:55:00.000Z,6049.1127,6052.8087,6047.8208,6049.6443,236
2023-08-29T02:56:00.000Z,6049.6443,6049.9209,6044.2489,6045.1452,237
2023-08-29T02:57:00.000Z,6045.1452,6050.8255,6044.7205,6050.2976,199
2023-08-29T02:58:00.000Z,6050.2976,6051.5327,6047.1292,6050.7073,223
2023-08-29T02:59:00.000Z,6050.7073,6060.2923,6049.8343,6059.9292,473
2023-08-29T03:00:00.000Z,6059.9292,6059.9292,6053.2846,6053.7094,348
2023-08-29T03:01:00.000Z,6053.7094,6057.873,6051.0416,6057.1395,257
2023-08-29T03:02:00.000Z,6057.1395,6059.6497,6052.6582,6059.5385,434
2023-08-29T03:03:00.000Z,6059.5385,6060.0522,6055.578,6057.583,255
2023-08-29T03:04:00.000Z,6057.583,6059.4145,6053.8643,6057.7988,296
2023-08-29T03:05:00.000Z,6057.7988,6064.8757,6057.7352,6061.784,614
2023-08-29T03:06:00.000Z,6061.784,6072.3009,6060.8867,6071.581,957
2023-08-29T03:07:00.000Z,6071.581,6079.3049,6069.2651,6070.0462,843
2023-08-29T03:08:00.000Z,6070.0462,6070.0462,6061.1171,6061.1171,421
2023-08-29T03:09:00.000Z,6061.1171,6061.9594,6057.2146,6060.3653,303
2023-08-29T03:10:00.000Z,6060.3653,6060.3653,6051.3565,6054.0363,477
2023-08-29T03:11:00.000Z,6054.0363,6059.1579,6054.0363,6056.3874,251
2023-08-29T03:12:00.000Z,6056.3874,6066.1192,6056.3874,6065.4058,274
2023-08-29T03:13:00.000Z,6065.4058,6074.7363,6065.4058,6071.1087,336
2023-08-29T03:14:00.000Z,6071.1087,6074.4264,6070.4857,6072.2118,323
2023-08-29T03:15:00.000Z,6072.2118,6074.4155,6070.0959,6073.8876,249
2023-08-29T03:16:00.000Z,6073.8876,6074.2856,6068.8944,6070.2023,235
2023-08-29T03:17:00.000Z,6070.2023,6075.1301,6070.0472,6073.3672,224
2023-08-29T03:18:00.000Z,6073.3672,6074.7296,6073.2369,6074.1686,133
2023-08-29T03:19:00.000Z,6074.1686,6074.7407,6072.4221,6072.4793,147
2023-08-29T03:20:00.000Z,6072.4793,6091.9816,6072.4793,6091.7705,1206
2023-08-29T03:21:00.000Z,6091.7705,6095.2127,6085.9031,6088.0907,1023
2023-08-29T03:22:00.000Z,6088.0907,6088.7458,6082.5746,6083.4886,448
2023-08-29T03:23:00.000Z,6083.4886,6091.3056,6083.383,6088.751,269
2023-08-29T03:24:00.000Z,6088.751,6091.3671,6088.1512,6091.3671,219
2023-08-29T03:25:00.000Z,6091.3671,6101.2349,6091.3671,6100.7852,663
2023-08-29T03:26:00.000Z,6100.7852,6108.8905,6099.5807,6106.6417,826
2023-08-29T03:27:00.000Z,6106.6417,6106.6417,6100.0883,6102.6276,445
2023-08-29T03:28:00.000Z,6102.6276,6108.5014,6101.1158,6108.5014,384
2023-08-29T03:29:00.000Z,6108.5014,6108.5014,6103.0851,6104.8363,514
2023-08-29T05:00:00.000Z,6106.5298,6118.6398,6103.1656,6104.9959,1553
2023-08-29T05:01:00.000Z,6104.9959,6110.0138,6103.8071,6107.7237,701
2023-08-29T05:02:00.000Z,6107.7237,6107.7237,6098.7186,6098.7186,452
2023-08-29T05:03:00.000Z,6098.7186,6098.7186,6084.0005,6084.9507,824
2023-08-29T05:04:00.000Z,6084.9507,6089.2294,6082.7125,6085.1896,593
2023-08-29T05:05:00.000Z,6085.1896,6087.6972,6082.6209,6082.676,595
2023-08-29T05:06:00.000Z,6082.676,6082.676,6071.1766,6071.6217,608
2023-08-29T05:07:00.000Z,6071.6217,6084.5546,6071.6217,6083.4576,587
2023-08-29T05:08:00.000Z,6083.4576,6094.1726,6082.0349,6089.736,707
2023-08-29T05:09:00.000Z,6089.736,6102.4981,6088.5746,6101.9255,594
2023-08-29T05:10:00.000Z,6101.9255,6103.2493,6095.9804,6100.6184,591
2023-08-29T05:11:00.000Z,6100.6184,6106.9616,6100.6184,6106.7271,518
2023-08-29T05:12:00.000Z,6106.7271,6106.7766,6099.7794,6100.4783,370
2023-08-29T05:13:00.000Z,6100.4783,6108.2024,6099.694,6107.8436,529
2023-08-29T05:14:00.000Z,6107.8436,6107.9696,6100.0381,6102.7519,398
2023-08-29T05:15:00.000Z,6102.7519,6106.5085,6100.2401,6100.6237,349
2023-08-29T05:16:00.000Z,6100.6237,6102.0647,6098.1971,6100.4014,258
2023-08-29T05:17:00.000Z,6100.4014,6100.4014,6092.3823,6092.6461,368
2023-08-29T05:18:00.000Z,6092.6461,6092.6461,6089.0826,6090.5857,357
2023-08-29T05:19:00.000Z,6090.5857,6100.1116,6089.1452,6099.261,497
2023-08-29T05:20:00.000Z,6099.261,6099.261,6094.9927,6097.7519,271
2023-08-29T05:21:00.000Z,6097.7519,6104.0745,6097.6463,6103.9305,374
2023-08-29T05:22:00.000Z,6103.9305,6107.5328,6101.7348,6107.2723,328
2023-08-29T05:23:00.000Z,6107.2723,6112.4849,6107.2723,6110.7909,472
2023-08-29T05:24:00.000Z,6110.7909,6112.4882,6105.8235,6106.0711,260
2023-08-29T05:25:00.000Z,6106.0711,6111.9908,6106.0711,6109.683,303
2023-08-29T05:26:00.000Z,6109.683,6111.6415,6108.7088,6111.6415,161
2023-08-29T05:27:00.000Z,6111.6415,6113.0672,6110.1118,6110.6329,227
2023-08-29T05:28:00.000Z,6110.6329,6111.6414,6104.8488,6105.4823,224
2023-08-29T05:29:00.000Z,6105.4823,6110.0512,6105.4823,6108.8359,192
2023-08-29T05:30:00.000Z,6108.8359,6110.7572,6106.2738,6107.4445,224
2023-08-29T05:31:00.000Z,6107.4445,6109.5783,6105.8874,6108.0366,155
2023-08-29T05:32:00.000Z,6108.0366,6115.4905,6107.3405,6114.8771,275
2023-08-29T05:33:00.000Z,6114.8771,6115.4373,6110.7917,6112.7322,286
2023-08-29T05:34:00.000Z,6112.7322,6117.4026,6111.2696,6117.4026,240
2023-08-29T05:35:00.000Z,6117.4026,6123.381,6116.9359,6120.6936,747
2023-08-29T05:36:00.000Z,6120.6936,6123.4963,6116.9281,6122.3965,349
2023-08-29T05:37:00.000Z,6122.3965,6129.6592,6122.3965,6127.3898,529
2023-08-29T05:38:00.000Z,6127.3898,6127.9854,6124.112,6125.6036,296
2023-08-29T05:39:00.000Z,6125.6036,6132.0566,6125.6036,6130.6664,596
2023-08-29T05:40:00.000Z,6130.6664,6136.1803,6129.9282,6129.9282,533
2023-08-29T05:41:00.000Z,6129.9282,6132.6613,6124.8367,6124.8367,330
2023-08-29T05:42:00.000Z,6124.8367,6124.8367,6114.9946,6115.9879,544
2023-08-29T05:43:00.000Z,6115.9879,6120.4386,6113.925,6113.925,371
2023-08-29T05:44:00.000Z,6113.925,6117.3817,6113.925,6116.5917,234
2023-08-29T05:45:00.000Z,6116.5917,6116.5917,6110.1689,6113.6051,348
2023-08-29T05:46:00.000Z,6113.6051,6116.7389,6111.0249,6111.7639,245
2023-08-29T05:47:00.000Z,6111.7639,6117.2463,6111.4472,6117.2463,213
2023-08-29T05:48:00.000Z,6117.2463,6118.9405,6115.8249,6118.8349,232
2023-08-29T05:49:00.000Z,6118.8349,6126.9879,6118.8349,6126.3427,270
2023-08-29T05:50:00.000Z,6126.3427,6128.7436,6125.766,6128.0757,238
2023-08-29T05:51:00.000Z,6128.0757,6130.2892,6127.4452,6127.4452,232
2023-08-29T05:52:00.000Z,6127.4452,6128.3133,6122.8702,6127.7854,282
2023-08-29T05:53:00.000Z,6127.7854,6129.9171,6127.3864,6127.3864,177
2023-08-29T05:54:00.000Z,6127.3864,6127.3864,6123.71,6123.71,197
2023-08-29T05:55:00.000Z,6123.71,6124.2577,6117.4752,6121.4189,288
2023-08-29T05:56:00.000Z,6121.4189,6123.1754,6120.7321,6121.3054,219
2023-08-29T05:57:00.000Z,6121.3054,6122.5716,6118.5101,6119.9501,165
2023-08-29T05:58:00.000Z,6119.9501,6120.6694,6118.8304,6119.1107,133
2023-08-29T05:59:00.000Z,6119.1107,6122.1042,6118.9697,6119.828,191
2023-08-29T06:00:00.000Z,6119.828,6122.3313,6112.6889,6112.7944,298
2023-08-29T06:01:00.000Z,6112.7944,6117.5542,6112.7944,6115.6794,233
2023-08-29T06:02:00.000Z,6115.6794,6116.4028,6114.9175,6116.4028,129
2023-08-29T06:03:00.000Z,6116.4028,6124.8228,6116.0826,6124.6463,318
2023-08-29T06:04:00.000Z,6124.6463,6124.6463,6121.7093,6123.5216,171
2023-08-29T06:05:00.000Z,6123.5216,6124.365,6122.2738,6123.0837,121
2023-08-29T06:06:00.000Z,6123.0837,6126.2476,6121.6527,6121.7583,197
2023-08-29T06:07:00.000Z,6121.7583,6123.1604,6121.1122,6122.6847,126
2023-08-29T06:08:00.000Z,6122.6847,6123.7784,6120.6894,6121.0901,113
2023-08-29T06:09:00.000Z,6121.0901,6121.0901,6113.5785,6114.0182,209
2023-08-29T06:10:00.000Z,6114.0182,6117.4448,6113.4903,6117.3813,152
2023-08-29T06:11:00.000Z,6117.3813,6117.3813,6101.5241,6101.5241,598
2023-08-29T06:12:00.000Z,6101.5241,6113.1437,6101.4498,6109.1159,682
2023-08-29T06:13:00.000Z,6109.1159,6109.1159,6097.4248,6097.4248,501
2023-08-29T06:14:00.000Z,6097.4248,6099.3505,6096.0027,6096.0027,381
2023-08-29T06:15:00.000Z,6096.0027,6096.0027,6089.0233,6089.9665,514
2023-08-29T06:16:00.000Z,6089.9665,6100.6139,6089.9665,6100.4918,353
2023-08-29T06:17:00.000Z,6100.4918,6104.1026,6100.4898,6102.9636,317
2023-08-29T06:18:00.000Z,6102.9636,6103.222,6100.3918,6103.222,166
2023-08-29T06:19:00.000Z,6103.222,6103.3142,6099.2849,6099.2849,207
2023-08-29T06:20:00.000Z,6099.2849,6108.0689,6099.2821,6108.0689,373
2023-08-29T06:21:00.000Z,6108.0689,6110.0159,6105.7063,6107.6815,231
2023-08-29T06:22:00.000Z,6107.6815,6108.1038,6102.185,6103.9153,365
2023-08-29T06:23:00.000Z,6103.9153,6107.4065,6103.737,6104.2657,220
2023-08-29T06:24:00.000Z,6104.2657,6104.5016,6097.8687,6098.2274,231
2023-08-29T06:25:00.000Z,6098.2274,6103.7117,6097.7051,6102.1546,261
2023-08-29T06:26:00.000Z,6102.1546,6104.7378,6101.9943,6103.1137,205
2023-08-29T06:27:00.000Z,6103.1137,6103.1137,6098.2369,6098.3358,257
2023-08-29T06:28:00.000Z,6098.3358,6098.3358,6089.2542,6090.642,411
2023-08-29T06:29:00.000Z,6090.642,6093.6859,6088.3937,6088.774,330
2023-08-29T06:30:00.000Z,6088.774,6088.774,6080.2371,6080.4235,787
2023-08-29T06:31:00.000Z,6080.4235,6083.3751,6077.0333,6083.3751,799
2023-08-29T06:32:00.000Z,6083.3751,6085.9532,6078.1175,6078.1175,437
2023-08-29T06:33:00.000Z,6078.1175,6078.623,6071.041,6071.2565,702
2023-08-29T06:34:00.000Z,6071.2565,6072.7296,6070.7328,6071.2482,456
2023-08-29T06:35:00.000Z,6071.2482,6073.7839,6069.5608,6073.7839,379
2023-08-29T06:36:00.000Z,6073.7839,6080.2708,6073.106,6079.7429,322
2023-08-29T06:37:00.000Z,6079.7429,6083.1366,6078.9281,6083.1366,234
2023-08-29T06:38:00.000Z,6083.1366,6085.2147,6082.332,6083.5771,302
2023-08-29T06:39:00.000Z,6083.5771,6089.9698,6082.489,6083.7438,346
2023-08-29T06:40:00.000Z,6083.7438,6084.9987,6082.6449,6084.9987,220
2023-08-29T06:41:00.000Z,6084.9987,6087.3688,6084.9723,6086.5327,310
2023-08-29T06:42:00.000Z,6086.5327,6092.241,6086.5327,6092.1752,324
2023-08-29T06:43:00.000Z,6092.1752,6093.5509,6090.5211,6093.5509,344
2023-08-29T06:44:00.000Z,6093.5509,6093.5895,6091.5342,6092.4398,215
2023-08-29T06:45:00.000Z,6092.4398,6092.7565,6088.7071,6090.7348,284
2023-08-29T06:46:00.000Z,6090.7348,6091.112,6088.3898,6090.414,296
2023-08-29T06:47:00.000Z,6090.414,6091.5703,6088.8082,6088.8082,331
2023-08-29T06:48:00.000Z,6088.8082,6094.2774,6088.5121,6093.7495,303
2023-08-29T06:49:00.000Z,6093.7495,6098.4208,6093.7495,6097.0703,355
2023-08-29T06:50:00.000Z,6097.0703,6097.0703,6092.3199,6093.4839,407
2023-08-29T06:51:00.000Z,6093.4839,6098.0886,6093.4839,6098.0886,339
2023-08-29T06:52:00.000Z,6098.0886,6098.1313,6095.7245,6098.1313,306
2023-08-29T06:53:00.000Z,6098.1313,6098.7823,6097.1313,6098.1146,361
2023-08-29T06:54:00.000Z,6098.1146,6098.7738,6097.3893,6098.2097,451
2023-08-29T06:55:00.000Z,6098.2097,6099.0021,6096.8636,6098.9418,658
2023-08-29T06:56:00.000Z,6098.9418,6099.8583,6098.4905,6099.0294,591
2023-08-29T06:57:00.000Z,6099.0294,6099.0294,6096.6046,6096.6046,607
2023-08-29T06:58:00.000Z,6096.6046,6096.6046,6092.0229,6092.569,629
2023-08-29T06:59:00.000Z,6092.569,6094.1884,6091.7374,6094.1884,583
2023-08-30T01:30:00.000Z,6117.9796,6138.5667,6117.9796,6138.4584,2568
2023-08-30T01:31:00.000Z,6138.4584,6149.3651,6132.8439,6148.8399,1814
2023-08-30T01:32:00.000Z,6148.8399,6150.3724,6139.2371,6140.0301,1188
2023-08-30T01:33:00.000Z,6140.0301,6151.3814,6136.9323,6150.631,1284
2023-08-30T01:34:00.000Z,6150.631,6150.9403,6142.4786,6143.9838,856
2023-08-30T01:35:00.000Z,6143.9838,6143.985,6135.1862,6137.5511,957
2023-08-30T01:36:00.000Z,6137.5511,6143.9769,6136.0479,6143.9769,579
2023-08-30T01:37:00.000Z,6143.9769,6155.6308,6141.2133,6155.6308,944
2023-08-30T01:38:00.000Z,6155.6308,6168.4556,6155.6308,6167.4956,1341
2023-08-30T01:39:00.000Z,6167.4956,6168.12,6160.5908,6167.3526,1064
2023-08-30T01:40:00.000Z,6167.3526,6174.5433,6165.4855,6171.1161,1384
2023-08-30T01:41:00.000Z,6171.1161,6177.056,6170.753,6172.3875,696
2023-08-30T01:42:00.000Z,6172.3875,6173.9288,6163.249,6163.249,727
2023-08-30T01:43:00.000Z,6163.249,6166.5542,6161.3695,6164.0241,412
2023-08-30T01:44:00.000Z,6164.0241,6177.1468,6164.0241,6177.1468,695
2023-08-30T01:45:00.000Z,6177.1468,6180.2166,6174.2528,6179.8467,780
2023-08-30T01:46:00.000Z,6179.8467,6188.9059,6179.6501,6187.7365,1291
2023-08-30T01:47:00.000Z,6187.7365,6192.9663,6187.4394,6192.2445,953
2023-08-30T01:48:00.000Z,6192.2445,6193.3452,6187.7697,6191.2915,1094
2023-08-30T01:49:00.000Z,6191.2915,6191.923,6182.9774,6188.8775,573
2023-08-30T01:50:00.000Z,6188.8775,6190.5796,6185.2543,6188.817,519
2023-08-30T01:51:00.000Z,6188.817,6191.4016,6187.0199,6188.2027,384
2023-08-30T01:52:00.000Z,6188.2027,6188.2027,6177.9138,6180.4683,645
2023-08-30T01:53:00.000Z,6180.4683,6180.4683,6177.8856,6178.9754,466
2023-08-30T01:54:00.000Z,6178.9754,6190.4501,6178.9754,6188.2721,528
2023-08-30T01:55:00.000Z,6188.2721,6196.5322,6188.2721,6189.5749,804
2023-08-30T01:56:00.000Z,6189.5749,6192.5675,6189.4408,6190.5532,249
2023-08-30T01:57:00.000Z,6190.5532,6195.0059,6190.4963,6190.6399,327
2023-08-30T01:58:00.000Z,6190.6399,6190.6399,6184.9397,6185.535,351
2023-08-30T01:59:00.000Z,6185.535,6187.8914,6181.9764,6187.5763,297
2023-08-30T02:00:00.000Z,6187.5763,6187.6245,6176.8649,6176.8649,463
2023-08-30T02:01:00.000Z,6176.8649,6182.036,6175.9602,6181.354,395
2023-08-30T02:02:00.000Z,6181.354,6194.1039,6181.354,6189.9499,629
2023-08-30T02:03:00.000Z,6189.9499,6193.5264,6189.9499,6190.6371,293
2023-08-30T02:04:00.000Z,6190.6371,6191.85,6181.2224,6182.5064,389
2023-08-30T02:05:00.000Z,6182.5064,6182.5064,6174.6817,6174.6817,487
2023-08-30T02:06:00.000Z,6174.6817,6175.1666,6171.4237,6172.2762,567
2023-08-30T02:07:00.000Z,6172.2762,6177.9633,6172.2762,6176.1332,306
2023-08-30T02:08:00.000Z,6176.1332,6176.1332,6171.6215,6173.1274,286
2023-08-30T02:09:00.000Z,6173.1274,6183.2477,6172.988,6179.6801,304
2023-08-30T02:10:00.000Z,6179.6801,6182.3995,6176.2356,6178.3719,318
2023-08-30T02:11:00.000Z,6178.3719,6180.0691,6175.0527,6178.7124,253
2023-08-30T02:12:00.000Z,6178.7124,6179.7334,6171.2764,6173.2104,398
2023-08-30T02:13:00.000Z,6173.2104,6173.5256,6164.4968,6166.4194,607
2023-08-30T02:14:00.000Z,6166.4194,6169.0114,6162.5185,6162.5185,715
2023-08-30T02:15:00.000Z,6162.5185,6165.9539,6161.079,6161.079,712
2023-08-30T02:16:00.000Z,6161.079,6164.2548,6159.6419,6159.9379,400
2023-08-30T02:17:00.000Z,6159.9379,6163.066,6155.4473,6163.066,584
2023-08-30T02:18:00.000Z,6163.066,6175.1081,6163.066,6170.0864,809
2023-08-30T02:19:00.000Z,6170.0864,6170.0864,6155.8923,6155.8923,510
2023-08-30T02:20:00.000Z,6155.8923,6155.9758,6142.9451,6144.2274,1476
2023-08-30T02:21:00.000Z,6144.2274,6148.67,6144.1494,6146.1272,716
2023-08-30T02:22:00.000Z,6146.1272,6152.377,6146.1272,6149.9647,309
2023-08-30T02:23:00.000Z,6149.9647,6150.6258,6146.7149,6148.0182,259
2023-08-30T02:24:00.000Z,6148.0182,6152.487,6145.8548,6151.7211,296
2023-08-30T02:25:00.000Z,6151.7211,6154.9193,6147.7026,6153.6361,422
2023-08-30T02:26:00.000Z,6153.6361,6155.5934,6151.1781,6151.958,223
2023-08-30T02:27:00.000Z,6151.958,6154.6889,6150.7811,6151.3884,261
2023-08-30T02:28:00.000Z,6151.3884,6151.3884,6143.6228,6144.2814,461
2023-08-30T02:29:00.000Z,6144.2814,6144.2814,6138.1085,6139.773,488
2023-08-30T02:30:00.000Z,6139.773,6141.4729,6137.7618,6137.7618,372
2023-08-30T02:31:00.000Z,6137.7618,6142.6894,6137.0302,6140.6268,342
2023-08-30T02:32:00.000Z,6140.6268,6147.5896,6140.6268,6147.0834,235
2023-08-30T02:33:00.000Z,6147.0834,6148.914,6142.4871,6144.8141,293
2023-08-30T02:34:00.000Z,6144.8141,6150.9926,6144.394,6150.9926,232
2023-08-30T02:35:00.000Z,6150.9926,6153.6859,6148.5369,6148.5369,281
2023-08-30T02:36:00.000Z,6148.5369,6152.479,6148.5369,6149.6243,183
2023-08-30T02:37:00.000Z,6149.6243,6149.6243,6138.8996,6138.8996,262
2023-08-30T02:38:00.000Z,6138.8996,6138.9248,6132.9941,6134.2184,534
2023-08-30T02:39:00.000Z,6134.2184,6138.0754,6134.0924,6137.7918,298
2023-08-30T02:40:00.000Z,6137.7918,6137.7918,6130.773,6132.2393,383
2023-08-30T02:41:00.000Z,6132.2393,6133.4613,6129.465,6132.2856,222
2023-08-30T02:42:00.000Z,6132.2856,6137.86,6131.5227,6135.8361,299
2023-08-30T02:43:00.000Z,6135.8361,6139.3544,6135.4453,6136.6856,192
2023-08-30T02:44:00.000Z,6136.6856,6140.0299,6135.5571,6139.6097,391
2023-08-30T02:45:00.000Z,6139.6097,6147.6172,6137.9114,6147.6172,598
2023-08-30T02:46:00.000Z,6147.6172,6148.6774,6141.3818,6146.2085,323
2023-08-30T02:47:00.000Z,6146.2085,6147.3079,6141.8737,6143.6983,169
2023-08-30T02:48:00.000Z,6143.6983,6151.1619,6143.6983,6149.4543,387
2023-08-30T02:49:00.000Z,6149.4543,6149.8914,6139.7473,6140.5429,293
2023-08-30T02:50:00.000Z,6140.5429,6140.5429,6131.1249,6131.8937,474
2023-08-30T02:51:00.000Z,6131.8937,6131.8937,6127.1918,6127.1918,587
2023-08-30T02:52:00.000Z,6127.1918,6128.7337,6121.176,6121.3943,846
2023-08-30T02:53:00.000Z,6121.3943,6124.5705,6120.0228,6121.6873,403
2023-08-30T02:54:00.000Z,6121.6873,6129.0821,6121.562,6128.5978,506
2023-08-30T02:55:00.000Z,6128.5978,6129.598,6126.2722,6126.5873,351
2023-08-30T02:56:00.000Z,6126.5873,6127.2974,6117.4477,6117.4477,481
2023-08-30T02:57:00.000Z,6117.4477,6121.5461,6114.1999,6114.1999,567
2023-08-30T02:58:00.000Z,6114.1999,6122.0838,6114.1999,6121.1632,464
2023-08-30T02:59:00.000Z,6121.1632,6122.2027,6117.2328,6117.2328,142
2023-08-30T03:00:00.000Z,6117.2328,6121.8876,6114.484,6114.7979,303
2023-08-30T03:01:00.000Z,6114.7979,6126.7371,6114.7979,6126.2253,351
2023-08-30T03:02:00.000Z,6126.2253,6126.53,6122.4792,6126.4544,225
2023-08-30T03:03:00.000Z,6126.4544,6130.8663,6125.5577,6130.8663,360
2023-08-30T03:04:00.000Z,6130.8663,6131.1608,6122.5434,6127.7072,261
2023-08-30T03:05:00.000Z,6127.7072,6130.0376,6126.6602,6130.0376,149
2023-08-30T03:06:00.000Z,6130.0376,6133.4591,6130.0112,6131.7225,233
2023-08-30T03:07:00.000Z,6131.7225,6132.2679,6128.0633,6130.414,166
2023-08-30T03:08:00.000Z,6130.414,6138.9869,6130.414,6138.286,382
2023-08-30T03:09:00.000Z,6138.286,6140.3751,6134.7233,6139.9894,384
2023-08-30T03:10:00.000Z,6139.9894,6140.1271,6136.4915,6139.2988,232
2023-08-30T03:11:00.000Z,6139.2988,6139.2988,6136.1758,6136.3023,73
2023-08-30T03:12:00.000Z,6136.3023,6136.3023,6132.4603,6133.2396,136
2023-08-30T03:13:00.000Z,6133.2396,6139.1108,6132.336,6139.1108,145
2023-08-30T03:14:00.000Z,6139.1108,6142.681,6138.6907,6141.0541,226
2023-08-30T03:15:00.000Z,6141.0541,6148.4973,6135.4924,6137.9269,853
2023-08-30T03:16:00.000Z,6137.9269,6140.0489,6137.0142,6139.5494,131
2023-08-30T03:17:00.000Z,6139.5494,6145.3339,6139.4443,6142.8006,165
2023-08-30T03:18:00.000Z,6142.8006,6142.8006,6135.2859,6135.5183,238
2023-08-30T03:19:00.000Z,6135.5183,6135.5183,6130.7332,6131.2922,301
2023-08-30T03:20:00.000Z,6131.2922,6133.0044,6129.6725,6132.3807,142
2023-08-30T03:21:00.000Z,6132.3807,6134.7368,6131.8746,6132.5386,114
2023-08-30T03:22:00.000Z,6132.5386,6138.0054,6132.5386,6135.4607,153
2023-08-30T03:23:00.000Z,6135.4607,6136.7661,6132.7838,6132.7838,72
2023-08-30T03:24:00.000Z,6132.7838,6133.5794,6132.1911,6133.3838,59
2023-08-30T03:25:00.000Z,6133.3838,6135.465,6133.3838,6135.2119,130
2023-08-30T03:26:00.000Z,6135.2119,6136.9615,6134.3104,6135.9877,154
2023-08-30T03:27:00.000Z,6135.9877,6136.2581,6134.3301,6134.4563,116
2023-08-30T03:28:00.000Z,6134.4563,6137.2474,6134.4563,6136.9768,110
2023-08-30T03:29:00.000Z,6136.9768,6137.4209,6134.6828,6134.7026,169
2023-08-30T05:00:00.000Z,6134.7026,6136.8357,6126.5419,6128.8287,342
2023-08-30T05:01:00.000Z,6128.8287,6132.6977,6128.3035,6132.0674,167
2023-08-30T05:02:00.000Z,6132.0674,6143.6964,6132.0674,6139.5773,311
2023-08-30T05:03:00.000Z,6139.5773,6141.0369,6126.2733,6128.6063,422
2023-08-30T05:04:00.000Z,6128.6063,6128.7746,6119.585,6119.585,429
2023-08-30T05:05:00.000Z,6119.585,6121.4936,6114.2335,6116.5636,479
2023-08-30T05:06:00.000Z,6116.5636,6120.0601,6115.4297,6115.5591,194
2023-08-30T05:07:00.000Z,6115.5591,6117.5467,6108.9114,6110.2979,558
2023-08-30T05:08:00.000Z,6110.2979,6111.7244,6109.4033,6109.7244,218
2023-08-30T05:09:00.000Z,6109.7244,6115.1389,6109.7244,6114.2346,216
2023-08-30T05:10:00.000Z,6114.2346,6114.8649,6109.7771,6112.9892,291
2023-08-30T05:11:00.000Z,6112.9892,6116.7925,6112.9892,6115.9072,148
2023-08-30T05:12:00.000Z,6115.9072,6116.0123,6111.8329,6112.0563,202
2023-08-30T05:13:00.000Z,6112.0563,6114.8784,6111.2099,6113.2182,128
2023-08-30T05:14:00.000Z,6113.2182,6115.7597,6112.1355,6115.0388,94
2023-08-30T05:15:00.000Z,6115.0388,6120.0893,6115.0388,6119.5447,196
2023-08-30T05:16:00.000Z,6119.5447,6119.6204,6114.8093,6117.6299,169
2023-08-30T05:17:00.000Z,6117.6299,6117.7884,6113.8097,6117.2099,124
2023-08-30T05:18:00.000Z,6117.2099,6118.4728,6115.0877,6115.0877,88
2023-08-30T05:19:00.000Z,6115.0877,6117.815,6113.7129,6113.7129,109
2023-08-30T05:20:00.000Z,6113.7129,6114.2381,6107.0867,6108.3364,360
2023-08-30T05:21:00.000Z,6108.3364,6109.3399,6107.6875,6109.3399,165
2023-08-30T05:22:00.000Z,6109.3399,6111.371,6108.3878,6110.8334,228
2023-08-30T05:23:00.000Z,6110.8334,6111.1283,6105.7936,6105.9483,244
2023-08-30T05:24:00.000Z,6105.9483,6105.9483,6103.4752,6104.0311,235
2023-08-30T05:25:00.000Z,6104.0311,6104.9668,6102.3473,6103.9058,237
2023-08-30T05:26:00.000Z,6103.9058,6103.9058,6099.0564,6099.572,412
2023-08-30T05:27:00.000Z,6099.572,6107.1814,6099.572,6105.0973,322
2023-08-30T05:28:00.000Z,6105.0973,6109.0876,6105.0973,6108.2154,186
2023-08-30T05:29:00.000Z,6108.2154,6112.4629,6105.9461,6110.5655,302
2023-08-30T05:30:00.000Z,6110.5655,6116.1545,6109.442,6116.1545,312
2023-08-30T05:31:00.000Z,6116.1545,6121.3018,6115.5925,6117.7415,292
2023-08-30T05:32:00.000Z,6117.7415,6117.7415,6111.1614,6112.3813,254
2023-08-30T05:33:00.000Z,6112.3813,6112.3813,6106.9128,6110.2821,250
2023-08-30T05:34:00.000Z,6110.2821,6113.763,6109.0006,6110.4033,160
2023-08-30T05:35:00.000Z,6110.4033,6111.9472,6108.1575,6111.9472,131
2023-08-30T05:36:00.000Z,6111.9472,6112.9367,6109.3081,6112.5039,92
2023-08-30T05:37:00.000Z,6112.5039,6115.9084,6112.1888,6114.9033,228
2023-08-30T05:38:00.000Z,6114.9033,6120.2521,6114.9033,6119.8319,218
2023-08-30T05:39:00.000Z,6119.8319,6119.9382,6114.9691,6117.5434,290
2023-08-30T05:40:00.000Z,6117.5434,6122.4337,6117.5434,6121.8655,217
2023-08-30T05:41:00.000Z,6121.8655,6127.9048,6121.8655,6124.6548,445
2023-08-30T05:42:00.000Z,6124.6548,6125.5026,6120.6497,6123.4721,214
2023-08-30T05:43:00.000Z,6123.4721,6126.884,6123.4721,6126.884,170
2023-08-30T05:44:00.000Z,6126.884,6130.0528,6126.5076,6130.0528,296
2023-08-30T05:45:00.000Z,6130.0528,6131.0484,6128.2026,6128.7278,239
2023-08-30T05:46:00.000Z,6128.7278,6132.3095,6128.7278,6130.9845,207
2023-08-30T05:47:00.000Z,6130.9845,6131.1946,6123.3665,6123.7676,228
2023-08-30T05:48:00.000Z,6123.7676,6125.6472,6123.3133,6125.6472,125
2023-08-30T05:49:00.000Z,6125.6472,6128.9732,6124.9544,6126.6117,144
2023-08-30T05:50:00.000Z,6126.6117,6127.6587,6125.2254,6127.2881,163
2023-08-30T05:51:00.000Z,6127.2881,6131.1643,6127.0147,6131.1429,120
2023-08-30T05:52:00.000Z,6131.1429,6132.7592,6125.9782,6126.0833,190
2023-08-30T05:53:00.000Z,6126.0833,6126.7983,6125.8275,6126.2216,91
2023-08-30T05:54:00.000Z,6126.2216,6127.3278,6126.2216,6126.2977,73
2023-08-30T05:55:00.000Z,6126.2977,6126.4875,6121.6129,6121.866,186
2023-08-30T05:56:00.000Z,6121.866,6126.3021,6121.866,6126.3021,156
2023-08-30T05:57:00.000Z,6126.3021,6128.5074,6126.2072,6126.2072,118
2023-08-30T05:58:00.000Z,6126.2072,6130.5248,6125.1482,6128.09,114
2023-08-30T05:59:00.000Z,6128.09,6130.3436,6127.3581,6130.0285,122
2023-08-30T06:00:00.000Z,6130.0285,6139.0678,6128.2561,6138.7337,459
2023-08-30T06:01:00.000Z,6138.7337,6139.3359,6134.035,6137.105,336
2023-08-30T06:02:00.000Z,6137.105,6142.6057,6136.7709,6142.5842,374
2023-08-30T06:03:00.000Z,6142.5842,6142.6822,6138.6604,6140.054,291
2023-08-30T06:04:00.000Z,6140.054,6140.0652,6131.1318,6131.8576,365
2023-08-30T06:05:00.000Z,6131.8576,6131.9627,6128.1614,6129.7989,254
2023-08-30T06:06:00.000Z,6129.7989,6134.2526,6129.7989,6133.6339,177
2023-08-30T06:07:00.000Z,6133.6339,6137.2182,6132.8592,6133.9607,156
2023-08-30T06:08:00.000Z,6133.9607,6136.516,6131.8285,6136.0727,180
2023-08-30T06:09:00.000Z,6136.0727,6141.8586,6136.0727,6138.5316,351
2023-08-30T06:10:00.000Z,6138.5316,6141.3022,6136.1428,6140.5885,215
2023-08-30T06:11:00.000Z,6140.5885,6142.1351,6138.95,6140.5913,167
2023-08-30T06:12:00.000Z,6140.5913,6144.7843,6140.3382,6144.3641,356
2023-08-30T06:13:00.000Z,6144.3641,6144.5673,6141.2573,6142.6591,213
2023-08-30T06:14:00.000Z,6142.6591,6142.8274,6136.0423,6139.0995,262
2023-08-30T06:15:00.000Z,6139.0995,6140.0017,6136.6802,6137.5292,158
2023-08-30T06:16:00.000Z,6137.5292,6142.0602,6136.9193,6142.0189,161
2023-08-30T06:17:00.000Z,6142.0189,6142.8762,6139.6554,6141.829,177
2023-08-30T06:18:00.000Z,6141.829,6145.7138,6141.6828,6144.6138,461
2023-08-30T06:19:00.000Z,6144.6138,6144.6138,6140.6112,6142.9549,213
2023-08-30T06:20:00.000Z,6142.9549,6144.1009,6141.1456,6141.6339,186
2023-08-30T06:21:00.000Z,6141.6339,6142.0768,6138.1715,6141.4879,190
2023-08-30T06:22:00.000Z,6141.4879,6141.5511,6137.7451,6138.0602,295
2023-08-30T06:23:00.000Z,6138.0602,6138.3767,6137.0023,6137.9971,193
2023-08-30T06:24:00.000Z,6137.9971,6142.881,6137.9971,6139.7697,181
2023-08-30T06:25:00.000Z,6139.7697,6144.0437,6139.2445,6143.9805,196
2023-08-30T06:26:00.000Z,6143.9805,6145.2437,6142.202,6145.1387,235
2023-08-30T06:27:00.000Z,6145.1387,6146.2871,6141.307,6143.7482,340
2023-08-30T06:28:00.000Z,6143.7482,6147.6019,6143.7482,6146.908,264
2023-08-30T06:29:00.000Z,6146.908,6146.908,6142.8921,6143.5451,283
2023-08-30T06:30:00.000Z,6143.5451,6143.7552,6138.6483,6139.4068,417
2023-08-30T06:31:00.000Z,6139.4068,6139.9964,6135.8722,6137.7731,266
2023-08-30T06:32:00.000Z,6137.7731,6138.1933,6127.9526,6127.9597,594
2023-08-30T06:33:00.000Z,6127.9597,6128.1698,6122.1114,6125.1361,724
2023-08-30T06:34:00.000Z,6125.1361,6131.5038,6124.008,6127.2643,318
2023-08-30T06:35:00.000Z,6127.2643,6134.6606,6127.2643,6132.7942,346
2023-08-30T06:36:00.000Z,6132.7942,6133.1285,6127.6105,6131.8697,326
2023-08-30T06:37:00.000Z,6131.8697,6134.2099,6130.2691,6130.7955,244
2023-08-30T06:38:00.000Z,6130.7955,6133.5904,6130.7336,6131.7479,219
2023-08-30T06:39:00.000Z,6131.7479,6136.6307,6131.6446,6131.7497,302
2023-08-30T06:40:00.000Z,6131.7497,6131.7497,6127.0909,6127.5958,377
2023-08-30T06:41:00.000Z,6127.5958,6131.5139,6126.7332,6131.2608,186
2023-08-30T06:42:00.000Z,6131.2608,6135.1221,6130.9457,6131.6626,207
2023-08-30T06:43:00.000Z,6131.6626,6135.1572,6131.6626,6134.0895,163
2023-08-30T06:44:00.000Z,6134.0895,6134.1665,6129.9317,6130.7237,204
2023-08-30T06:45:00.000Z,6130.7237,6132.4599,6129.245,6130.2533,196
2023-08-30T06:46:00.000Z,6130.2533,6131.5827,6127.8677,6130.3581,294
2023-08-30T06:47:00.000Z,6130.3581,6130.4616,6127.2866,6127.751,198
2023-08-30T06:48:00.000Z,6127.751,6128.0602,6126.8968,6127.6371,209
2023-08-30T06:49:00.000Z,6127.6371,6129.1213,6126.3269,6126.3269,288
2023-08-30T06:50:00.000Z,6126.3269,6128.9522,6125.7022,6127.7816,632
2023-08-30T06:51:00.000Z,6127.7816,6129.2879,6127.3682,6128.4714,332
2023-08-30T06:52:00.000Z,6128.4714,6129.6311,6128.4714,6128.7461,247
2023-08-30T06:53:00.000Z,6128.7461,6129.105,6125.7703,6128.1109,544
2023-08-30T06:54:00.000Z,6128.1109,6128.6361,6125.7335,6126.5738,288
2023-08-30T06:55:00.000Z,6126.5738,6126.5987,6124.13,6124.1854,474
2023-08-30T06:56:00.000Z,6124.1854,6125.721,6122.6103,6123.1436,487
2023-08-30T06:57:00.000Z,6123.1436,6123.1827,6117.7783,6117.8415,503
2023-08-30T06:58:00.000Z,6117.8415,6121.7828,6117.6974,6121.3875,425
2023-08-30T06:59:00.000Z,6121.3875,6124.9035,6121.3875,6122.7824,524
2023-08-31T01:30:00.000Z,6118.3021,6130.0472,6113.497,6130.0472,1768
2023-08-31T01:31:00.000Z,6130.0472,6130.301,6108.6619,6111.0301,1524
2023-08-31T01:32:00.000Z,6111.0301,6122.9029,6110.6323,6119.4599,1023
2023-08-31T01:33:00.000Z,6119.4599,6124.416,6116.2881,6120.5624,1109
2023-08-31T01:34:00.000Z,6120.5624,6132.9824,6120.5624,6132.9824,919
2023-08-31T01:35:00.000Z,6132.9824,6132.9824,6123.6584,6123.7769,899
2023-08-31T01:36:00.000Z,6123.7769,6124.2577,6113.9682,6116.3474,669
2023-08-31T01:37:00.000Z,6116.3474,6117.4892,6114.6916,6115.14,390
2023-08-31T01:38:00.000Z,6115.14,6118.8359,6113.8099,6117.6965,414
2023-08-31T01:39:00.000Z,6117.6965,6117.9499,6113.1242,6113.9066,392
2023-08-31T01:40:00.000Z,6113.9066,6113.9214,6108.5185,6113.9205,640
2023-08-31T01:41:00.000Z,6113.9205,6115.9231,6108.8801,6108.8801,476
2023-08-31T01:42:00.000Z,6108.8801,6112.9359,6108.2748,6110.0573,397
2023-08-31T01:43:00.000Z,6110.0573,6112.4553,6109.2756,6112.4118,220
2023-08-31T01:44:00.000Z,6112.4118,6114.9684,6110.1662,6110.4876,266
2023-08-31T01:45:00.000Z,6110.4876,6110.4876,6101.3178,6101.9458,815
2023-08-31T01:46:00.000Z,6101.9458,6105.8021,6101.0824,6102.6245,504
2023-08-31T01:47:00.000Z,6102.6245,6102.725,6084.7331,6087.3589,1560
2023-08-31T01:48:00.000Z,6087.3589,6089.4586,6084.656,6089.4586,594
2023-08-31T01:49:00.000Z,6089.4586,6089.9843,6084.6981,6086.1533,517
2023-08-31T01:50:00.000Z,6086.1533,6088.8092,6078.3546,6078.3546,856
2023-08-31T01:51:00.000Z,6078.3546,6083.0987,6075.7075,6080.0938,851
2023-08-31T01:52:00.000Z,6080.0938,6091.3823,6080.0938,6090.0848,580
2023-08-31T01:53:00.000Z,6090.0848,6097.0869,6090.0848,6094.2702,428
2023-08-31T01:54:00.000Z,6094.2702,6096.0715,6092.1574,6092.6112,369
2023-08-31T01:55:00.000Z,6092.6112,6094.6449,6087.5626,6089.4635,497
2023-08-31T01:56:00.000Z,6089.4635,6092.9319,6086.2711,6092.019,337
2023-08-31T01:57:00.000Z,6092.019,6098.6514,6091.8523,6096.9457,555
2023-08-31T01:58:00.000Z,6096.9457,6097.5971,6088.7406,6088.9708,359
2023-08-31T01:59:00.000Z,6088.9708,6094.1126,6088.4374,6091.7859,313
2023-08-31T02:00:00.000Z,6091.7859,6095.5414,6088.5933,6089.6956,375
2023-08-31T02:01:00.000Z,6089.6956,6098.9486,6089.3437,6094.3518,372
2023-08-31T02:02:00.000Z,6094.3518,6102.3082,6093.7773,6100.0928,258
2023-08-31T02:03:00.000Z,6100.0928,6100.0928,6095.7428,6098.3262,209
2023-08-31T02:04:00.000Z,6098.3262,6104.413,6098.3262,6100.7084,461
2023-08-31T02:05:00.000Z,6100.7084,6100.9094,6089.9078,6091.2049,417
2023-08-31T02:06:00.000Z,6091.2049,6093.5032,6087.4501,6092.8194,261
2023-08-31T02:07:00.000Z,6092.8194,6098.4594,6092.5465,6097.9567,236
2023-08-31T02:08:00.000Z,6097.9567,6101.5328,6097.0729,6098.2121,180
2023-08-31T02:09:00.000Z,6098.2121,6098.5281,6093.8645,6095.7634,283
2023-08-31T02:10:00.000Z,6095.7634,6097.8362,6094.1419,6096.86,174
2023-08-31T02:11:00.000Z,6096.86,6103.4828,6096.86,6102.9539,309
2023-08-31T02:12:00.000Z,6102.9539,6108.9217,6102.9539,6105.8019,389
2023-08-31T02:13:00.000Z,6105.8019,6106.2223,6101.5504,6106.0212,248
2023-08-31T02:14:00.000Z,6106.0212,6106.282,6101.5479,6103.5198,216
2023-08-31T02:15:00.000Z,6103.5198,6111.3458,6103.3045,6110.5035,408
2023-08-31T02:16:00.000Z,6110.5035,6111.4635,6107.9667,6109.2076,263
2023-08-31T02:17:00.000Z,6109.2076,6111.8059,6109.2076,6111.2723,150
2023-08-31T02:18:00.000Z,6111.2723,6114.0741,6109.9715,6112.9013,252
2023-08-31T02:19:00.000Z,6112.9013,6115.5317,6109.929,6113.7405,259
2023-08-31T02:20:00.000Z,6113.7405,6113.9577,6107.0356,6108.7961,280
2023-08-31T02:21:00.000Z,6108.7961,6118.3593,6108.6297,6117.8566,347
2023-08-31T02:22:00.000Z,6117.8566,6122.986,6117.3683,6121.525,482
2023-08-31T02:23:00.000Z,6121.525,6122.0852,6119.1663,6121.8841,225
2023-08-31T02:24:00.000Z,6121.8841,6121.8841,6116.3433,6118.764,254
2023-08-31T02:25:00.000Z,6118.764,6118.764,6113.2536,6117.7439,218
2023-08-31T02:26:00.000Z,6117.7439,6118.1914,6115.6565,6116.6852,229
2023-08-31T02:27:00.000Z,6116.6852,6119.3125,6114.5487,6117.5875,216
2023-08-31T02:28:00.000Z,6117.5875,6120.2761,6117.5875,6118.057,116
2023-08-31T02:29:00.000Z,6118.057,6118.3299,6114.3191,6115.3498,137
2023-08-31T02:30:00.000Z,6115.3498,6115.3498,6108.9747,6110.6477,319
2023-08-31T02:31:00.000Z,6110.6477,6115.6308,6110.5471,6114.2697,171
2023-08-31T02:32:00.000Z,6114.2697,6114.636,6109.5502,6110.1845,145
2023-08-31T02:33:00.000Z,6110.1845,6111.1109,6109.5736,6110.6329,84
2023-08-31T02:34:00.000Z,6110.6329,6113.898,6110.6329,6113.4948,119
2023-08-31T02:35:00.000Z,6113.4948,6117.2187,6112.8955,6114.4196,199
2023-08-31T02:36:00.000Z,6114.4196,6114.5202,6108.0764,6112.1999,182
2023-08-31T02:37:00.000Z,6112.1999,6112.7975,6109.5366,6109.5366,78
2023-08-31T02:38:00.000Z,6109.5366,6109.5366,6103.9728,6105.7575,278
2023-08-31T02:39:00.000Z,6105.7575,6111.5934,6105.1974,6109.6267,137
2023-08-31T02:40:00.000Z,6109.6267,6114.844,6109.6267,6114.4101,185
2023-08-31T02:41:00.000Z,6114.4101,6116.8981,6111.1472,6111.453,195
2023-08-31T02:42:00.000Z,6111.453,6118.3379,6111.0006,6114.2682,180
2023-08-31T02:43:00.000Z,6114.2682,6114.6828,6108.8824,6109.1661,100
2023-08-31T02:44:00.000Z,6109.1661,6109.1661,6103.1532,6103.1532,203
2023-08-31T02:45:00.000Z,6103.1532,6103.1532,6098.3734,6102.5372,318
2023-08-31T02:46:00.000Z,6102.5372,6103.6475,6099.9662,6101.4987,167
2023-08-31T02:47:00.000Z,6101.4987,6104.3882,6100.9925,6104.0691,66
2023-08-31T02:48:00.000Z,6104.0691,6106.283,6102.2666,6103.5248,171
2023-08-31T02:49:00.000Z,6103.5248,6107.5846,6101.4471,6102.0001,170
2023-08-31T02:50:00.000Z,6102.0001,6102.0001,6096.2446,6096.7616,383
2023-08-31T02:51:00.000Z,6096.7616,6102.398,6096.4457,6099.2175,234
2023-08-31T02:52:00.000Z,6099.2175,6100.4024,6095.7896,6096.7734,313
2023-08-31T02:53:00.000Z,6096.7734,6098.6258,6095.5778,6096.3172,142
2023-08-31T02:54:00.000Z,6096.3172,6096.8602,6093.9872,6094.9559,174
2023-08-31T02:55:00.000Z,6094.9559,6095.4945,6091.6374,6093.9533,195
2023-08-31T02:56:00.000Z,6093.9533,6098.4113,6093.643,6098.4113,240
2023-08-31T02:57:00.000Z,6098.4113,6100.5353,6096.8717,6099.2247,163
2023-08-31T02:58:00.000Z,6099.2247,6100.5533,6097.3713,6097.3713,97
2023-08-31T02:59:00.000Z,6097.3713,6098.0751,6093.77,6093.77,343
2023-08-31T03:00:00.000Z,6093.77,6098.6023,6091.3135,6097.9216,314
2023-08-31T03:01:00.000Z,6097.9216,6098.5545,6092.0342,6092.3563,239
2023-08-31T03:02:00.000Z,6092.3563,6094.9531,6091.7628,6092.0923,188
2023-08-31T03:03:00.000Z,6092.0923,6096.6898,6092.0923,6093.4413,220
2023-08-31T03:04:00.000Z,6093.4413,6096.712,6092.6851,6096.1823,198
2023-08-31T03:05:00.000Z,6096.1823,6099.2422,6096.1823,6099.2063,140
2023-08-31T03:06:00.000Z,6099.2063,6102.7821,6099.2063,6102.7821,238
2023-08-31T03:07:00.000Z,6102.7821,6102.7821,6095.085,6096.2374,312
2023-08-31T03:08:00.000Z,6096.2374,6100.5633,6096.0471,6100.0774,219
2023-08-31T03:09:00.000Z,6100.0774,6103.5245,6099.4094,6099.4094,198
2023-08-31T03:10:00.000Z,6099.4094,6100.1329,6098.4982,6099.8492,128
2023-08-31T03:11:00.000Z,6099.8492,6099.8492,6092.3288,6093.2282,251
2023-08-31T03:12:00.000Z,6093.2282,6093.8185,6090.772,6092.3179,208
2023-08-31T03:13:00.000Z,6092.3179,6093.6712,6091.8342,6093.3121,77
2023-08-31T03:14:00.000Z,6093.3121,6094.5475,6090.9345,6090.9345,81
2023-08-31T03:15:00.000Z,6090.9345,6091.5377,6087.959,6087.959,172
2023-08-31T03:16:00.000Z,6087.959,6088.6096,6082.7209,6082.7209,463
2023-08-31T03:17:00.000Z,6082.7209,6086.5432,6081.9032,6086.2457,231
2023-08-31T03:18:00.000Z,6086.2457,6093.9015,6085.7101,6090.6713,297
2023-08-31T03:19:00.000Z,6090.6713,6093.2403,6089.4325,6092.2723,175
2023-08-31T03:20:00.000Z,6092.2723,6093.2798,6089.8138,6091.5688,178
2023-08-31T03:21:00.000Z,6091.5688,6091.5688,6085.8963,6087.8471,172
2023-08-31T03:22:00.000Z,6087.8471,6092.3239,6086.9103,6090.7672,143
2023-08-31T03:23:00.000Z,6090.7672,6095.131,6090.6237,6090.8701,137
2023-08-31T03:24:00.000Z,6090.8701,6094.8148,6087.1148,6088.426,221
2023-08-31T03:25:00.000Z,6088.426,6091.4637,6087.112,6089.3327,193
2023-08-31T03:26:00.000Z,6089.3327,6095.519,6089.3327,6094.6706,194
2023-08-31T03:27:00.000Z,6094.6706,6095.7894,6094.4336,6094.7691,82
2023-08-31T03:28:00.000Z,6094.7691,6095.0061,6092.1149,6092.7667,85
2023-08-31T03:29:00.000Z,6092.7667,6092.7929,6088.62,6089.8768,214
2023-08-31T05:00:00.000Z,6090.0778,6090.0778,6084.1321,6085.8546,213
2023-08-31T05:01:00.000Z,6085.8546,6091.993,6084.7765,6091.993,174
2023-08-31T05:02:00.000Z,6091.993,6097.22,6091.993,6097.1801,176
2023-08-31T05:03:00.000Z,6097.1801,6097.1801,6090.0602,6090.2613,165
2023-08-31T05:04:00.000Z,6090.2613,6091.2783,6087.6648,6089.5893,221
2023-08-31T05:05:00.000Z,6089.5893,6091.776,6088.5674,6088.9782,127
2023-08-31T05:06:00.000Z,6088.9782,6090.8677,6087.0697,6089.7872,169
2023-08-31T05:07:00.000Z,6089.7872,6089.8878,6085.2787,6088.231,244
2023-08-31T05:08:00.000Z,6088.231,6089.1025,6085.8596,6086.9831,89
2023-08-31T05:09:00.000Z,6086.9831,6088.4194,6086.466,6088.0113,121
2023-08-31T05:10:00.000Z,6088.0113,6088.8875,6083.7711,6084.2218,171
2023-08-31T05:11:00.000Z,6084.2218,6089.9399,6084.2218,6089.1343,163
2023-08-31T05:12:00.000Z,6089.1343,6091.5862,6088.7583,6088.9224,260
2023-08-31T05:13:00.000Z,6088.9224,6090.6218,6087.0265,6089.8082,146
2023-08-31T05:14:00.000Z,6089.8082,6092.9441,6089.8082,6092.8436,225
2023-08-31T05:15:00.000Z,6092.8436,6094.4794,6089.713,6090.8967,201
2023-08-31T05:16:00.000Z,6090.8967,6091.1193,6085.7766,6089.1395,174
2023-08-31T05:17:00.000Z,6089.1395,6091.7277,6088.1352,6088.5725,88
2023-08-31T05:18:00.000Z,6088.5725,6088.9746,6085.8083,6087.0938,65
2023-08-31T05:19:00.000Z,6087.0938,6089.7983,6085.9085,6089.1663,92
2023-08-31T05:20:00.000Z,6089.1663,6092.7537,6089.1663,6091.05,204
2023-08-31T05:21:00.000Z,6091.05,6091.6532,6086.272,6086.4731,109
2023-08-31T05:22:00.000Z,6086.4731,6086.6742,6082.3402,6083.2451,264
2023-08-31T05:23:00.000Z,6083.2451,6087.5878,6082.4408,6087.5878,127
2023-08-31T05:24:00.000Z,6087.5878,6087.5878,6083.8596,6083.8596,73
2023-08-31T05:25:00.000Z,6083.8596,6084.2766,6082.4032,6082.6925,158
2023-08-31T05:26:00.000Z,6082.6925,6084.4207,6082.1039,6082.8612,176
2023-08-31T05:27:00.000Z,6082.8612,6082.8612,6079.2579,6081.1515,270
2023-08-31T05:28:00.000Z,6081.1515,6084.7,6078.7949,6079.0966,253
2023-08-31T05:29:00.000Z,6079.0966,6081.2473,6077.2574,6079.0726,368
2023-08-31T05:30:00.000Z,6079.0726,6083.2238,6078.9059,6081.6491,236
2023-08-31T05:31:00.000Z,6081.6491,6087.0097,6081.4148,6085.5961,223
2023-08-31T05:32:00.000Z,6085.5961,6093.6246,6085.5961,6093.4628,345
2023-08-31T05:33:00.000Z,6093.4628,6093.8219,6087.0142,6090.1594,197
2023-08-31T05:34:00.000Z,6090.1594,6092.0744,6090.1594,6092.0744,114
2023-08-31T05:35:00.000Z,6092.0744,6095.8197,6091.8918,6093.4214,311
2023-08-31T05:36:00.000Z,6093.4214,6098.4833,6092.8366,6098.0811,188
2023-08-31T05:37:00.000Z,6098.0811,6099.9414,6097.1645,6097.1645,252
2023-08-31T05:38:00.000Z,6097.1645,6097.1645,6091.0258,6092.4796,151
2023-08-31T05:39:00.000Z,6092.4796,6092.5802,6090.4119,6092.08,141
2023-08-31T05:40:00.000Z,6092.08,6095.5141,6089.3895,6090.7733,179
2023-08-31T05:41:00.000Z,6090.7733,6091.5522,6087.7917,6089.8615,176
2023-08-31T05:42:00.000Z,6089.8615,6091.7708,6089.6605,6091.3686,104
2023-08-31T05:43:00.000Z,6091.3686,6095.1768,6091.3686,6092.5073,135
2023-08-31T05:44:00.000Z,6092.5073,6092.5073,6087.584,6088.0065,178
2023-08-31T05:45:00.000Z,6088.0065,6092.9977,6088.0065,6091.2388,107
2023-08-31T05:46:00.000Z,6091.2388,6093.9598,6089.9047,6093.6587,96
2023-08-31T05:47:00.000Z,6093.6587,6099.0069,6093.5582,6098.4527,164
2023-08-31T05:48:00.000Z,6098.4527,6100.3784,6097.0387,6097.9661,143
2023-08-31T05:49:00.000Z,6097.9661,6101.5443,6097.7722,6100.51,175
2023-08-31T05:50:00.000Z,6100.51,6101.6947,6099.954,6101.6947,120
2023-08-31T05:51:00.000Z,6101.6947,6102.3056,6096.9783,6098.3438,263
2023-08-31T05:52:00.000Z,6098.3438,6099.1842,6095.5939,6096.7471,123
2023-08-31T05:53:00.000Z,6096.7471,6097.5468,6095.1348,6095.1665,143
2023-08-31T05:54:00.000Z,6095.1665,6105.9613,6095.1665,6104.2998,284
2023-08-31T05:55:00.000Z,6104.2998,6106.5876,6101.8817,6105.698,234
2023-08-31T05:56:00.000Z,6105.698,6111.9406,6105.698,6109.9508,450
2023-08-31T05:57:00.000Z,6109.9508,6110.5027,6105.487,6105.5876,226
2023-08-31T05:58:00.000Z,6105.5876,6106.9081,6100.9652,6101.8125,254
2023-08-31T05:59:00.000Z,6101.8125,6105.2138,6101.5181,6103.2336,177
2023-08-31T06:00:00.000Z,6103.2336,6108.0259,6102.1083,6103.5753,215
2023-08-31T06:01:00.000Z,6103.5753,6103.6759,6095.0186,6095.9883,312
2023-08-31T06:02:00.000Z,6095.9883,6096.6663,6094.7086,6095.8821,136
2023-08-31T06:03:00.000Z,6095.8821,6099.6135,6095.8149,6099.3119,108
2023-08-31T06:04:00.000Z,6099.3119,6099.3119,6091.0143,6092.804,254
2023-08-31T06:05:00.000Z,6092.804,6093.5536,6091.1686,6091.5421,158
2023-08-31T06:06:00.000Z,6091.5421,6091.6909,6088.7341,6090.5522,174
2023-08-31T06:07:00.000Z,6090.5522,6090.5522,6086.716,6086.716,225
2023-08-31T06:08:00.000Z,6086.716,6087.7282,6086.3374,6086.4515,198
2023-08-31T06:09:00.000Z,6086.4515,6087.1698,6083.878,6085.0336,321
2023-08-31T06:10:00.000Z,6085.0336,6088.9632,6084.4571,6088.1008,336
2023-08-31T06:11:00.000Z,6088.1008,6093.6596,6088.1008,6088.3776,341
2023-08-31T06:12:00.000Z,6088.3776,6092.8905,6087.2232,6092.8905,274
2023-08-31T06:13:00.000Z,6092.8905,6093.1906,6091.1046,6092.2055,171
2023-08-31T06:14:00.000Z,6092.2055,6093.5423,6091.0708,6092.0291,130
2023-08-31T06:15:00.000Z,6092.0291,6094.8203,6092.0291,6094.1046,144
2023-08-31T06:16:00.000Z,6094.1046,6100.5593,6093.4766,6099.616,494
2023-08-31T06:17:00.000Z,6099.616,6108.7767,6099.616,6105.3001,493
2023-08-31T06:18:00.000Z,6105.3001,6106.033,6098.6114,6098.9281,267
2023-08-31T06:19:00.000Z,6098.9281,6101.263,6098.1353,6098.1353,192
2023-08-31T06:20:00.000Z,6098.1353,6104.605,6097.1306,6099.8186,266
2023-08-31T06:21:00.000Z,6099.8186,6099.8186,6096.2232,6098.2312,167
2023-08-31T06:22:00.000Z,6098.2312,6098.2312,6093.9887,6093.9887,170
2023-08-31T06:23:00.000Z,6093.9887,6095.4423,6092.0103,6092.6433,168
2023-08-31T06:24:00.000Z,6092.6433,6096.2627,6092.2495,6093.3204,130
2023-08-31T06:25:00.000Z,6093.3204,6093.7226,6091.5887,6092.3257,103
2023-08-31T06:26:00.000Z,6092.3257,6092.6273,6089.7481,6090.7198,142
2023-08-31T06:27:00.000Z,6090.7198,6098.0775,6090.7198,6096.5367,304
2023-08-31T06:28:00.000Z,6096.5367,6097.0394,6094.3059,6094.8065,139
2023-08-31T06:29:00.000Z,6094.8065,6095.7515,6090.6456,6090.6456,143
2023-08-31T06:30:00.000Z,6090.6456,6093.1044,6088.0199,6090.5124,236
2023-08-31T06:31:00.000Z,6090.5124,6093.9988,6090.4118,6091.9783,202
2023-08-31T06:32:00.000Z,6091.9783,6095.2138,6089.203,6095.2138,125
2023-08-31T06:33:00.000Z,6095.2138,6099.9739,6094.7332,6098.1445,285
2023-08-31T06:34:00.000Z,6098.1445,6100.7371,6097.7044,6097.9887,144
2023-08-31T06:35:00.000Z,6097.9887,6102.6746,6097.7876,6102.0565,363
2023-08-31T06:36:00.000Z,6102.0565,6107.5844,6102.0565,6103.4087,359
2023-08-31T06:37:00.000Z,6103.4087,6105.9367,6102.703,6104.4725,185
2023-08-31T06:38:00.000Z,6104.4725,6104.4725,6096.8631,6098.1781,219
2023-08-31T06:39:00.000Z,6098.1781,6098.3792,6094.5748,6095.2863,180
2023-08-31T06:40:00.000Z,6095.2863,6098.2241,6093.5858,6097.0828,230
2023-08-31T06:41:00.000Z,6097.0828,6098.2137,6095.1766,6097.6474,132
2023-08-31T06:42:00.000Z,6097.6474,6102.9947,6097.1749,6102.7674,239
2023-08-31T06:43:00.000Z,6102.7674,6103.4428,6100.3063,6101.7215,211
2023-08-31T06:44:00.000Z,6101.7215,6102.2242,6099.4875,6100.0256,188
2023-08-31T06:45:00.000Z,6100.0256,6102.8421,6098.8463,6099.9923,256
2023-08-31T06:46:00.000Z,6099.9923,6102.5084,6098.5986,6101.9866,206
2023-08-31T06:47:00.000Z,6101.9866,6104.0779,6101.3383,6102.7427,216
2023-08-31T06:48:00.000Z,6102.7427,6105.8191,6102.7427,6103.7372,283
2023-08-31T06:49:00.000Z,6103.7372,6107.6962,6103.7372,6105.1703,344
2023-08-31T06:50:00.000Z,6105.1703,6107.8708,6104.2741,6106.3605,411
2023-08-31T06:51:00.000Z,6106.3605,6106.4251,6103.1791,6104.4874,270
2023-08-31T06:52:00.000Z,6104.4874,6105.6921,6103.5413,6103.9089,286
2023-08-31T06:53:00.000Z,6103.9089,6104.2105,6101.1007,6101.2757,378
2023-08-31T06:54:00.000Z,6101.2757,6103.6968,6101.1399,6102.2823,298
2023-08-31T06:55:00.000Z,6102.2823,6104.1146,6101.1868,6102.3917,349
2023-08-31T06:56:00.000Z,6102.3917,6102.4577,6100.4977,6101.0966,398
2023-08-31T06:57:00.000Z,6101.0966,6103.1768,6100.8767,6101.453,425
2023-08-31T06:58:00.000Z,6101.453,6101.75,6100.031,6101.426,370
2023-08-31T06:59:00.000Z,6101.426,6104.6029,6101.3047,6104.6029,497
