time,open,high,low,close,volume
2023-10-16T01:00:00.000Z,3608.5122,3612.0614,3606.8019,3607.3549,34655
2023-10-16T01:01:00.000Z,3607.3549,3608.4113,3605.0034,3607.95,15186
2023-10-16T01:02:00.000Z,3607.95,3608.6657,3605.8176,3606.0508,8308
2023-10-16T01:03:00.000Z,3606.0508,3606.6704,3603.7192,3605.4121,8855
2023-10-16T01:04:00.000Z,3605.4121,3606.9369,3604.6341,3604.6964,5052
2023-10-16T01:05:00.000Z,3604.6964,3610.6902,3604.6342,3610.6902,8935
2023-10-16T01:06:00.000Z,3610.6902,3611.4681,3608.4985,3608.9598,7796
2023-10-16T01:07:00.000Z,3608.9598,3613.5553,3608.9598,3611.9819,10559
2023-10-16T01:08:00.000Z,3611.9819,3612.89,3611.235,3612.7939,7206
2023-10-16T01:09:00.000Z,3612.7939,3615.7518,3611.1411,3614.9427,12236
2023-10-16T01:10:00.000Z,3614.9427,3618.7529,3614.9427,3617.9938,16860
2023-10-16T01:11:00.000Z,3617.9938,3618.8616,3615.1998,3615.8194,6733
2023-10-16T01:12:00.000Z,3615.8194,3618.2877,3615.1998,3617.668,5862
2023-10-16T01:13:00.000Z,3617.668,3618.2877,3617.1281,3618.1044,5771
2023-10-16T01:14:00.000Z,3618.1044,3618.9784,3616.5668,3617.1864,5200
2023-10-16T01:15:00.000Z,3617.1864,3617.4777,3614.8867,3615.7797,9202
2023-10-16T01:16:00.000Z,3615.7797,3615.7797,3614.06,3614.8379,5135
2023-10-16T01:17:00.000Z,3614.8379,3618.341,3614.8379,3617.6632,8134
2023-10-16T01:18:00.000Z,3617.6632,3619.091,3617.0435,3618.8366,5200
2023-10-16T01:19:00.000Z,3618.8366,3620.9499,3618.0587,3620.7456,11274
2023-10-16T01:20:00.000Z,3620.7456,3620.8448,3615.7448,3616.3644,10965
2023-10-16T01:21:00.000Z,3616.3644,3617.108,3615.7259,3616.2001,5226
2023-10-16T01:22:00.000Z,3616.2001,3616.4151,3614.5797,3615.9662,5803
2023-10-16T01:23:00.000Z,3615.9662,3617.1079,3615.5604,3616.2,2705
2023-10-16T01:24:00.000Z,3616.2,3616.8196,3614.5243,3615.8907,5116
2023-10-16T01:25:00.000Z,3615.8907,3616.2412,3613.4062,3613.7202,4616
2023-10-16T01:26:00.000Z,3613.7202,3614.4887,3610.969,3611.6508,7984
2023-10-16T01:27:00.000Z,3611.6508,3615.485,3611.0312,3614.6467,7266
2023-10-16T01:28:00.000Z,3614.6467,3616.2791,3614.6339,3615.7555,3145
2023-10-16T01:29:00.000Z,3615.7555,3616.4942,3613.8803,3616.4942,4100
2023-10-16T01:30:00.000Z,3616.4942,3617.4085,3613.1067,3614.6003,5577
2023-10-16T01:31:00.000Z,3614.6003,3615.6624,3613.8887,3615.5663,1416
2023-10-16T01:32:00.000Z,3615.5663,3615.7256,3608.2332,3608.4382,24188
2023-10-16T01:33:00.000Z,3608.4382,3609.0578,3606.7578,3608.0599,10933
2023-10-16T01:34:00.000Z,3608.0599,3609.6011,3607.7908,3608.9678,7426
2023-10-16T01:35:00.000Z,3608.9678,3611.9065,3608.3482,3610.9175,7364
2023-10-16T01:36:00.000Z,3610.9175,3612.7089,3610.394,3611.3103,4876
2023-10-16T01:37:00.000Z,3611.3103,3612.1166,3609.6495,3611.1987,5429
2023-10-16T01:38:00.000Z,3611.1987,3613.126,3610.5791,3613.126,2865
2023-10-16T01:39:00.000Z,3613.126,3614.1658,3612.4103,3614.1658,1992
2023-10-16T01:40:00.000Z,3614.1658,3616.7942,3613.354,3616.1746,6010
2023-10-16T01:41:00.000Z,3616.1746,3616.7942,3614.4916,3615.1112,4932
2023-10-16T01:42:00.000Z,3615.1112,3616.0334,3613.6102,3615.5099,5061
2023-10-16T01:43:00.000Z,3615.5099,3617.0288,3615.504,3616.7189,4612
2023-10-16T01:44:00.000Z,3616.7189,3616.815,3614.6678,3614.6678,2760
2023-10-16T01:45:00.000Z,3614.6678,3616.7189,3614.6678,3615.2252,2702
2023-10-16T01:46:00.000Z,3615.2252,3616.9733,3615.2252,3616.9717,2440
2023-10-16T01:47:00.000Z,3616.9717,3616.9717,3614.5702,3614.7624,2338
2023-10-16T01:48:00.000Z,3614.7624,3615.3948,3614.4768,3615.2987,2896
2023-10-16T01:49:00.000Z,3615.2987,3615.4139,3614.5079,3614.6982,1227
2023-10-16T01:50:00.000Z,3614.6982,3616.4334,3614.6021,3616.244,3498
2023-10-16T01:51:00.000Z,3616.244,3617.8176,3615.4322,3617.198,3477
2023-10-16T01:52:00.000Z,3617.198,3618.2882,3616.6226,3617.4594,3454
2023-10-16T01:53:00.000Z,3617.4594,3617.4594,3615.9036,3617.1089,2308
2023-10-16T01:54:00.000Z,3617.1089,3617.4594,3616.4893,3617.4594,472
2023-10-16T01:55:00.000Z,3617.4594,3617.4594,3615.8697,3617.1089,3250
2023-10-16T01:56:00.000Z,3617.1089,3617.3011,3615.7114,3615.8075,1794
2023-10-16T01:57:00.000Z,3615.8075,3616.4271,3614.8062,3615.6614,2930
2023-10-16T01:58:00.000Z,3615.6614,3617.0278,3615.6614,3615.6925,1389
2023-10-16T01:59:00.000Z,3615.6925,3617.2172,3615.4692,3617.2172,5487
2023-10-16T02:00:00.000Z,3617.2172,3617.3133,3615.8197,3617.2822,1509
2023-10-16T02:01:00.000Z,3617.2822,3617.2822,3616.5665,3617.1861,632
2023-10-16T02:02:00.000Z,3617.1861,3617.9695,3616.5665,3617.3499,4101
2023-10-16T02:03:00.000Z,3617.3499,3619.9548,3617.3499,3619.2226,7600
2023-10-16T02:04:00.000Z,3619.2226,3620.8453,3618.3193,3618.9389,7402
2023-10-16T02:05:00.000Z,3618.9389,3618.9389,3617.4453,3618.8523,4667
2023-10-16T02:06:00.000Z,3618.8523,3619.1251,3617.7898,3619.0291,1909
2023-10-16T02:07:00.000Z,3619.0291,3623.8799,3619.0291,3623.1088,15465
2023-10-16T02:08:00.000Z,3623.1088,3627.9355,3623.0128,3627.081,25538
2023-10-16T02:09:00.000Z,3627.081,3628.0266,3625.3234,3627.407,10466
2023-10-16T02:10:00.000Z,3627.407,3628.0266,3625.6432,3625.7393,11169
2023-10-16T02:11:00.000Z,3625.7393,3627.0919,3625.4849,3627.0919,7674
2023-10-16T02:12:00.000Z,3627.0919,3627.997,3626.3844,3626.3844,8151
2023-10-16T02:13:00.000Z,3626.3844,3629.8639,3626.3532,3629.7642,16157
2023-10-16T02:14:00.000Z,3629.7642,3631.7344,3628.4732,3629.381,20442
2023-10-16T02:30:00.000Z,3629.2591,3631.7997,3629.228,3629.4298,12647
2023-10-16T02:31:00.000Z,3629.4298,3630.0494,3625.8031,3627.0241,7748
2023-10-16T02:32:00.000Z,3627.0241,3629.9683,3626.3084,3628.0308,12872
2023-10-16T02:33:00.000Z,3628.0308,3629.0012,3626.5644,3626.5644,9468
2023-10-16T02:34:00.000Z,3626.5644,3628.767,3626.375,3628.767,5534
2023-10-16T02:35:00.000Z,3628.767,3630.0386,3628.0824,3630.0386,7114
2023-10-16T02:36:00.000Z,3630.0386,3630.0386,3626.6267,3627.5319,4909
2023-10-16T02:37:00.000Z,3627.5319,3628.9944,3627.4358,3628.9944,2845
2023-10-16T02:38:00.000Z,3628.9944,3629.5029,3628.3748,3629.2607,3241
2023-10-16T02:39:00.000Z,3629.2607,3630.1203,3628.61,3629.5318,4144
2023-10-16T02:40:00.000Z,3629.5318,3632.1375,3629.4357,3630.8983,9864
2023-10-16T02:41:00.000Z,3630.8983,3635.1009,3630.8983,3632.4883,16659
2023-10-16T02:42:00.000Z,3632.4883,3634.8499,3632.4883,3634.8499,5239
2023-10-16T02:43:00.000Z,3634.8499,3635.64,3633.3767,3634.1418,9498
2023-10-16T02:44:00.000Z,3634.1418,3634.7615,3632.5551,3633.2058,8185
2023-10-16T02:45:00.000Z,3633.2058,3633.8337,3630.9057,3631.0018,7179
2023-10-16T02:46:00.000Z,3631.0018,3631.4246,3628.9707,3629.8109,5411
2023-10-16T02:47:00.000Z,3629.8109,3630.4305,3628.9627,3629.7717,3286
2023-10-16T02:48:00.000Z,3629.7717,3630.3913,3628.0941,3628.2213,5302
2023-10-16T02:49:00.000Z,3628.2213,3629.7027,3627.9046,3629.2297,2449
2023-10-16T02:50:00.000Z,3629.2297,3629.5069,3628.5667,3628.8873,1289
2023-10-16T02:51:00.000Z,3628.8873,3629.5069,3627.655,3627.8133,3650
2023-10-16T02:52:00.000Z,3627.8133,3628.4329,3626.7376,3626.7376,2201
2023-10-16T02:53:00.000Z,3626.7376,3627.7388,3626.7376,3627.0231,1140
2023-10-16T02:54:00.000Z,3627.0231,3628.5479,3626.927,3628.5479,2351
2023-10-16T02:55:00.000Z,3628.5479,3628.8145,3627.1503,3628.1949,3158
2023-10-16T02:56:00.000Z,3628.1949,3629.9118,3627.8782,3629.2922,2980
2023-10-16T02:57:00.000Z,3629.2922,3629.9118,3628.0677,3628.5912,2174
2023-10-16T02:58:00.000Z,3628.5912,3629.5613,3628.1015,3628.9417,1489
2023-10-16T02:59:00.000Z,3628.9417,3630.4353,3628.9417,3629.0378,2482
2023-10-16T03:00:00.000Z,3629.0378,3629.6574,3627.3874,3628.1342,2432
2023-10-16T03:01:00.000Z,3628.1342,3628.1342,3626.2346,3627.8243,5249
2023-10-16T03:02:00.000Z,3627.8243,3628.7834,3627.2047,3628.1638,1807
2023-10-16T03:03:00.000Z,3628.1638,3628.1638,3627.1363,3627.787,1977
2023-10-16T03:04:00.000Z,3627.787,3628.8194,3627.1674,3628.8194,1817
2023-10-16T03:05:00.000Z,3628.8194,3628.8627,3628.1567,3628.1567,1207
2023-10-16T03:06:00.000Z,3628.1567,3629.5853,3628.0295,3628.0295,2145
2023-10-16T03:07:00.000Z,3628.0295,3629.783,3627.9077,3629.6247,1251
2023-10-16T03:08:00.000Z,3629.6247,3629.6247,3628.0923,3628.1286,1423
2023-10-16T03:09:00.000Z,3628.1286,3628.7604,3627.2857,3628.0109,2202
2023-10-16T03:10:00.000Z,3628.0109,3630.5247,3628.0109,3629.7156,3162
2023-10-16T03:11:00.000Z,3629.7156,3629.7156,3627.9228,3629.0443,1751
2023-10-16T03:12:00.000Z,3629.0443,3629.6639,3628.0316,3628.7473,940
2023-10-16T03:13:00.000Z,3628.7473,3629.6524,3627.9355,3629.3995,1712
2023-10-16T03:14:00.000Z,3629.3995,3630.3697,3628.7799,3629.5579,1590
2023-10-16T03:15:00.000Z,3629.5579,3630.6552,3629.5579,3630.4008,3388
2023-10-16T03:16:00.000Z,3630.4008,3632.1867,3629.5524,3632.1867,9923
2023-10-16T03:17:00.000Z,3632.1867,3632.9051,3630.2086,3631.0759,3361
2023-10-16T03:18:00.000Z,3631.0759,3632.1705,3630.4563,3631.9034,3595
2023-10-16T03:19:00.000Z,3631.9034,3632.3066,3631.1255,3632.3066,2314
2023-10-16T03:20:00.000Z,3632.3066,3633.2863,3631.6004,3632.285,3182
2023-10-16T03:21:00.000Z,3632.285,3632.3161,3631.4421,3631.4421,2712
2023-10-16T03:22:00.000Z,3631.4421,3633.1713,3631.4421,3633.1713,2509
2023-10-16T03:23:00.000Z,3633.1713,3633.1713,3631.6126,3632.4325,2430
2023-10-16T03:24:00.000Z,3632.4325,3633.3081,3632.4013,3633.2459,1009
2023-10-16T03:25:00.000Z,3633.2459,3633.2459,3630.8199,3631.5479,3184
2023-10-16T03:26:00.000Z,3631.5479,3632.399,3630.8093,3631.4289,2373
2023-10-16T03:27:00.000Z,3631.4289,3633.2703,3630.8093,3632.7468,4382
2023-10-16T03:28:00.000Z,3632.7468,3637.8497,3632.6845,3637.199,17333
2023-10-16T03:29:00.000Z,3637.199,3643.5042,3637.199,3642.8846,28531
2023-10-16T05:30:00.000Z,3644.37,3647.2042,3643.2588,3643.8784,29991
2023-10-16T05:31:00.000Z,3643.8784,3644.6669,3640.8233,3642.0625,13896
2023-10-16T05:32:00.000Z,3642.0625,3644.0008,3640.6389,3644.0008,9805
2023-10-16T05:33:00.000Z,3644.0008,3644.0008,3640.8205,3642.3974,6029
2023-10-16T05:34:00.000Z,3642.3974,3643.017,3641.5234,3641.5234,4577
2023-10-16T05:35:00.000Z,3641.5234,3642.2391,3640.5045,3640.6006,4669
2023-10-16T05:36:00.000Z,3640.6006,3643.8746,3640.5045,3643.7719,5230
2023-10-16T05:37:00.000Z,3643.7719,3643.803,3642.2282,3642.2715,3169
2023-10-16T05:38:00.000Z,3642.2715,3642.8911,3640.4922,3641.3662,3363
2023-10-16T05:39:00.000Z,3641.3662,3644.1183,3641.3662,3643.4987,4011
2023-10-16T05:40:00.000Z,3643.4987,3644.0872,3641.5246,3642.2403,3916
2023-10-16T05:41:00.000Z,3642.2403,3643.0832,3641.6207,3642.293,2347
2023-10-16T05:42:00.000Z,3642.293,3643.6622,3642.1009,3642.9154,3141
2023-10-16T05:43:00.000Z,3642.9154,3644.9679,3642.2958,3644.1588,6015
2023-10-16T05:44:00.000Z,3644.1588,3646.339,3644.1588,3645.7505,7966
2023-10-16T05:45:00.000Z,3645.7505,3647.6256,3644.469,3644.469,8973
2023-10-16T05:46:00.000Z,3644.469,3645.8894,3643.4272,3643.4272,4412
2023-10-16T05:47:00.000Z,3643.4272,3645.2138,3643.3326,3644.5082,2922
2023-10-16T05:48:00.000Z,3644.5082,3645.1279,3642.3446,3642.3757,5075
2023-10-16T05:49:00.000Z,3642.3757,3643.1335,3641.8167,3642.5324,3228
2023-10-16T05:50:00.000Z,3642.5324,3643.3693,3642.3178,3642.3489,2859
2023-10-16T05:51:00.000Z,3642.3489,3643.2225,3641.6982,3642.4291,2036
2023-10-16T05:52:00.000Z,3642.4291,3643.4494,3642.4163,3643.1284,2689
2023-10-16T05:53:00.000Z,3643.1284,3643.1284,3640.9529,3641.4142,4534
2023-10-16T05:54:00.000Z,3641.4142,3644.0958,3640.7946,3643.9375,3370
2023-10-16T05:55:00.000Z,3643.9375,3644.1608,3642.701,3643.5412,2282
2023-10-16T05:56:00.000Z,3643.5412,3644.353,3642.751,3644.2258,2607
2023-10-16T05:57:00.000Z,3644.2258,3645.1309,3643.7022,3643.8606,2852
2023-10-16T05:58:00.000Z,3643.8606,3645.1309,3642.6983,3642.8349,2478
2023-10-16T05:59:00.000Z,3642.8349,3643.4545,3641.8648,3642.5183,1968
2023-10-16T06:00:00.000Z,3642.5183,3644.2292,3641.8987,3643.4824,2343
2023-10-16T06:01:00.000Z,3643.4824,3644.2603,3642.5895,3643.2091,2444
2023-10-16T06:02:00.000Z,3643.2091,3645.2982,3642.5895,3645.0316,3923
2023-10-16T06:03:00.000Z,3645.0316,3645.0316,3643.3796,3643.3796,2857
2023-10-16T06:04:00.000Z,3643.3796,3644.4119,3643.3485,3643.5972,2005
2023-10-16T06:05:00.000Z,3643.5972,3645.1841,3643.405,3644.5645,1766
2023-10-16T06:06:00.000Z,3644.5645,3645.1841,3644.3101,3644.4062,1585
2023-10-16T06:07:00.000Z,3644.4062,3645.0258,3644.279,3644.3806,1307
2023-10-16T06:08:00.000Z,3644.3806,3645.0002,3643.171,3643.171,3118
2023-10-16T06:09:00.000Z,3643.171,3643.171,3641.6151,3641.6435,5305
2023-10-16T06:10:00.000Z,3641.6435,3643.9805,3641.5947,3643.342,3248
2023-10-16T06:11:00.000Z,3643.342,3644.1266,3642.6668,3643.3487,1456
2023-10-16T06:12:00.000Z,3643.3487,3644.9838,3643.3479,3644.3642,2075
2023-10-16T06:13:00.000Z,3644.3642,3646.0162,3644.2709,3645.3966,3714
2023-10-16T06:14:00.000Z,3645.3966,3646.9024,3645.2383,3646.3789,5692
2023-10-16T06:15:00.000Z,3646.3789,3646.9985,3645.5049,3646.8063,2636
2023-10-16T06:16:00.000Z,3646.8063,3646.8063,3644.6037,3645.2233,2706
2023-10-16T06:17:00.000Z,3645.2233,3645.2233,3643.7919,3644.4115,2382
2023-10-16T06:18:00.000Z,3644.4115,3645.9572,3644.4115,3645.3376,1376
2023-10-16T06:19:00.000Z,3645.3376,3646.0844,3645.3376,3646.0127,654
2023-10-16T06:20:00.000Z,3646.0127,3646.1088,3644.6869,3645.347,1722
2023-10-16T06:21:00.000Z,3645.347,3648.8086,3644.7274,3648.8086,6517
2023-10-16T06:22:00.000Z,3648.8086,3651.0251,3648.3162,3649.4619,22816
2023-10-16T06:23:00.000Z,3649.4619,3650.2398,3648.7853,3649.4703,5418
2023-10-16T06:24:00.000Z,3649.4703,3652.2716,3649.4703,3651.652,9989
2023-10-16T06:25:00.000Z,3651.652,3653.3567,3651.3365,3652.6523,9829
2023-10-16T06:26:00.000Z,3652.6523,3653.368,3651.4671,3652.1828,6201
2023-10-16T06:27:00.000Z,3652.1828,3654.2128,3652.1828,3653.4971,5126
2023-10-16T06:28:00.000Z,3653.4971,3658.1505,3653.4971,3657.5931,20148
2023-10-16T06:29:00.000Z,3657.5931,3659.2006,3657.401,3657.6863,10235
2023-10-16T06:30:00.000Z,3657.6863,3659.0216,3655.8019,3657.5228,11628
2023-10-16T06:31:00.000Z,3657.5228,3658.309,3656.653,3658.283,4724
2023-10-16T06:32:00.000Z,3658.283,3659.6991,3657.5673,3659.3632,6485
2023-10-16T06:33:00.000Z,3659.3632,3659.4254,3657.8561,3658.4757,5397
2023-10-16T06:34:00.000Z,3658.4757,3658.4757,3656.6985,3656.6985,3921
2023-10-16T06:35:00.000Z,3656.6985,3657.4919,3655.6253,3655.7766,5475
2023-10-16T06:36:00.000Z,3655.7766,3657.3014,3655.6494,3656.4896,3592
2023-10-16T06:37:00.000Z,3656.4896,3658.1886,3656.4527,3657.2936,3702
2023-10-16T06:38:00.000Z,3657.2936,3657.2936,3655.9583,3656.5901,2365
2023-10-16T06:39:00.000Z,3656.5901,3658.3693,3656.5901,3657.5838,2245
2023-10-16T06:40:00.000Z,3657.5838,3658.2034,3655.3728,3656.0885,4522
2023-10-16T06:41:00.000Z,3656.0885,3656.1791,3655.3362,3655.5595,2624
2023-10-16T06:42:00.000Z,3655.5595,3657.1733,3655.3673,3656.9189,2349
2023-10-16T06:43:00.000Z,3656.9189,3657.0461,3655.5213,3656.237,2434
2023-10-16T06:44:00.000Z,3656.237,3657.2288,3654.9017,3656.547,6472
2023-10-16T06:45:00.000Z,3656.547,3658.0131,3656.547,3658.0131,4749
2023-10-16T06:46:00.000Z,3658.0131,3658.2986,3657.3163,3657.5085,2231
2023-10-16T06:47:00.000Z,3657.5085,3659.1003,3657.5085,3658.9715,4015
2023-10-16T06:48:00.000Z,3658.9715,3660.9425,3658.3518,3660.8298,12414
2023-10-16T06:49:00.000Z,3660.8298,3662.7801,3660.4913,3661.2381,11376
2023-10-16T06:50:00.000Z,3661.2381,3661.3965,3657.8326,3657.9287,7633
2023-10-16T06:51:00.000Z,3657.9287,3659.862,3657.8326,3659.2424,6307
2023-10-16T06:52:00.000Z,3659.2424,3662.0234,3659.2052,3662.0167,6600
2023-10-16T06:53:00.000Z,3662.0167,3662.0939,3661.2388,3661.9978,3708
2023-10-16T06:54:00.000Z,3661.9978,3663.0123,3661.3603,3661.3603,7051
2023-10-16T06:55:00.000Z,3661.3603,3662.0646,3660.8065,3661.8941,4716
2023-10-16T06:56:00.000Z,3661.8941,3661.8941,3659.4649,3660.5044,5269
2023-10-16T06:57:00.000Z,3660.5044,3660.5044,3658.8898,3658.9209,6622
2023-10-16T06:58:00.000Z,3658.9209,3659.509,3657.857,3658.6631,5603
2023-10-16T06:59:00.000Z,3658.6631,3659.802,3657.7792,3658.0971,13346
2023-10-16T13:00:00.000Z,3661.3408,3661.3408,3654.727,3654.727,60285
2023-10-16T13:01:00.000Z,3654.727,3656.7459,3654.4737,3655.7982,9070
2023-10-16T13:02:00.000Z,3655.7982,3657.3708,3654.9839,3656.7554,10147
2023-10-16T13:03:00.000Z,3656.7554,3656.8548,3654.385,3654.385,5497
2023-10-16T13:04:00.000Z,3654.385,3656.1368,3654.385,3654.4499,5472
2023-10-16T13:05:00.000Z,3654.4499,3655.0653,3651.5264,3651.5264,14216
2023-10-16T13:06:00.000Z,3651.5264,3654.0754,3651.4838,3652.3526,10094
2023-10-16T13:07:00.000Z,3652.3526,3653.0794,3651.3337,3651.5029,5845
2023-10-16T13:08:00.000Z,3651.5029,3652.7064,3650.1546,3650.9689,9083
2023-10-16T13:09:00.000Z,3650.9689,3652.7313,3650.9689,3651.737,7374
2023-10-16T13:10:00.000Z,3651.737,3654.5077,3651.737,3652.5559,6037
2023-10-16T13:11:00.000Z,3652.5559,3652.7548,3649.9605,3650.06,5820
2023-10-16T13:12:00.000Z,3650.06,3651.7529,3649.4445,3650.3223,7431
2023-10-16T13:13:00.000Z,3650.3223,3652.0428,3650.3223,3651.4152,3390
2023-10-16T13:14:00.000Z,3651.4152,3653.8159,3651.4152,3653.1852,5304
2023-10-16T13:15:00.000Z,3653.1852,3653.8007,3651.5157,3652.1311,4563
2023-10-16T13:16:00.000Z,3652.1311,3652.1311,3649.0524,3649.0524,7941
2023-10-16T13:17:00.000Z,3649.0524,3649.613,3646.1013,3647.7459,9750
2023-10-16T13:18:00.000Z,3647.7459,3649.3235,3647.7026,3648.5145,5178
2023-10-16T13:19:00.000Z,3648.5145,3648.5145,3646.0845,3647.4837,6283
2023-10-16T13:20:00.000Z,3647.4837,3648.629,3646.6027,3648.5296,2896
2023-10-16T13:21:00.000Z,3648.5296,3648.5296,3646.2908,3646.8068,3533
2023-10-16T13:22:00.000Z,3646.8068,3647.687,3646.0546,3646.67,3224
2023-10-16T13:23:00.000Z,3646.67,3648.4869,3646.154,3648.2213,3800
2023-10-16T13:24:00.000Z,3648.2213,3648.2407,3646.6033,3646.7302,2581
2023-10-16T13:25:00.000Z,3646.7302,3647.5118,3646.7065,3647.322,2271
2023-10-16T13:26:00.000Z,3647.322,3647.9992,3646.6689,3647.5499,3064
2023-10-16T13:27:00.000Z,3647.5499,3647.7488,3646.9345,3647.7488,1419
2023-10-16T13:28:00.000Z,3647.7488,3647.7488,3645.935,3645.935,3758
2023-10-16T13:29:00.000Z,3645.935,3647.4256,3645.935,3646.7828,3654
2023-10-16T13:30:00.000Z,3646.7828,3648.4667,3646.6833,3648.4667,2501
2023-10-16T13:31:00.000Z,3648.4667,3648.5215,3646.5946,3646.5946,3522
2023-10-16T13:32:00.000Z,3646.5946,3646.5946,3644.0609,3645.5848,8423
2023-10-16T13:33:00.000Z,3645.5848,3645.597,3644.8821,3645.5696,1906
2023-10-16T13:34:00.000Z,3645.5696,3646.6685,3645.5696,3645.8869,1707
2023-10-16T13:35:00.000Z,3645.8869,3646.6685,3645.8869,3646.6685,1125
2023-10-16T13:36:00.000Z,3646.6685,3646.6685,3644.1997,3644.2271,5519
2023-10-16T13:37:00.000Z,3644.2271,3644.9614,3644.0404,3644.7553,2103
2023-10-16T13:38:00.000Z,3644.7553,3645.5643,3644.1398,3645.5643,2149
2023-10-16T13:39:00.000Z,3645.5643,3645.7578,3644.8768,3645.4922,1284
2023-10-16T13:40:00.000Z,3645.4922,3645.5917,3644.8768,3645.5917,1061
2023-10-16T13:41:00.000Z,3645.5917,3645.7578,3644.0404,3644.7106,3068
2023-10-16T13:42:00.000Z,3644.7106,3644.8101,3644.0952,3644.8101,1467
2023-10-16T13:43:00.000Z,3644.8101,3645.7578,3644.0952,3645.6584,2467
2023-10-16T13:44:00.000Z,3645.6584,3647.2283,3645.6584,3646.6129,3793
2023-10-16T13:45:00.000Z,3646.6129,3647.6481,3646.6129,3646.8391,2046
2023-10-16T13:46:00.000Z,3646.8391,3648.5131,3646.8391,3648.2476,2662
2023-10-16T13:47:00.000Z,3648.2476,3648.4259,3647.5326,3648.4259,3550
2023-10-16T13:48:00.000Z,3648.4259,3648.4259,3646.9285,3647.6434,1278
2023-10-16T13:49:00.000Z,3647.6434,3647.6434,3646.9285,3647.544,1644
2023-10-16T13:50:00.000Z,3647.544,3649.0679,3647.544,3649.0679,1909
2023-10-16T13:51:00.000Z,3649.0679,3649.0679,3646.7624,3646.8618,3879
2023-10-16T13:52:00.000Z,3646.8618,3647.6434,3646.7624,3646.9285,950
2023-10-16T13:53:00.000Z,3646.9285,3648.2513,3646.9285,3647.6359,1287
2023-10-16T13:54:00.000Z,3647.6359,3648.4579,3647.0478,3647.8424,1831
2023-10-16T13:55:00.000Z,3647.8424,3648.4829,3647.252,3647.2641,701
2023-10-16T13:56:00.000Z,3647.2641,3647.907,3647.1254,3647.1254,455
2023-10-16T13:57:00.000Z,3647.1254,3647.7408,3647.098,3647.7134,1172
2023-10-16T13:58:00.000Z,3647.7134,3647.7134,3646.1956,3646.1956,1672
2023-10-16T13:59:00.000Z,3646.1956,3649.1813,3645.9026,3648.5658,4202
2023-10-16T14:00:00.000Z,3648.5658,3649.2127,3647.8002,3647.855,1359
2023-10-16T14:01:00.000Z,3647.855,3648.5699,3646.8677,3646.9671,1149
2023-10-16T14:02:00.000Z,3646.9671,3648.597,3646.9671,3647.6493,1991
2023-10-16T14:03:00.000Z,3647.6493,3648.2647,3646.1254,3646.7408,2382
2023-10-16T14:04:00.000Z,3646.7408,3646.7408,3645.8324,3646.6414,805
2023-10-16T14:05:00.000Z,3646.6414,3646.6414,3645.289,3645.3164,2863
2023-10-16T14:06:00.000Z,3645.3164,3646.8281,3645.3164,3646.8007,1890
2023-10-16T14:07:00.000Z,3646.8007,3646.8129,3645.0901,3645.0901,1775
2023-10-16T14:08:00.000Z,3645.0901,3646.6804,3644.9239,3646.6804,2553
2023-10-16T14:09:00.000Z,3646.6804,3646.7798,3645.4494,3646.5809,1359
2023-10-16T14:10:00.000Z,3646.5809,3646.7839,3645.9655,3646.7839,941
2023-10-16T14:11:00.000Z,3646.7839,3646.7839,3645.1879,3646.4188,2696
2023-10-16T14:12:00.000Z,3646.4188,3647.4251,3645.8034,3646.8096,1359
2023-10-16T14:13:00.000Z,3646.8096,3648.4784,3646.7883,3647.576,2369
2023-10-16T14:14:00.000Z,3647.576,3648.2188,3646.9605,3648.2188,763
2023-10-16T14:15:00.000Z,3648.2188,3648.3183,3647.6034,3648.2188,764
2023-10-16T14:16:00.000Z,3648.2188,3648.2188,3646.7944,3647.576,910
2023-10-16T14:17:00.000Z,3647.576,3647.576,3646.9605,3647.576,536
2023-10-16T14:18:00.000Z,3647.576,3648.1914,3647.4765,3647.576,843
2023-10-16T14:19:00.000Z,3647.576,3648.1914,3646.8611,3646.8611,934
2023-10-16T14:20:00.000Z,3646.8611,3649.1516,3646.8611,3649.0934,2032
2023-10-16T14:21:00.000Z,3649.0934,3649.4343,3648.478,3648.6025,2221
2023-10-16T14:22:00.000Z,3648.6025,3648.6299,3647.8483,3647.8483,1016
2023-10-16T14:23:00.000Z,3647.8483,3648.4638,3646.9792,3647.5733,1868
2023-10-16T14:24:00.000Z,3647.5733,3648.1888,3646.9305,3647.5886,1693
2023-10-16T14:25:00.000Z,3647.5886,3647.5886,3646.8191,3646.8191,613
2023-10-16T14:26:00.000Z,3646.8191,3648.4425,3646.8191,3647.827,1079
2023-10-16T14:27:00.000Z,3647.827,3648.4425,3647.1121,3647.7276,1092
2023-10-16T14:28:00.000Z,3647.7276,3648.2436,3647.0127,3647.6281,811
2023-10-16T14:29:00.000Z,3647.6281,3648.3187,3646.8222,3647.7032,378
2023-10-16T14:30:00.000Z,3647.7032,3648.3187,3647.7032,3648.3187,558
2023-10-16T14:31:00.000Z,3648.3187,3648.4181,3647.7032,3648.3703,1146
2023-10-16T14:32:00.000Z,3648.3703,3648.3703,3647.7548,3648.3703,407
2023-10-16T14:33:00.000Z,3648.3703,3648.5364,3646.9131,3647.628,1732
2023-10-16T14:34:00.000Z,3647.628,3647.628,3645.8283,3645.9808,2493
2023-10-16T14:35:00.000Z,3645.9808,3646.7951,3645.8174,3645.8174,974
2023-10-16T14:36:00.000Z,3645.8174,3646.593,3645.7718,3646.5862,1004
2023-10-16T14:37:00.000Z,3646.5862,3646.5862,3644.9282,3644.9282,2536
2023-10-16T14:38:00.000Z,3644.9282,3645.5436,3644.9069,3644.9069,1163
2023-10-16T14:39:00.000Z,3644.9069,3645.5223,3644.8074,3645.5153,1568
2023-10-16T14:40:00.000Z,3645.5153,3646.4086,3645.5153,3645.7931,1231
2023-10-16T14:41:00.000Z,3645.7931,3646.5869,3645.7931,3646.5869,1126
2023-10-16T14:42:00.000Z,3646.5869,3647.2023,3646.5869,3647.2023,442
2023-10-16T14:43:00.000Z,3647.2023,3647.5007,3646.5869,3646.6863,715
2023-10-16T14:44:00.000Z,3646.6863,3647.3018,3646.6863,3646.6863,871
2023-10-16T14:45:00.000Z,3646.6863,3650.2028,3646.6863,3648.4072,7198
2023-10-16T14:46:00.000Z,3648.4072,3649.1221,3648.2198,3648.8352,2941
2023-10-16T14:47:00.000Z,3648.8352,3648.8352,3645.53,3646.1455,2905
2023-10-16T14:48:00.000Z,3646.1455,3646.1694,3645.3077,3646.0032,1758
2023-10-16T14:49:00.000Z,3646.0032,3646.1968,3644.5907,3644.5907,2278
2023-10-16T14:50:00.000Z,3644.5907,3645.2728,3644.4638,3644.4638,1621
2023-10-16T14:51:00.000Z,3644.4638,3645.1787,3644.4638,3644.4638,706
2023-10-16T14:52:00.000Z,3644.4638,3645.0542,3642.5801,3643.3617,7660
2023-10-16T14:53:00.000Z,3643.3617,3644.1088,3642.4461,3644.1088,5974
2023-10-16T14:54:00.000Z,3644.1088,3644.1406,3642.5317,3642.5317,2435
2023-10-16T14:55:00.000Z,3642.5317,3644.7948,3642.5317,3644.1794,4260
2023-10-16T14:56:00.000Z,3644.1794,3645.079,3643.9138,3645.079,1372
2023-10-16T14:57:00.000Z,3645.079,3645.079,3643.5399,3644.339,2096
2023-10-16T14:58:00.000Z,3644.339,3644.9836,3643.3534,3644.7594,2985
2023-10-16T14:59:00.000Z,3644.7594,3645.1113,3643.2673,3643.8828,4851
2023-10-17T01:00:00.000Z,3644.4753,3644.4753,3640.5597,3641.0635,28838
2023-10-17T01:01:00.000Z,3641.0635,3644.2057,3639.9555,3642.7538,5968
2023-10-17T01:02:00.000Z,3642.7538,3643.9782,3641.7459,3643.9782,3550
2023-10-17T01:03:00.000Z,3643.9782,3644.7119,3643.1639,3644.0965,2228
2023-10-17T01:04:00.000Z,3644.0965,3645.4796,3643.2439,3645.4796,4635
2023-10-17T01:05:00.000Z,3645.4796,3648.3955,3644.1493,3645.9428,7656
2023-10-17T01:06:00.000Z,3645.9428,3647.6786,3645.7493,3647.5792,3012
2023-10-17T01:07:00.000Z,3647.5792,3647.5792,3644.3771,3644.4766,5228
2023-10-17T01:08:00.000Z,3644.4766,3648.7016,3644.3104,3648.7016,4302
2023-10-17T01:09:00.000Z,3648.7016,3648.7016,3647.0533,3647.7682,3686
2023-10-17T01:10:00.000Z,3647.7682,3648.4111,3646.3164,3648.4111,3090
2023-10-17T01:11:00.000Z,3648.4111,3648.4111,3646.1837,3646.7992,1936
2023-10-17T01:12:00.000Z,3646.7992,3646.8986,3645.3027,3645.9181,1200
2023-10-17T01:13:00.000Z,3645.9181,3646.9927,3645.342,3646.5729,1895
2023-10-17T01:14:00.000Z,3646.5729,3646.7992,3645.9574,3646.7413,831
2023-10-17T01:15:00.000Z,3646.7413,3646.7413,3645.8995,3646.6418,796
2023-10-17T01:16:00.000Z,3646.6418,3649.7793,3646.0264,3649.7793,4992
2023-10-17T01:17:00.000Z,3649.7793,3649.7793,3648.7715,3649.7733,3385
2023-10-17T01:18:00.000Z,3649.7733,3649.7733,3647.1481,3647.7636,3001
2023-10-17T01:19:00.000Z,3647.7636,3650.6054,3647.3196,3650.6054,3596
2023-10-17T01:20:00.000Z,3650.6054,3653.3172,3649.8512,3652.5558,7896
2023-10-17T01:21:00.000Z,3652.5558,3653.5506,3651.9403,3652.0957,4309
2023-10-17T01:22:00.000Z,3652.0957,3653.3266,3652.088,3653.0479,2152
2023-10-17T01:23:00.000Z,3653.0479,3653.4663,3652.1669,3652.9153,2317
2023-10-17T01:24:00.000Z,3652.9153,3655.653,3652.3272,3654.772,4725
2023-10-17T01:25:00.000Z,3654.772,3654.772,3653.176,3653.4416,4526
2023-10-17T01:26:00.000Z,3653.4416,3654.1565,3652.295,3653.9661,3626
2023-10-17T01:27:00.000Z,3653.9661,3653.9661,3652.4368,3652.4368,2277
2023-10-17T01:28:00.000Z,3652.4368,3653.9576,3652.4368,3653.9576,1991
2023-10-17T01:29:00.000Z,3653.9576,3655.7593,3653.2517,3654.6488,4231
2023-10-17T01:30:00.000Z,3654.6488,3655.2642,3652.304,3654.1078,4590
2023-10-17T01:31:00.000Z,3654.1078,3655.493,3653.4257,3653.4257,2358
2023-10-17T01:32:00.000Z,3653.4257,3654.0411,3651.4159,3651.4159,5985
2023-10-17T01:33:00.000Z,3651.4159,3652.0314,3649.6711,3650.8396,4086
2023-10-17T01:34:00.000Z,3650.8396,3651.4551,3650.502,3650.502,1867
2023-10-17T01:35:00.000Z,3650.502,3651.2836,3649.8591,3649.8591,2344
2023-10-17T01:36:00.000Z,3649.8591,3650.4259,3648.7359,3649.5386,2877
2023-10-17T01:37:00.000Z,3649.5386,3650.5137,3648.9231,3650.447,2625
2023-10-17T01:38:00.000Z,3650.447,3650.447,3649.05,3649.05,1089
2023-10-17T01:39:00.000Z,3649.05,3649.6654,3648.7658,3649.3812,1688
2023-10-17T01:40:00.000Z,3649.3812,3650.401,3647.7904,3647.7904,3901
2023-10-17T01:41:00.000Z,3647.7904,3648.4058,3646.1555,3646.771,5262
2023-10-17T01:42:00.000Z,3646.771,3647.6383,3645.2638,3647.6383,3887
2023-10-17T01:43:00.000Z,3647.6383,3647.8318,3647.0228,3647.1497,906
2023-10-17T01:44:00.000Z,3647.1497,3648.6735,3646.1174,3646.2169,3629
2023-10-17T01:45:00.000Z,3646.2169,3649.3713,3646.1174,3648.7559,4160
2023-10-17T01:46:00.000Z,3648.7559,3649.7888,3647.1653,3647.7807,3457
2023-10-17T01:47:00.000Z,3647.7807,3647.7807,3644.1797,3644.2791,7314
2023-10-17T01:48:00.000Z,3644.2791,3646.5666,3644.2791,3645.0153,2461
2023-10-17T01:49:00.000Z,3645.0153,3646.4398,3644.3999,3645.2089,1785
2023-10-17T01:50:00.000Z,3645.2089,3646.5792,3645.2089,3645.9238,2609
2023-10-17T01:51:00.000Z,3645.9238,3646.5824,3644.8976,3645.7119,1502
2023-10-17T01:52:00.000Z,3645.7119,3646.6204,3644.8839,3645.7524,1631
2023-10-17T01:53:00.000Z,3645.7524,3645.7524,3644.8303,3644.8303,1256
2023-10-17T01:54:00.000Z,3644.8303,3644.8303,3643.0942,3643.7097,4577
2023-10-17T01:55:00.000Z,3643.7097,3646.1938,3643.7097,3644.8086,1770
2023-10-17T01:56:00.000Z,3644.8086,3647.0756,3644.8086,3646.3881,2540
2023-10-17T01:57:00.000Z,3646.3881,3646.4867,3645.0349,3645.0349,2503
2023-10-17T01:58:00.000Z,3645.0349,3646.5298,3645.0349,3646.5298,844
2023-10-17T01:59:00.000Z,3646.5298,3648.0727,3646.5298,3647.512,3508
2023-10-17T02:00:00.000Z,3647.512,3647.512,3645.7767,3645.7767,2116
2023-10-17T02:01:00.000Z,3645.7767,3646.519,3645.1219,3645.6826,1796
2023-10-17T02:02:00.000Z,3645.6826,3647.3574,3645.5953,3646.5758,1375
2023-10-17T02:03:00.000Z,3646.5758,3649.1248,3646.5758,3648.3432,3275
2023-10-17T02:04:00.000Z,3648.3432,3650.5036,3648.3432,3649.8882,2697
2023-10-17T02:05:00.000Z,3649.8882,3651.8986,3649.8882,3650.4867,5583
2023-10-17T02:06:00.000Z,3650.4867,3651.1022,3649.4514,3650.9605,3093
2023-10-17T02:07:00.000Z,3650.9605,3650.9605,3649.5634,3649.5634,1620
2023-10-17T02:08:00.000Z,3649.5634,3650.7943,3648.6347,3650.2855,2069
2023-10-17T02:09:00.000Z,3650.2855,3652.9956,3649.67,3652.2807,4342
2023-10-17T02:10:00.000Z,3652.2807,3653.5116,3652.2533,3652.8961,2688
2023-10-17T02:11:00.000Z,3652.8961,3652.8961,3651.3722,3652.1538,2188
2023-10-17T02:12:00.000Z,3652.1538,3653.0349,3651.6458,3652.2613,2356
2023-10-17T02:13:00.000Z,3652.2613,3652.9174,3651.5055,3652.121,2395
2023-10-17T02:14:00.000Z,3652.121,3653.0554,3651.5055,3651.8245,1879
2023-10-17T02:30:00.000Z,3652.4206,3652.4926,3649.5078,3652.227,3879
2023-10-17T02:31:00.000Z,3652.227,3653.4831,3651.6116,3653.4831,2946
2023-10-17T02:32:00.000Z,3653.4831,3654.3017,3651.845,3652.4605,3436
2023-10-17T02:33:00.000Z,3652.4605,3652.5599,3650.8577,3652.4483,1713
2023-10-17T02:34:00.000Z,3652.4483,3654.5852,3651.8329,3653.9698,4027
2023-10-17T02:35:00.000Z,3653.9698,3654.5852,3652.1136,3652.1136,1618
2023-10-17T02:36:00.000Z,3652.1136,3654.506,3652.1136,3653.1756,3283
2023-10-17T02:37:00.000Z,3653.1756,3654.3071,3652.91,3653.5271,1486
2023-10-17T02:38:00.000Z,3653.5271,3657.176,3652.9117,3656.4611,7048
2023-10-17T02:39:00.000Z,3656.4611,3657.1009,3654.0746,3655.4473,3362
2023-10-17T02:40:00.000Z,3655.4473,3655.6462,3653.0538,3653.8681,2233
2023-10-17T02:41:00.000Z,3653.8681,3654.8473,3653.2527,3654.5817,1888
2023-10-17T02:42:00.000Z,3654.5817,3654.5886,3651.2674,3651.8829,3114
2023-10-17T02:43:00.000Z,3651.8829,3651.8829,3650.3347,3650.9131,2456
2023-10-17T02:44:00.000Z,3650.9131,3652.3207,3650.0243,3650.684,2386
2023-10-17T02:45:00.000Z,3650.684,3650.7591,3649.9501,3649.9501,1000
2023-10-17T02:46:00.000Z,3649.9501,3650.6505,3649.2139,3649.9356,2486
2023-10-17T02:47:00.000Z,3649.9356,3650.6505,3649.9356,3650.6129,502
2023-10-17T02:48:00.000Z,3650.6129,3650.6129,3649.8313,3650.4467,327
2023-10-17T02:49:00.000Z,3650.4467,3650.5736,3649.8313,3649.9581,590
2023-10-17T02:50:00.000Z,3649.9581,3652.1748,3649.9581,3652.1748,1838
2023-10-17T02:51:00.000Z,3652.1748,3654.9732,3651.5594,3653.8547,3550
2023-10-17T02:52:00.000Z,3653.8547,3654.5097,3653.7552,3654.4975,710
2023-10-17T02:53:00.000Z,3654.4975,3657.8341,3653.8821,3657.2186,7060
2023-10-17T02:54:00.000Z,3657.2186,3659.2172,3656.9815,3658.3118,7166
2023-10-17T02:55:00.000Z,3658.3118,3658.4506,3657.0208,3657.8473,3825
2023-10-17T02:56:00.000Z,3657.8473,3658.4757,3656.8554,3657.8603,2789
2023-10-17T02:57:00.000Z,3657.8603,3660.6699,3657.8603,3659.8882,5998
2023-10-17T02:58:00.000Z,3659.8882,3660.4793,3658.9554,3658.9707,3169
2023-10-17T02:59:00.000Z,3658.9707,3659.5983,3658.305,3659.5146,2924
2023-10-17T03:00:00.000Z,3659.5146,3659.6808,3658.3111,3659.5694,3464
2023-10-17T03:01:00.000Z,3659.5694,3661.2785,3658.8545,3660.6995,5591
2023-10-17T03:02:00.000Z,3660.6995,3666.0304,3660.0841,3665.2214,16297
2023-10-17T03:03:00.000Z,3665.2214,3665.4089,3663.6194,3664.2146,9051
2023-10-17T03:04:00.000Z,3664.2146,3664.842,3662.4939,3662.8198,4977
2023-10-17T03:05:00.000Z,3662.8198,3664.8475,3662.7082,3664.3315,3754
2023-10-17T03:06:00.000Z,3664.3315,3665.0715,3663.508,3664.4286,3546
2023-10-17T03:07:00.000Z,3664.4286,3665.2376,3664.3068,3664.4729,2176
2023-10-17T03:08:00.000Z,3664.4729,3670.3866,3664.4607,3670.3866,20113
2023-10-17T03:09:00.000Z,3670.3866,3670.965,3668.247,3668.5494,7555
2023-10-17T03:10:00.000Z,3668.5494,3671.7844,3668.5494,3670.8239,13572
2023-10-17T03:11:00.000Z,3670.8239,3673.6427,3669.2333,3671.8681,12927
2023-10-17T03:12:00.000Z,3671.8681,3673.3626,3670.1,3671.5214,8675
2023-10-17T03:13:00.000Z,3671.5214,3671.6208,3669.8721,3670.7927,5826
2023-10-17T03:14:00.000Z,3670.7927,3673.4787,3670.2645,3672.7638,11774
2023-10-17T03:15:00.000Z,3672.7638,3672.7679,3670.0763,3670.7377,6764
2023-10-17T03:16:00.000Z,3670.7377,3671.6187,3669.2881,3670.1411,5357
2023-10-17T03:17:00.000Z,3670.1411,3670.9997,3668.3205,3668.9961,6202
2023-10-17T03:18:00.000Z,3668.9961,3669.1622,3667.4394,3668.1543,4734
2023-10-17T03:19:00.000Z,3668.1543,3670.1571,3668.1543,3669.3963,5306
2023-10-17T03:20:00.000Z,3669.3963,3670.1297,3668.5337,3669.3153,2558
2023-10-17T03:21:00.000Z,3669.3153,3671.1226,3669.0731,3670.5071,2043
2023-10-17T03:22:00.000Z,3670.5071,3671.2152,3667.546,3667.546,4506
2023-10-17T03:23:00.000Z,3667.546,3667.675,3665.9607,3666.6639,4838
2023-10-17T03:24:00.000Z,3666.6639,3667.391,3665.8671,3666.8354,2915
2023-10-17T03:25:00.000Z,3666.8354,3668.3978,3666.1205,3668.3978,3272
2023-10-17T03:26:00.000Z,3668.3978,3670.0607,3667.7823,3670.0607,2422
2023-10-17T03:27:00.000Z,3670.0607,3670.1875,3668.2063,3668.5562,1918
2023-10-17T03:28:00.000Z,3668.5562,3669.4364,3666.9328,3668.0066,3241
2023-10-17T03:29:00.000Z,3668.0066,3668.5947,3666.1848,3667.7561,4274
2023-10-17T05:30:00.000Z,3666.9793,3666.9793,3661.0547,3661.0547,12665
2023-10-17T05:31:00.000Z,3661.0547,3662.4258,3660.9416,3661.9371,4494
2023-10-17T05:32:00.000Z,3661.9371,3662.7187,3660.9757,3661.0776,3379
2023-10-17T05:33:00.000Z,3661.0776,3661.6931,3659.9158,3660.8529,5095
2023-10-17T05:34:00.000Z,3660.8529,3661.4684,3659.3969,3660.1118,3191
2023-10-17T05:35:00.000Z,3660.1118,3661.9215,3659.4963,3661.822,2504
2023-10-17T05:36:00.000Z,3661.822,3661.822,3659.9979,3660.1968,2536
2023-10-17T05:37:00.000Z,3660.1968,3660.8123,3657.4715,3658.2531,7396
2023-10-17T05:38:00.000Z,3658.2531,3659.0674,3657.5382,3658.1536,3573
2023-10-17T05:39:00.000Z,3658.1536,3659.9504,3657.5382,3658.8979,4404
2023-10-17T05:40:00.000Z,3658.8979,3661.4023,3658.8979,3660.7868,3071
2023-10-17T05:41:00.000Z,3660.7868,3661.6953,3660.7868,3660.9256,1927
2023-10-17T05:42:00.000Z,3660.9256,3661.6405,3659.1607,3660.2079,2215
2023-10-17T05:43:00.000Z,3660.2079,3661.7307,3659.6199,3661.7307,1932
2023-10-17T05:44:00.000Z,3661.7307,3661.7307,3660.0921,3660.9064,1153
2023-10-17T05:45:00.000Z,3660.9064,3661.0726,3658.3051,3658.3051,2768
2023-10-17T05:46:00.000Z,3658.3051,3660.6308,3658.1669,3660.6308,2995
2023-10-17T05:47:00.000Z,3660.6308,3660.7424,3660.0153,3660.715,1016
2023-10-17T05:48:00.000Z,3660.715,3660.9958,3659.2063,3660.7969,3502
2023-10-17T05:49:00.000Z,3660.7969,3662.6075,3660.7541,3662.6075,4717
2023-10-17T05:50:00.000Z,3662.6075,3662.7737,3661.9921,3662.7463,1860
2023-10-17T05:51:00.000Z,3662.7463,3664.3584,3661.5875,3663.7186,4498
2023-10-17T05:52:00.000Z,3663.7186,3664.334,3662.937,3663.0037,1458
2023-10-17T05:53:00.000Z,3663.0037,3663.6191,3662.02,3662.6354,1831
2023-10-17T05:54:00.000Z,3662.6354,3664.5758,3662.02,3664.5099,1951
2023-10-17T05:55:00.000Z,3664.5099,3664.6761,3662.9015,3664.2985,1314
2023-10-17T05:56:00.000Z,3664.2985,3664.3236,3663.683,3663.7081,1090
2023-10-17T05:57:00.000Z,3663.7081,3665.5372,3663.7081,3665.371,2083
2023-10-17T05:58:00.000Z,3665.371,3666.1201,3664.6185,3666.1201,2085
2023-10-17T05:59:00.000Z,3666.1201,3666.1201,3664.1076,3664.6409,2676
2023-10-17T06:00:00.000Z,3664.6409,3665.4225,3663.2165,3664.1249,2804
2023-10-17T06:01:00.000Z,3664.1249,3665.4499,3663.482,3664.0975,2185
2023-10-17T06:02:00.000Z,3664.0975,3664.7133,3663.998,3664.6138,779
2023-10-17T06:03:00.000Z,3664.6138,3664.8074,3663.5491,3664.1919,1424
2023-10-17T06:04:00.000Z,3664.1919,3664.1919,3662.5019,3662.5019,2596
2023-10-17T06:05:00.000Z,3662.5019,3663.1173,3659.9154,3660.7122,4703
2023-10-17T06:06:00.000Z,3660.7122,3663.2561,3660.7,3663.2561,3306
2023-10-17T06:07:00.000Z,3663.2561,3667.2678,3663.1841,3667.2678,5675
2023-10-17T06:08:00.000Z,3667.2678,3667.5456,3665.9276,3665.955,2739
2023-10-17T06:09:00.000Z,3665.955,3666.5704,3664.2952,3664.9106,2256
2023-10-17T06:10:00.000Z,3664.9106,3665.6922,3663.2629,3663.2629,1660
2023-10-17T06:11:00.000Z,3663.2629,3663.8784,3662.0465,3662.0465,2049
2023-10-17T06:12:00.000Z,3662.0465,3665.5277,3662.0465,3664.8455,2088
2023-10-17T06:13:00.000Z,3664.8455,3665.461,3664.1376,3664.7409,1148
2023-10-17T06:14:00.000Z,3664.7409,3664.7409,3663.2073,3663.8471,1957
2023-10-17T06:15:00.000Z,3663.8471,3665.4704,3663.6809,3663.9739,1359
2023-10-17T06:16:00.000Z,3663.9739,3664.5894,3662.9596,3663.1585,1459
2023-10-17T06:17:00.000Z,3663.1585,3664.4561,3662.9596,3664.4006,791
2023-10-17T06:18:00.000Z,3664.4006,3665.5534,3663.7851,3664.5961,1260
2023-10-17T06:19:00.000Z,3664.5961,3664.5961,3663.5697,3663.6692,943
2023-10-17T06:20:00.000Z,3663.6692,3664.4175,3661.8934,3661.8934,2624
2023-10-17T06:21:00.000Z,3661.8934,3662.5088,3660.8855,3661.0844,1795
2023-10-17T06:22:00.000Z,3661.0844,3662.5088,3661.0844,3661.8934,1564
2023-10-17T06:23:00.000Z,3661.8934,3662.6083,3661.2293,3661.3287,708
2023-10-17T06:24:00.000Z,3661.3287,3661.9442,3659.4327,3659.4601,3759
2023-10-17T06:25:00.000Z,3659.4601,3660.0755,3658.4381,3658.7311,4531
2023-10-17T06:26:00.000Z,3658.7311,3659.8199,3657.9495,3659.2045,4686
2023-10-17T06:27:00.000Z,3659.2045,3660.7679,3658.4896,3660.7679,2339
2023-10-17T06:28:00.000Z,3660.7679,3662.3204,3659.9815,3661.705,2522
2023-10-17T06:29:00.000Z,3661.705,3662.3204,3660.9234,3661.705,821
2023-10-17T06:30:00.000Z,3661.705,3661.705,3660.2805,3660.896,1099
2023-10-17T06:31:00.000Z,3660.896,3660.896,3660.2257,3660.2257,870
2023-10-17T06:32:00.000Z,3660.2257,3661.0469,3660.1263,3661.0469,925
2023-10-17T06:33:00.000Z,3661.0469,3662.5708,3660.0991,3660.0991,2252
2023-10-17T06:34:00.000Z,3660.0991,3660.7146,3658.4091,3658.4758,2492
2023-10-17T06:35:00.000Z,3658.4758,3659.8062,3658.3097,3659.7754,1038
2023-10-17T06:36:00.000Z,3659.7754,3662.2978,3659.1599,3659.9786,3483
2023-10-17T06:37:00.000Z,3659.9786,3660.4946,3658.1617,3658.8931,1727
2023-10-17T06:38:00.000Z,3658.8931,3658.9926,3657.3155,3657.4816,4565
2023-10-17T06:39:00.000Z,3657.4816,3659.671,3657.4816,3658.5074,2988
2023-10-17T06:40:00.000Z,3658.5074,3659.4542,3657.6951,3659.2037,2850
2023-10-17T06:41:00.000Z,3659.2037,3660.755,3659.2037,3660.1396,2005
2023-10-17T06:42:00.000Z,3660.1396,3660.6556,3659.291,3659.291,1358
2023-10-17T06:43:00.000Z,3659.291,3660.8149,3659.1249,3660.0333,1424
2023-10-17T06:44:00.000Z,3660.0333,3661.5541,3660.0333,3660.6597,2404
2023-10-17T06:45:00.000Z,3660.6597,3661.402,3660.6597,3660.7866,435
2023-10-17T06:46:00.000Z,3660.7866,3661.402,3659.7787,3659.9722,1507
2023-10-17T06:47:00.000Z,3659.9722,3660.6597,3658.0886,3658.0886,1792
2023-10-17T06:48:00.000Z,3658.0886,3658.8035,3657.3463,3657.9618,1966
2023-10-17T06:49:00.000Z,3657.9618,3657.9618,3654.9247,3655.0242,7283
2023-10-17T06:50:00.000Z,3655.0242,3656.8004,3655.0242,3656.1599,3501
2023-10-17T06:51:00.000Z,3656.1599,3656.7753,3655.155,3655.8699,6187
2023-10-17T06:52:00.000Z,3655.8699,3655.9064,3654.3734,3655.5658,3573
2023-10-17T06:53:00.000Z,3655.5658,3655.9206,3654.2699,3654.9503,4126
2023-10-17T06:54:00.000Z,3654.9503,3656.055,3654.3227,3656.055,3187
2023-10-17T06:55:00.000Z,3656.055,3656.055,3653.4897,3654.044,7159
2023-10-17T06:56:00.000Z,3654.044,3654.044,3650.0859,3650.0985,14181
2023-10-17T06:57:00.000Z,3650.0985,3650.3502,3648.0393,3649.0073,15271
2023-10-17T06:58:00.000Z,3649.0073,3651.3941,3648.9893,3650.5798,11124
2023-10-17T06:59:00.000Z,3650.5798,3651.7836,3650.4137,3650.6522,11220
2023-10-17T13:00:00.000Z,3653.9925,3655.9966,3650.524,3652.4049,55752
2023-10-17T13:01:00.000Z,3652.4049,3654.8603,3651.693,3652.4469,11419
2023-10-17T13:02:00.000Z,3652.4469,3653.2578,3649.7206,3650.4395,8073
2023-10-17T13:03:00.000Z,3650.4395,3652.2136,3649.8003,3652.1758,6487
2023-10-17T13:04:00.000Z,3652.1758,3652.3772,3649.7117,3650.3241,5010
2023-10-17T13:05:00.000Z,3650.3241,3650.9833,3647.7882,3648.4005,9158
2023-10-17T13:06:00.000Z,3648.4005,3651.0475,3647.7882,3650.2985,6218
2023-10-17T13:07:00.000Z,3650.2985,3653.9079,3650.1982,3652.5432,7466
2023-10-17T13:08:00.000Z,3652.5432,3653.2558,3651.641,3652.454,3449
2023-10-17T13:09:00.000Z,3652.454,3652.454,3649.3298,3649.8916,4364
2023-10-17T13:10:00.000Z,3649.8916,3650.2997,3648.2005,3650.2997,4130
2023-10-17T13:11:00.000Z,3650.2997,3652.3093,3649.6874,3650.8146,3451
2023-10-17T13:12:00.000Z,3650.8146,3653.0706,3650.8146,3652.4582,2705
2023-10-17T13:13:00.000Z,3652.4582,3653.0703,3651.7452,3652.97,1744
2023-10-17T13:14:00.000Z,3652.97,3652.97,3651.6449,3652.97,2086
2023-10-17T13:15:00.000Z,3652.97,3653.007,3652.2694,3653.007,1456
2023-10-17T13:16:00.000Z,3653.007,3654.3944,3652.3946,3654.2054,4393
2023-10-17T13:17:00.000Z,3654.2054,3654.2054,3651.7717,3651.7948,3711
2023-10-17T13:18:00.000Z,3651.7948,3652.4078,3649.0478,3649.0832,4059
2023-10-17T13:19:00.000Z,3649.0832,3649.6956,3647.3584,3647.9708,6196
2023-10-17T13:20:00.000Z,3647.9708,3647.9993,3646.9916,3647.9993,4488
2023-10-17T13:21:00.000Z,3647.9993,3648.0158,3646.3948,3646.3948,5416
2023-10-17T13:22:00.000Z,3646.3948,3647.0072,3644.6561,3644.6795,8290
2023-10-17T13:23:00.000Z,3644.6795,3646.9033,3644.4848,3646.6672,3666
2023-10-17T13:24:00.000Z,3646.6672,3646.9741,3646.1783,3646.2614,1837
2023-10-17T13:25:00.000Z,3646.2614,3648.5649,3646.238,3647.8581,3290
2023-10-17T13:26:00.000Z,3647.8581,3647.8581,3647.1091,3647.2457,844
2023-10-17T13:27:00.000Z,3647.2457,3647.8815,3646.9741,3647.5865,1236
2023-10-17T13:28:00.000Z,3647.5865,3647.6099,3646.9527,3647.5651,1094
2023-10-17T13:29:00.000Z,3647.5651,3647.6654,3645.1619,3645.7743,3220
2023-10-17T13:30:00.000Z,3645.7743,3645.9221,3644.455,3645.0674,5459
2023-10-17T13:31:00.000Z,3645.0674,3647.2189,3642.4,3646.6066,10394
2023-10-17T13:32:00.000Z,3646.6066,3648.4214,3646.1655,3648.4214,3225
2023-10-17T13:33:00.000Z,3648.4214,3649.3296,3647.4906,3649.2076,5013
2023-10-17T13:34:00.000Z,3649.2076,3649.2076,3647.8446,3647.86,1692
2023-10-17T13:35:00.000Z,3647.86,3648.5961,3647.6594,3647.9603,2389
2023-10-17T13:36:00.000Z,3647.9603,3648.7671,3647.3479,3648.7671,1894
2023-10-17T13:37:00.000Z,3648.7671,3649.6218,3648.0544,3648.8802,1842
2023-10-17T13:38:00.000Z,3648.8802,3649.8111,3648.8802,3649.1987,767
2023-10-17T13:39:00.000Z,3649.1987,3649.9114,3647.7246,3647.7246,2252
2023-10-17T13:40:00.000Z,3647.7246,3649.0048,3647.2836,3649.0048,1895
2023-10-17T13:41:00.000Z,3649.0048,3649.5403,3648.2921,3648.8163,2345
2023-10-17T13:42:00.000Z,3648.8163,3649.5757,3648.1797,3648.792,1264
2023-10-17T13:43:00.000Z,3648.792,3648.9158,3648.1321,3648.1321,396
2023-10-17T13:44:00.000Z,3648.1321,3648.645,3647.1486,3647.1486,1092
2023-10-17T13:45:00.000Z,3647.1486,3647.7803,3645.5227,3646.3358,4403
2023-10-17T13:46:00.000Z,3646.3358,3648.5023,3645.5867,3648.5023,2666
2023-10-17T13:47:00.000Z,3648.5023,3649.5822,3647.8899,3649.4343,1952
2023-10-17T13:48:00.000Z,3649.4343,3649.4343,3647.9033,3647.9033,1019
2023-10-17T13:49:00.000Z,3647.9033,3648.7752,3647.8908,3647.8908,1312
2023-10-17T13:50:00.000Z,3647.8908,3648.3665,3647.1781,3647.7541,1696
2023-10-17T13:51:00.000Z,3647.7541,3650.4254,3647.7541,3649.6417,3079
2023-10-17T13:52:00.000Z,3649.6417,3649.7299,3648.7982,3649.4988,984
2023-10-17T13:53:00.000Z,3649.4988,3649.6233,3648.8864,3649.011,1017
2023-10-17T13:54:00.000Z,3649.011,3649.6245,3648.9106,3649.5242,472
2023-10-17T13:55:00.000Z,3649.5242,3650.526,3648.9118,3650.526,1414
2023-10-17T13:56:00.000Z,3650.526,3650.526,3648.9707,3649.2423,1261
2023-10-17T13:57:00.000Z,3649.2423,3649.955,3649.0417,3649.0417,1003
2023-10-17T13:58:00.000Z,3649.0417,3649.5831,3647.4275,3648.0867,2086
2023-10-17T13:59:00.000Z,3648.0867,3648.8704,3647.4743,3648.0633,1904
2023-10-17T14:00:00.000Z,3648.0633,3648.7865,3646.7086,3648.0738,2833
2023-10-17T14:01:00.000Z,3648.0738,3649.5808,3648.0738,3648.9684,1045
2023-10-17T14:02:00.000Z,3648.9684,3649.8524,3648.9684,3649.8524,481
2023-10-17T14:03:00.000Z,3649.8524,3650.4648,3649.0687,3650.4648,1433
2023-10-17T14:04:00.000Z,3650.4648,3650.4769,3649.3525,3649.9648,1305
2023-10-17T14:05:00.000Z,3649.9648,3649.9648,3648.136,3648.136,1997
2023-10-17T14:06:00.000Z,3648.136,3649.7327,3648.136,3648.949,1241
2023-10-17T14:07:00.000Z,3648.949,3649.7961,3648.2363,3649.7598,1652
2023-10-17T14:08:00.000Z,3649.7598,3650.604,3649.1474,3650.5919,1360
2023-10-17T14:09:00.000Z,3650.5919,3650.7632,3649.8913,3649.9755,393
2023-10-17T14:10:00.000Z,3649.9755,3650.7827,3649.3397,3649.3632,590
2023-10-17T14:11:00.000Z,3649.3632,3650.601,3649.3511,3649.9886,686
2023-10-17T14:12:00.000Z,3649.9886,3650.8726,3649.9886,3650.1963,659
2023-10-17T14:13:00.000Z,3650.1963,3651.7039,3650.1963,3651.7039,2221
2023-10-17T14:14:00.000Z,3651.7039,3652.6122,3651.0916,3652.6122,3357
2023-10-17T14:15:00.000Z,3652.6122,3652.6356,3651.9288,3652.4643,1475
2023-10-17T14:16:00.000Z,3652.4643,3652.4643,3651.8285,3652.4409,806
2023-10-17T14:17:00.000Z,3652.4409,3652.4534,3650.957,3651.6697,2247
2023-10-17T14:18:00.000Z,3651.6697,3651.6697,3651.0573,3651.0573,634
2023-10-17T14:19:00.000Z,3651.0573,3651.6932,3651.0573,3651.0808,344
2023-10-17T14:20:00.000Z,3651.0808,3652.3055,3650.9446,3650.9446,1861
2023-10-17T14:21:00.000Z,3650.9446,3652.1694,3650.9446,3651.0277,833
2023-10-17T14:22:00.000Z,3651.0277,3655.283,3651.0277,3655.0136,9651
2023-10-17T14:23:00.000Z,3655.0136,3655.1139,3653.6054,3654.499,2565
2023-10-17T14:24:00.000Z,3654.499,3655.5068,3653.2251,3653.8359,3793
2023-10-17T14:25:00.000Z,3653.8359,3657.394,3653.8359,3656.5094,5138
2023-10-17T14:26:00.000Z,3656.5094,3656.5094,3655.4969,3656.2096,3348
2023-10-17T14:27:00.000Z,3656.2096,3658.3978,3655.6012,3658.2265,5748
2023-10-17T14:28:00.000Z,3658.2265,3659.1945,3656.5881,3659.1945,4848
2023-10-17T14:29:00.000Z,3659.1945,3659.4142,3657.7984,3658.7309,4098
2023-10-17T14:30:00.000Z,3658.7309,3661.9275,3658.7309,3659.4,9485
2023-10-17T14:31:00.000Z,3659.4,3660.6482,3658.1852,3658.2855,3258
2023-10-17T14:32:00.000Z,3658.2855,3658.8979,3657.2778,3657.2778,3747
2023-10-17T14:33:00.000Z,3657.2778,3658.1467,3656.4521,3657.434,2904
2023-10-17T14:34:00.000Z,3657.434,3658.876,3657.434,3658.2636,2045
2023-10-17T14:35:00.000Z,3658.2636,3658.3657,3657.582,3657.582,724
2023-10-17T14:36:00.000Z,3657.582,3658.3657,3657.4583,3657.4583,618
2023-10-17T14:37:00.000Z,3657.4583,3658.0941,3656.8216,3657.3571,1303
2023-10-17T14:38:00.000Z,3657.3571,3658.3059,3657.2973,3657.5932,950
2023-10-17T14:39:00.000Z,3657.5932,3659.2581,3657.5932,3659.1792,2586
2023-10-17T14:40:00.000Z,3659.1792,3659.1792,3658.2659,3658.8783,3270
2023-10-17T14:41:00.000Z,3658.8783,3658.9786,3656.6041,3657.2875,3262
2023-10-17T14:42:00.000Z,3657.2875,3657.8999,3653.6091,3654.3928,5641
2023-10-17T14:43:00.000Z,3654.3928,3655.9999,3653.5774,3655.3875,2462
2023-10-17T14:44:00.000Z,3655.3875,3656.1002,3654.5303,3654.5303,1047
2023-10-17T14:45:00.000Z,3654.5303,3655.1427,3652.1203,3652.1437,9654
2023-10-17T14:46:00.000Z,3652.1437,3652.8826,3651.6578,3652.2702,2670
2023-10-17T14:47:00.000Z,3652.2702,3652.8826,3652.0989,3652.0989,2278
2023-10-17T14:48:00.000Z,3652.0989,3653.8066,3651.3152,3653.0229,2276
2023-10-17T14:49:00.000Z,3653.0229,3653.624,3652.4105,3653.4527,1545
2023-10-17T14:50:00.000Z,3653.4527,3653.8956,3652.74,3652.74,943
2023-10-17T14:51:00.000Z,3652.74,3652.8403,3651.4087,3651.9563,2429
2023-10-17T14:52:00.000Z,3651.9563,3652.5687,3651.9442,3652.0445,578
2023-10-17T14:53:00.000Z,3652.0445,3652.7404,3651.8443,3651.9446,632
2023-10-17T14:54:00.000Z,3651.9446,3652.9423,3651.8443,3652.1293,1234
2023-10-17T14:55:00.000Z,3652.1293,3654.3626,3652.1293,3652.7718,2951
2023-10-17T14:56:00.000Z,3652.7718,3653.579,3652.695,3653.4063,1034
2023-10-17T14:57:00.000Z,3653.4063,3653.4954,3652.6461,3653.474,869
2023-10-17T14:58:00.000Z,3653.474,3653.6026,3651.671,3652.3068,3387
2023-10-17T14:59:00.000Z,3652.3068,3654.0493,3651.5202,3652.8245,4060
2023-10-18T01:00:00.000Z,3653.7483,3658.9421,3653.7483,3658.0299,13108
2023-10-18T01:01:00.000Z,3658.0299,3658.2735,3655.6838,3658.2735,7757
2023-10-18T01:02:00.000Z,3658.2735,3660.1605,3657.6371,3660.1605,5685
2023-10-18T01:03:00.000Z,3660.1605,3660.1605,3657.6091,3658.4512,4315
2023-10-18T01:04:00.000Z,3658.4512,3660.1716,3657.7658,3658.6498,4943
2023-10-18T01:05:00.000Z,3658.6498,3660.1462,3656.9353,3660.1462,6073
2023-10-18T01:06:00.000Z,3660.1462,3660.4888,3656.1854,3656.9216,3837
2023-10-18T01:07:00.000Z,3656.9216,3658.727,3656.9216,3657.914,1240
2023-10-18T01:08:00.000Z,3657.914,3661.0539,3657.914,3660.4415,3779
2023-10-18T01:09:00.000Z,3660.4415,3660.4415,3657.9697,3658.5539,4165
2023-10-18T01:10:00.000Z,3658.5539,3659.2698,3657.9415,3659.1694,3392
2023-10-18T01:11:00.000Z,3659.1694,3659.5264,3658.101,3658.1244,2491
2023-10-18T01:12:00.000Z,3658.1244,3662.2565,3658.0175,3660.8604,5256
2023-10-18T01:13:00.000Z,3660.8604,3661.4728,3659.1819,3659.9534,1818
2023-10-18T01:14:00.000Z,3659.9534,3660.6661,3658.2135,3658.8258,2822
2023-10-18T01:15:00.000Z,3658.8258,3658.8258,3657.235,3658.0543,2878
2023-10-18T01:16:00.000Z,3658.0543,3661.2547,3658.0543,3660.6423,3859
2023-10-18T01:17:00.000Z,3660.6423,3662.3568,3660.6423,3662.1976,3771
2023-10-18T01:18:00.000Z,3662.1976,3662.2686,3660.8763,3661.589,2269
2023-10-18T01:19:00.000Z,3661.589,3663.3139,3660.9766,3663.3139,4651
2023-10-18T01:20:00.000Z,3663.3139,3663.4669,3660.8684,3662.5361,4484
2023-10-18T01:21:00.000Z,3662.5361,3663.2897,3661.8059,3662.1203,2629
2023-10-18T01:22:00.000Z,3662.1203,3662.9039,3661.949,3662.1199,1361
2023-10-18T01:23:00.000Z,3662.1199,3663.5773,3662.0196,3663.4757,4134
2023-10-18T01:24:00.000Z,3663.4757,3663.4765,3660.2611,3661.8641,5639
2023-10-18T01:25:00.000Z,3661.8641,3662.6697,3661.0609,3662.6697,1986
2023-10-18T01:26:00.000Z,3662.6697,3662.6697,3660.9018,3661.1516,1961
2023-10-18T01:27:00.000Z,3661.1516,3661.8643,3660.8403,3660.8403,934
2023-10-18T01:28:00.000Z,3660.8403,3661.4526,3658.9364,3659.6491,2317
2023-10-18T01:29:00.000Z,3659.6491,3659.6491,3657.1569,3658.9136,5342
2023-10-18T01:30:00.000Z,3658.9136,3658.9136,3656.3971,3658.0769,5451
2023-10-18T01:31:00.000Z,3658.0769,3658.6648,3657.3022,3657.3022,1949
2023-10-18T01:32:00.000Z,3657.3022,3659.5141,3657.3022,3658.7304,1905
2023-10-18T01:33:00.000Z,3658.7304,3658.7304,3656.9858,3657.8698,1839
2023-10-18T01:34:00.000Z,3657.8698,3659.7322,3657.8698,3658.8361,2071
2023-10-18T01:35:00.000Z,3658.8361,3659.4485,3657.2624,3658.5613,1711
2023-10-18T01:36:00.000Z,3658.5613,3659.3622,3657.9489,3658.0371,708
2023-10-18T01:37:00.000Z,3658.0371,3659.2625,3657.6951,3658.6034,1104
2023-10-18T01:38:00.000Z,3658.6034,3658.6034,3656.1996,3656.2999,1966
2023-10-18T01:39:00.000Z,3656.2999,3656.9123,3655.053,3655.6653,3259
2023-10-18T01:40:00.000Z,3655.6653,3655.7422,3654.3703,3655.1064,4093
2023-10-18T01:41:00.000Z,3655.1064,3655.1064,3651.6062,3651.6062,6598
2023-10-18T01:42:00.000Z,3651.6062,3652.3899,3650.0364,3651.3556,12641
2023-10-18T01:43:00.000Z,3651.3556,3654.464,3650.7432,3653.6803,4043
2023-10-18T01:44:00.000Z,3653.6803,3654.3457,3652.678,3653.7333,1928
2023-10-18T01:45:00.000Z,3653.7333,3654.9054,3653.4617,3653.7733,2875
2023-10-18T01:46:00.000Z,3653.7733,3654.3857,3648.9947,3650.5024,8674
2023-10-18T01:47:00.000Z,3650.5024,3651.418,3649.7897,3651.418,2545
2023-10-18T01:48:00.000Z,3651.418,3651.418,3649.9217,3650.6223,1570
2023-10-18T01:49:00.000Z,3650.6223,3652.3268,3650.4985,3651.5432,2348
2023-10-18T01:50:00.000Z,3651.5432,3651.5432,3649.9223,3650.635,2559
2023-10-18T01:51:00.000Z,3650.635,3650.635,3649.8754,3650.5112,1831
2023-10-18T01:52:00.000Z,3650.5112,3650.5115,3648.943,3648.943,2773
2023-10-18T01:53:00.000Z,3648.943,3649.7914,3648.8071,3649.4195,3141
2023-10-18T01:54:00.000Z,3649.4195,3650.4038,3648.8071,3650.3035,1326
2023-10-18T01:55:00.000Z,3650.3035,3651.2878,3649.5908,3651.2351,2913
2023-10-18T01:56:00.000Z,3651.2351,3652.2671,3650.6228,3650.8476,3308
2023-10-18T01:57:00.000Z,3650.8476,3651.46,3649.5923,3650.9883,2424
2023-10-18T01:58:00.000Z,3650.9883,3650.9883,3648.6611,3650.1575,4061
2023-10-18T01:59:00.000Z,3650.1575,3650.1793,3647.6237,3647.7309,3771
2023-10-18T02:00:00.000Z,3647.7309,3651.2134,3647.7309,3651.2134,5928
2023-10-18T02:01:00.000Z,3651.2134,3654.0715,3651.2134,3652.652,7041
2023-10-18T02:02:00.000Z,3652.652,3653.2643,3651.5942,3652.3069,2573
2023-10-18T02:03:00.000Z,3652.3069,3652.9193,3651.4229,3652.819,1475
2023-10-18T02:04:00.000Z,3652.819,3653.0421,3651.5708,3652.4298,1392
2023-10-18T02:05:00.000Z,3652.4298,3652.4298,3651.3502,3652.0629,1017
2023-10-18T02:06:00.000Z,3652.0629,3653.0413,3651.2499,3652.429,2063
2023-10-18T02:07:00.000Z,3652.429,3654.0966,3652.3286,3653.9253,2338
2023-10-18T02:08:00.000Z,3653.9253,3653.9253,3652.5293,3653.1416,2094
2023-10-18T02:09:00.000Z,3653.1416,3653.1416,3651.7931,3652.4055,1402
2023-10-18T02:10:00.000Z,3652.4055,3653.2185,3652.4055,3652.5058,1313
2023-10-18T02:11:00.000Z,3652.5058,3656.8897,3652.5058,3654.3498,9322
2023-10-18T02:12:00.000Z,3654.3498,3655.9465,3653.5427,3655.9465,4502
2023-10-18T02:13:00.000Z,3655.9465,3655.9465,3652.4431,3653.3201,3486
2023-10-18T02:14:00.000Z,3653.3201,3654.2035,3653.3195,3653.5911,1272
2023-10-18T02:30:00.000Z,3654.0556,3654.2512,3649.892,3650.5278,5020
2023-10-18T02:31:00.000Z,3650.5278,3650.5278,3647.1003,3647.1003,10103
2023-10-18T02:32:00.000Z,3647.1003,3647.5889,3645.9213,3646.8536,7031
2023-10-18T02:33:00.000Z,3646.8536,3647.8387,3646.0352,3646.0352,4863
2023-10-18T02:34:00.000Z,3646.0352,3646.0352,3638.9328,3639.953,40047
2023-10-18T02:35:00.000Z,3639.953,3643.3758,3639.14,3642.6777,11769
2023-10-18T02:36:00.000Z,3642.6777,3644.5827,3641.9782,3644.5058,6248
2023-10-18T02:37:00.000Z,3644.5058,3645.5653,3644.5058,3645.2185,4212
2023-10-18T02:38:00.000Z,3645.2185,3645.2185,3643.6021,3643.7024,3692
2023-10-18T02:39:00.000Z,3643.7024,3645.1343,3643.3889,3644.5219,2572
2023-10-18T02:40:00.000Z,3644.5219,3647.0294,3644.3506,3647.0294,4382
2023-10-18T02:41:00.000Z,3647.0294,3647.2534,3645.4386,3645.5631,2987
2023-10-18T02:42:00.000Z,3645.5631,3647.0846,3645.4628,3645.783,1939
2023-10-18T02:43:00.000Z,3645.783,3646.3953,3643.716,3643.8933,3873
2023-10-18T02:44:00.000Z,3643.8933,3644.5057,3641.9661,3642.7497,4486
2023-10-18T02:45:00.000Z,3642.7497,3643.5803,3641.9994,3642.6118,4326
2023-10-18T02:46:00.000Z,3642.6118,3642.7331,3641.997,3642.1208,1906
2023-10-18T02:47:00.000Z,3642.1208,3642.7331,3640.3343,3640.3343,5465
2023-10-18T02:48:00.000Z,3640.3343,3641.7404,3640.3343,3641.717,4832
2023-10-18T02:49:00.000Z,3641.717,3643.0794,3640.2547,3642.9081,3560
2023-10-18T02:50:00.000Z,3642.9081,3644.3958,3642.2743,3644.3958,3137
2023-10-18T02:51:00.000Z,3644.3958,3645.7737,3643.7834,3645.7503,2419
2023-10-18T02:52:00.000Z,3645.7503,3645.7503,3644.1415,3644.1415,2330
2023-10-18T02:53:00.000Z,3644.1415,3644.7539,3641.4244,3642.2421,4267
2023-10-18T02:54:00.000Z,3642.2421,3642.2421,3639.6916,3640.3274,6741
2023-10-18T02:55:00.000Z,3640.3274,3643.3903,3640.3274,3642.7779,5890
2023-10-18T02:56:00.000Z,3642.7779,3642.7779,3640.5982,3642.6066,3318
2023-10-18T02:57:00.000Z,3642.6066,3642.6066,3640.51,3642.5184,3699
2023-10-18T02:58:00.000Z,3642.5184,3642.79,3641.4943,3642.0063,1045
2023-10-18T02:59:00.000Z,3642.0063,3643.7271,3642.0063,3643.7036,2714
2023-10-18T03:00:00.000Z,3643.7036,3644.5817,3642.2782,3642.2782,2356
2023-10-18T03:01:00.000Z,3642.2782,3643.6977,3642.2782,3642.5023,2029
2023-10-18T03:02:00.000Z,3642.5023,3645.1603,3642.5023,3645.1603,1809
2023-10-18T03:03:00.000Z,3645.1603,3646.4355,3644.5479,3646.4355,3194
2023-10-18T03:04:00.000Z,3646.4355,3650.2357,3645.8231,3649.6233,7879
2023-10-18T03:05:00.000Z,3649.6233,3652.0932,3649.6233,3651.3684,5615
2023-10-18T03:06:00.000Z,3651.3684,3651.3684,3649.9272,3650.3917,4234
2023-10-18T03:07:00.000Z,3650.3917,3650.6633,3649.0666,3650.051,2481
2023-10-18T03:08:00.000Z,3650.051,3650.9349,3650.051,3650.051,1649
2023-10-18T03:09:00.000Z,3650.051,3650.7636,3649.2006,3649.2006,1279
2023-10-18T03:10:00.000Z,3649.2006,3649.8129,3648.0215,3648.4644,2526
2023-10-18T03:11:00.000Z,3648.4644,3649.0768,3648.1928,3648.8052,982
2023-10-18T03:12:00.000Z,3648.8052,3648.8052,3645.5713,3645.5964,2775
2023-10-18T03:13:00.000Z,3645.5964,3646.085,3641.7542,3642.5379,6534
2023-10-18T03:14:00.000Z,3642.5379,3642.5379,3640.5273,3640.5983,6066
2023-10-18T03:15:00.000Z,3640.5983,3642.9101,3640.5983,3642.0261,4758
2023-10-18T03:16:00.000Z,3642.0261,3642.0261,3636.5838,3637.4548,14009
2023-10-18T03:17:00.000Z,3637.4548,3639.8704,3637.3545,3638.445,5674
2023-10-18T03:18:00.000Z,3638.445,3639.6991,3637.2716,3637.884,5128
2023-10-18T03:19:00.000Z,3637.884,3637.884,3632.0546,3632.669,30882
2023-10-18T03:20:00.000Z,3632.669,3634.1411,3631.8973,3633.2458,10568
2023-10-18T03:21:00.000Z,3633.2458,3633.2458,3627.8137,3629.041,23064
2023-10-18T03:22:00.000Z,3629.041,3629.041,3624.7256,3626.2459,20732
2023-10-18T03:23:00.000Z,3626.2459,3629.3643,3624.7021,3628.6516,13464
2023-10-18T03:24:00.000Z,3628.6516,3632.4715,3628.2398,3630.6032,13060
2023-10-18T03:25:00.000Z,3630.6032,3632.4715,3629.9674,3631.8591,7272
2023-10-18T03:26:00.000Z,3631.8591,3632.4715,3630.7035,3632.332,3061
2023-10-18T03:27:00.000Z,3632.332,3632.4264,3630.1087,3630.1464,4833
2023-10-18T03:28:00.000Z,3630.1464,3631.6078,3629.9288,3631.6078,4143
2023-10-18T03:29:00.000Z,3631.6078,3631.6078,3628.9022,3630.1099,6705
2023-10-18T05:30:00.000Z,3628.1584,3629.8335,3625.4178,3629.8335,17050
2023-10-18T05:31:00.000Z,3629.8335,3632.1845,3629.1208,3631.3239,6778
2023-10-18T05:32:00.000Z,3631.3239,3632.9338,3630.3352,3630.3352,9413
2023-10-18T05:33:00.000Z,3630.3352,3631.1189,3626.7169,3627.3292,6046
2023-10-18T05:34:00.000Z,3627.3292,3627.3292,3622.0423,3623.1589,16819
2023-10-18T05:35:00.000Z,3623.1589,3624.8271,3622.5825,3622.6707,15170
2023-10-18T05:36:00.000Z,3622.6707,3624.0079,3621.7157,3623.2936,11134
2023-10-18T05:37:00.000Z,3623.2936,3625.1089,3623.2581,3625.1089,3824
2023-10-18T05:38:00.000Z,3625.1089,3627.8675,3624.3252,3627.844,6795
2023-10-18T05:39:00.000Z,3627.844,3628.05,3627.1314,3627.2664,2090
2023-10-18T05:40:00.000Z,3627.2664,3627.8787,3625.6228,3626.2352,4455
2023-10-18T05:41:00.000Z,3626.2352,3626.8476,3623.8072,3624.443,4066
2023-10-18T05:42:00.000Z,3624.443,3626.0162,3624.3192,3625.9162,4586
2023-10-18T05:43:00.000Z,3625.9162,3626.0739,3624.6137,3625.4615,2990
2023-10-18T05:44:00.000Z,3625.4615,3626.0739,3624.5897,3624.5897,3093
2023-10-18T05:45:00.000Z,3624.5897,3625.202,3623.3961,3624.1088,7287
2023-10-18T05:46:00.000Z,3624.1088,3627.9741,3623.4964,3627.9741,5475
2023-10-18T05:47:00.000Z,3627.9741,3628.7578,3627.2146,3628.122,4387
2023-10-18T05:48:00.000Z,3628.122,3629.6365,3628.1218,3629.1245,3555
2023-10-18T05:49:00.000Z,3629.1245,3629.8678,3627.5772,3628.1896,3514
2023-10-18T05:50:00.000Z,3628.1896,3629.9683,3627.398,3629.9683,2932
2023-10-18T05:51:00.000Z,3629.9683,3630.0707,3628.5167,3628.5167,2538
2023-10-18T05:52:00.000Z,3628.5167,3629.0823,3627.4138,3627.6853,2765
2023-10-18T05:53:00.000Z,3627.6853,3628.2976,3625.3555,3625.3555,3634
2023-10-18T05:54:00.000Z,3625.3555,3626.4023,3625.3555,3626.4023,2706
2023-10-18T05:55:00.000Z,3626.4023,3626.4023,3623.6963,3624.3086,4984
2023-10-18T05:56:00.000Z,3624.3086,3624.8554,3623.6307,3624.4309,2805
2023-10-18T05:57:00.000Z,3624.4309,3624.5312,3623.7321,3624.3445,2628
2023-10-18T05:58:00.000Z,3624.3445,3624.8784,3622.4353,3623.8586,8251
2023-10-18T05:59:00.000Z,3623.8586,3624.8582,3623.1244,3624.1455,3733
2023-10-18T06:00:00.000Z,3624.1455,3626.7532,3624.1455,3626.7532,4050
2023-10-18T06:01:00.000Z,3626.7532,3627.72,3626.0698,3627.089,2955
2023-10-18T06:02:00.000Z,3627.089,3627.7014,3624.2857,3625.0928,5178
2023-10-18T06:03:00.000Z,3625.0928,3627.2501,3625.0928,3626.6377,2496
2023-10-18T06:04:00.000Z,3626.6377,3628.4311,3626.6377,3628.4311,2547
2023-10-18T06:05:00.000Z,3628.4311,3629.2027,3627.5826,3627.7063,4407
2023-10-18T06:06:00.000Z,3627.7063,3628.4431,3627.4588,3628.3888,1503
2023-10-18T06:07:00.000Z,3628.3888,3628.4891,3627.5817,3627.7773,2111
2023-10-18T06:08:00.000Z,3627.7773,3628.49,3626.2033,3626.2033,1639
2023-10-18T06:09:00.000Z,3626.2033,3628.7591,3626.2033,3628.1468,3404
2023-10-18T06:10:00.000Z,3628.1468,3629.2238,3627.4383,3629.2238,2345
2023-10-18T06:11:00.000Z,3629.2238,3629.8362,3627.7137,3628.3264,2558
2023-10-18T06:12:00.000Z,3628.3264,3628.9387,3627.2282,3627.2282,2441
2023-10-18T06:13:00.000Z,3627.2282,3627.2282,3619.1426,3619.9731,22745
2023-10-18T06:14:00.000Z,3619.9731,3620.5855,3617.0024,3617.6148,13555
2023-10-18T06:15:00.000Z,3617.6148,3619.2661,3616.9271,3617.7271,8972
2023-10-18T06:16:00.000Z,3617.7271,3619.8475,3617.7037,3619.2352,5086
2023-10-18T06:17:00.000Z,3619.2352,3620.6558,3619.1346,3619.1647,3868
2023-10-18T06:18:00.000Z,3619.1647,3619.9484,3617.5709,3618.0475,7597
2023-10-18T06:19:00.000Z,3618.0475,3620.3447,3617.8762,3620.2444,4846
2023-10-18T06:20:00.000Z,3620.2444,3621.4863,3619.3541,3620.1792,7616
2023-10-18T06:21:00.000Z,3620.1792,3622.4181,3620.0023,3621.6344,3066
2023-10-18T06:22:00.000Z,3621.6344,3622.394,3620.9511,3622.394,3526
2023-10-18T06:23:00.000Z,3622.394,3622.5177,3621.1692,3622.394,2199
2023-10-18T06:24:00.000Z,3622.394,3622.7866,3621.4615,3622.0739,2358
2023-10-18T06:25:00.000Z,3622.0739,3622.7866,3621.9736,3622.1742,1505
2023-10-18T06:26:00.000Z,3622.1742,3622.7866,3620.3392,3620.9516,2303
2023-10-18T06:27:00.000Z,3620.9516,3621.7676,3620.2154,3621.1552,2248
2023-10-18T06:28:00.000Z,3621.1552,3623.7768,3621.1552,3623.6531,4904
2023-10-18T06:29:00.000Z,3623.6531,3624.7085,3621.4976,3622.11,4830
2023-10-18T06:30:00.000Z,3622.11,3622.11,3618.8964,3619.5088,4222
2023-10-18T06:31:00.000Z,3619.5088,3619.6091,3617.5762,3619.0726,5030
2023-10-18T06:32:00.000Z,3619.0726,3621.0587,3618.4602,3620.2516,4470
2023-10-18T06:33:00.000Z,3620.2516,3620.3996,3619.4394,3620.0518,2465
2023-10-18T06:34:00.000Z,3620.0518,3623.4104,3618.4607,3623.4104,8442
2023-10-18T06:35:00.000Z,3623.4104,3623.4104,3620.9906,3621.3391,3726
2023-10-18T06:36:00.000Z,3621.3391,3622.0518,3621.0432,3621.0432,2699
2023-10-18T06:37:00.000Z,3621.0432,3621.6556,3619.0982,3619.0982,2797
2023-10-18T06:38:00.000Z,3619.0982,3619.7106,3617.2299,3618.7973,4601
2023-10-18T06:39:00.000Z,3618.7973,3618.9745,3617.3649,3617.388,3582
2023-10-18T06:40:00.000Z,3617.388,3618.0539,3616.0726,3616.1199,5583
2023-10-18T06:41:00.000Z,3616.1199,3616.863,3615.119,3615.7946,9812
2023-10-18T06:42:00.000Z,3615.7946,3615.8317,3612.5892,3613.4438,11260
2023-10-18T06:43:00.000Z,3613.4438,3614.0441,3611.1463,3613.3729,11304
2023-10-18T06:44:00.000Z,3613.3729,3614.0363,3611.4207,3611.4441,7189
2023-10-18T06:45:00.000Z,3611.4441,3612.3088,3610.5287,3611.4013,10441
2023-10-18T06:46:00.000Z,3611.4013,3615.476,3611.4013,3614.8636,7956
2023-10-18T06:47:00.000Z,3614.8636,3616.6913,3614.2512,3615.8073,6526
2023-10-18T06:48:00.000Z,3615.8073,3615.9017,3613.4562,3614.3402,4769
2023-10-18T06:49:00.000Z,3614.3402,3615.9371,3614.3402,3615.9371,2558
2023-10-18T06:50:00.000Z,3615.9371,3617.1218,3614.8183,3616.1668,3294
2023-10-18T06:51:00.000Z,3616.1668,3616.4132,3615.5292,3616.2419,2871
2023-10-18T06:52:00.000Z,3616.2419,3617.8791,3615.6176,3616.6537,5040
2023-10-18T06:53:00.000Z,3616.6537,3617.1765,3612.6363,3613.6206,7655
2023-10-18T06:54:00.000Z,3613.6206,3616.7091,3613.5438,3616.0967,3910
2023-10-18T06:55:00.000Z,3616.0967,3618.8476,3616.0967,3618.0882,5832
2023-10-18T06:56:00.000Z,3618.0882,3618.9722,3617.3755,3618.8513,5615
2023-10-18T06:57:00.000Z,3618.8513,3620.3067,3618.1832,3618.651,7640
2023-10-18T06:58:00.000Z,3618.651,3620.8422,3618.4142,3620.8422,6577
2023-10-18T06:59:00.000Z,3620.8422,3621.5133,3619.4829,3620.6,9854
2023-10-18T13:00:00.000Z,3619.5664,3619.7717,3613.7042,3613.7042,30079
2023-10-18T13:01:00.000Z,3613.7042,3615.1552,3611.6965,3614.5374,11445
2023-10-18T13:02:00.000Z,3614.5374,3614.5374,3611.1332,3612.762,10250
2023-10-18T13:03:00.000Z,3612.762,3614.9288,3612.7175,3614.039,7417
2023-10-18T13:04:00.000Z,3614.039,3614.7971,3613.2192,3614.7971,6679
2023-10-18T13:05:00.000Z,3614.7971,3615.1043,3614.0783,3615.0805,3787
2023-10-18T13:06:00.000Z,3615.0805,3615.3112,3612.6398,3613.4291,4181
2023-10-18T13:07:00.000Z,3613.4291,3616.6691,3613.2586,3615.9929,4997
2023-10-18T13:08:00.000Z,3615.9929,3617.2874,3613.1219,3613.7396,6832
2023-10-18T13:09:00.000Z,3613.7396,3613.9088,3612.29,3613.1906,4345
2023-10-18T13:10:00.000Z,3613.1906,3614.9289,3613.089,3614.9289,1607
2023-10-18T13:11:00.000Z,3614.9289,3614.9289,3613.3923,3614.0816,1976
2023-10-18T13:12:00.000Z,3614.0816,3614.0816,3612.2279,3612.3284,2332
2023-10-18T13:13:00.000Z,3612.3284,3614.7807,3612.2042,3613.892,3507
2023-10-18T13:14:00.000Z,3613.892,3614.7347,3613.1945,3614.7347,1574
2023-10-18T13:15:00.000Z,3614.7347,3614.7347,3614.0459,3614.6636,957
2023-10-18T13:16:00.000Z,3614.6636,3616.4446,3614.0459,3616.3441,4413
2023-10-18T13:17:00.000Z,3616.3441,3617.1126,3615.7056,3616.6959,3313
2023-10-18T13:18:00.000Z,3616.6959,3616.6959,3615.0665,3615.2882,2632
2023-10-18T13:19:00.000Z,3615.2882,3616.7989,3615.0872,3615.8796,3605
2023-10-18T13:20:00.000Z,3615.8796,3617.6573,3615.2618,3616.8178,4895
2023-10-18T13:21:00.000Z,3616.8178,3618.6197,3616.071,3616.0741,3996
2023-10-18T13:22:00.000Z,3616.0741,3618.5129,3616.0741,3618.4332,2018
2023-10-18T13:23:00.000Z,3618.4332,3618.4332,3616.2192,3616.837,3165
2023-10-18T13:24:00.000Z,3616.837,3617.6558,3616.2192,3616.8599,1363
2023-10-18T13:25:00.000Z,3616.8599,3617.4761,3616.0674,3617.4761,1390
2023-10-18T13:26:00.000Z,3617.4761,3618.5321,3616.6957,3618.5321,1785
2023-10-18T13:27:00.000Z,3618.5321,3618.5321,3616.8619,3617.0856,1745
2023-10-18T13:28:00.000Z,3617.0856,3618.6091,3617.0856,3618.6091,1668
2023-10-18T13:29:00.000Z,3618.6091,3620.4318,3617.9914,3619.4119,5731
2023-10-18T13:30:00.000Z,3619.4119,3619.4326,3618.1525,3618.7703,2391
2023-10-18T13:31:00.000Z,3618.7703,3621.1703,3618.1525,3621.1703,3369
2023-10-18T13:32:00.000Z,3621.1703,3621.2501,3618.8556,3619.7158,4412
2023-10-18T13:33:00.000Z,3619.7158,3619.7158,3617.8741,3619.3522,2018
2023-10-18T13:34:00.000Z,3619.3522,3619.4542,3617.9233,3618.0031,1837
2023-10-18T13:35:00.000Z,3618.0031,3618.7628,3617.2553,3618.0461,1645
2023-10-18T13:36:00.000Z,3618.0461,3618.0461,3617.1148,3617.1355,1218
2023-10-18T13:37:00.000Z,3617.1355,3618.5436,3617.1355,3617.8254,1529
2023-10-18T13:38:00.000Z,3617.8254,3617.9259,3617.1071,3617.1071,1128
2023-10-18T13:39:00.000Z,3617.1071,3618.8364,3617.1071,3618.8364,1343
2023-10-18T13:40:00.000Z,3618.8364,3619.6257,3618.2187,3619.008,1661
2023-10-18T13:41:00.000Z,3619.008,3619.008,3617.3676,3617.3913,1255
2023-10-18T13:42:00.000Z,3617.3913,3618.9407,3617.3913,3618.2224,1055
2023-10-18T13:43:00.000Z,3618.2224,3619.9233,3618.2224,3619.9233,818
2023-10-18T13:44:00.000Z,3619.9233,3619.9233,3618.3358,3619.7764,1273
2023-10-18T13:45:00.000Z,3619.7764,3620.5657,3619.1587,3619.8977,2176
2023-10-18T13:46:00.000Z,3619.8977,3619.8977,3618.2481,3618.9871,2073
2023-10-18T13:47:00.000Z,3618.9871,3620.3932,3618.3683,3619.7749,2144
2023-10-18T13:48:00.000Z,3619.7749,3620.3927,3618.3678,3618.4581,1650
2023-10-18T13:49:00.000Z,3618.4581,3619.1041,3617.5165,3618.1343,1459
2023-10-18T13:50:00.000Z,3618.1343,3618.9405,3618.1343,3618.3227,743
2023-10-18T13:51:00.000Z,3618.3227,3619.0022,3617.4122,3618.2839,1080
2023-10-18T13:52:00.000Z,3618.2839,3619.041,3618.2042,3618.3844,1295
2023-10-18T13:53:00.000Z,3618.3844,3619.7138,3618.2839,3619.7138,1149
2023-10-18T13:54:00.000Z,3619.7138,3619.8143,3619.0961,3619.1758,339
2023-10-18T13:55:00.000Z,3619.1758,3619.6301,3617.6324,3618.2501,1165
2023-10-18T13:56:00.000Z,3618.2501,3619.0602,3617.2598,3617.2598,1292
2023-10-18T13:57:00.000Z,3617.2598,3618.8384,3617.2598,3618.8384,1022
2023-10-18T13:58:00.000Z,3618.8384,3619.0602,3617.7241,3618.4424,999
2023-10-18T13:59:00.000Z,3618.4424,3619.1814,3617.7449,3618.3626,569
2023-10-18T14:00:00.000Z,3618.3626,3618.9804,3617.4313,3618.9804,1892
2023-10-18T14:01:00.000Z,3618.9804,3620.9523,3618.3626,3620.9523,3347
2023-10-18T14:02:00.000Z,3620.9523,3621.7094,3620.3329,3621.0709,6260
2023-10-18T14:03:00.000Z,3621.0709,3621.7254,3620.8361,3620.9574,882
2023-10-18T14:04:00.000Z,3620.9574,3621.8661,3620.5951,3621.1773,2579
2023-10-18T14:05:00.000Z,3621.1773,3622.5821,3620.1875,3622.5821,3462
2023-10-18T14:06:00.000Z,3622.5821,3622.8749,3621.9644,3622.2572,1399
2023-10-18T14:07:00.000Z,3622.2572,3622.8749,3621.7626,3621.7626,1200
2023-10-18T14:08:00.000Z,3621.7626,3622.3804,3620.8313,3621.458,2466
2023-10-18T14:09:00.000Z,3621.458,3621.458,3618.9819,3619.0824,3118
2023-10-18T14:10:00.000Z,3619.0824,3619.7002,3618.3434,3618.9612,2177
2023-10-18T14:11:00.000Z,3618.9612,3620.7023,3618.3434,3620.7023,1576
2023-10-18T14:12:00.000Z,3620.7023,3620.9743,3619.2952,3619.913,1671
2023-10-18T14:13:00.000Z,3619.913,3619.913,3618.3284,3619.8179,978
2023-10-18T14:14:00.000Z,3619.8179,3619.9184,3618.5824,3619.2446,868
2023-10-18T14:15:00.000Z,3619.2446,3619.8623,3618.4553,3619.2446,1015
2023-10-18T14:16:00.000Z,3619.2446,3619.2446,3618.4258,3619.2238,576
2023-10-18T14:17:00.000Z,3619.2238,3619.8861,3618.4582,3619.2683,1095
2023-10-18T14:18:00.000Z,3619.2683,3619.8861,3617.3969,3617.3969,2907
2023-10-18T14:19:00.000Z,3617.3969,3618.0147,3616.4066,3616.5456,5726
2023-10-18T14:20:00.000Z,3616.5456,3617.1396,3616.158,3616.7758,1163
2023-10-18T14:21:00.000Z,3616.7758,3616.7758,3614.3033,3614.3122,5953
2023-10-18T14:22:00.000Z,3614.3122,3615.969,3613.6514,3615.3512,3993
2023-10-18T14:23:00.000Z,3615.3512,3616.6075,3615.0881,3615.9069,2321
2023-10-18T14:24:00.000Z,3615.9069,3617.7241,3615.9069,3617.6236,2718
2023-10-18T14:25:00.000Z,3617.6236,3617.7951,3616.175,3616.7928,1416
2023-10-18T14:26:00.000Z,3616.7928,3619.1995,3616.7928,3619.1787,1975
2023-10-18T14:27:00.000Z,3619.1787,3619.3797,3618.5609,3618.6822,1531
2023-10-18T14:28:00.000Z,3618.6822,3618.7827,3617.9726,3618.6614,2159
2023-10-18T14:29:00.000Z,3618.6614,3618.6614,3617.2336,3617.2336,1163
2023-10-18T14:30:00.000Z,3617.2336,3621.2137,3617.2336,3621.2137,4640
2023-10-18T14:31:00.000Z,3621.2137,3621.335,3619.8984,3619.8984,2509
2023-10-18T14:32:00.000Z,3619.8984,3620.5162,3619.6854,3619.7062,1593
2023-10-18T14:33:00.000Z,3619.7062,3619.8067,3619.0697,3619.6875,537
2023-10-18T14:34:00.000Z,3619.6875,3619.6875,3618.2597,3618.2607,2463
2023-10-18T14:35:00.000Z,3618.2607,3618.8785,3617.9738,3618.0328,1033
2023-10-18T14:36:00.000Z,3618.0328,3618.6505,3615.7447,3615.7447,4589
2023-10-18T14:37:00.000Z,3615.7447,3616.0667,3614.5383,3615.3484,4200
2023-10-18T14:38:00.000Z,3615.3484,3616.0874,3613.7667,3614.3845,3977
2023-10-18T14:39:00.000Z,3614.3845,3614.9391,3613.0972,3614.6596,2540
2023-10-18T14:40:00.000Z,3614.6596,3615.0119,3614.0211,3614.3941,1308
2023-10-18T14:41:00.000Z,3614.3941,3615.8427,3614.3941,3615.2249,1761
2023-10-18T14:42:00.000Z,3615.2249,3615.8427,3615.0327,3615.0327,891
2023-10-18T14:43:00.000Z,3615.0327,3615.0327,3613.3684,3613.9861,4115
2023-10-18T14:44:00.000Z,3613.9861,3613.9861,3613.2461,3613.2461,1094
2023-10-18T14:45:00.000Z,3613.2461,3613.8639,3611.7285,3612.3392,7534
2023-10-18T14:46:00.000Z,3612.3392,3613.909,3612.2387,3613.909,3509
2023-10-18T14:47:00.000Z,3613.909,3614.0893,3613.2913,3613.371,891
2023-10-18T14:48:00.000Z,3613.371,3614.7278,3613.371,3613.9888,1213
2023-10-18T14:49:00.000Z,3613.9888,3613.9888,3613.27,3613.8878,978
2023-10-18T14:50:00.000Z,3613.8878,3614.7863,3613.2492,3614.7863,1855
2023-10-18T14:51:00.000Z,3614.7863,3614.8335,3614.0442,3614.2158,762
2023-10-18T14:52:00.000Z,3614.2158,3614.8128,3613.3052,3613.3068,1787
2023-10-18T14:53:00.000Z,3613.3068,3613.9245,3613.0347,3613.2063,544
2023-10-18T14:54:00.000Z,3613.2063,3613.824,3611.8463,3612.3932,2977
2023-10-18T14:55:00.000Z,3612.3932,3613.9199,3612.2911,3612.5128,2694
2023-10-18T14:56:00.000Z,3612.5128,3613.1839,3612.2496,3612.9188,3592
2023-10-18T14:57:00.000Z,3612.9188,3613.0547,3612.1442,3613.0132,2275
2023-10-18T14:58:00.000Z,3613.0132,3613.631,3611.8133,3611.8548,4044
2023-10-18T14:59:00.000Z,3611.8548,3612.4726,3610.3768,3611.3189,8226
2023-10-19T01:00:00.000Z,3611.2145,3614.6411,3610.2657,3611.5254,22662
2023-10-19T01:01:00.000Z,3611.5254,3612.2437,3606.1306,3606.9794,21976
2023-10-19T01:02:00.000Z,3606.9794,3607.4967,3601.3308,3602.859,27984
2023-10-19T01:03:00.000Z,3602.859,3605.2359,3602.859,3604.7187,11610
2023-10-19T01:04:00.000Z,3604.7187,3608.4694,3604.7187,3607.4999,9806
2023-10-19T01:05:00.000Z,3607.4999,3609.1997,3605.7232,3605.7232,6185
2023-10-19T01:06:00.000Z,3605.7232,3606.341,3603.4832,3604.4467,6174
2023-10-19T01:07:00.000Z,3604.4467,3607.3627,3603.829,3607.3627,5843
2023-10-19T01:08:00.000Z,3607.3627,3610.5867,3606.887,3610.5867,8740
2023-10-19T01:09:00.000Z,3610.5867,3610.5867,3608.5039,3609.3227,4970
2023-10-19T01:10:00.000Z,3609.3227,3610.1307,3608.7049,3609.4932,1708
2023-10-19T01:11:00.000Z,3609.4932,3613.6953,3609.4932,3613.3496,8194
2023-10-19T01:12:00.000Z,3613.3496,3614.8779,3612.2764,3613.3102,8082
2023-10-19T01:13:00.000Z,3613.3102,3613.9279,3612.5711,3613.8274,3025
2023-10-19T01:14:00.000Z,3613.8274,3613.8274,3611.7818,3612.5711,2661
2023-10-19T01:15:00.000Z,3612.5711,3615.1322,3611.9088,3613.4116,4030
2023-10-19T01:16:00.000Z,3613.4116,3614.1298,3612.41,3614.0941,2245
2023-10-19T01:17:00.000Z,3614.0941,3617.1748,3614.0941,3616.4586,7335
2023-10-19T01:18:00.000Z,3616.4586,3617.1695,3614.9149,3617.1695,3885
2023-10-19T01:19:00.000Z,3617.1695,3617.9762,3616.4686,3617.4037,4939
2023-10-19T01:20:00.000Z,3617.4037,3619.2237,3617.3857,3618.1266,5988
2023-10-19T01:21:00.000Z,3618.1266,3618.1266,3615.6521,3615.7757,3064
2023-10-19T01:22:00.000Z,3615.7757,3617.2449,3615.7757,3617.2449,2620
2023-10-19T01:23:00.000Z,3617.2449,3617.2449,3614.7055,3615.3057,3158
2023-10-19T01:24:00.000Z,3615.3057,3616.024,3614.5065,3614.5065,2119
2023-10-19T01:25:00.000Z,3614.5065,3616.074,3613.6954,3616.074,4075
2023-10-19T01:26:00.000Z,3616.074,3616.1155,3615.3558,3616.1155,1009
2023-10-19T01:27:00.000Z,3616.1155,3619.0247,3615.4978,3619.0247,3910
2023-10-19T01:28:00.000Z,3619.0247,3619.6751,3617.3664,3618.197,4773
2023-10-19T01:29:00.000Z,3618.197,3618.9512,3617.3426,3618.9512,2466
2023-10-19T01:30:00.000Z,3618.9512,3619.6932,3617.7672,3619.0333,5424
2023-10-19T01:31:00.000Z,3619.0333,3619.7516,3617.2061,3618.9859,5294
2023-10-19T01:32:00.000Z,3618.9859,3618.9859,3617.2619,3618.0401,2311
2023-10-19T01:33:00.000Z,3618.0401,3618.6836,3616.4595,3618.6836,3111
2023-10-19T01:34:00.000Z,3618.6836,3620.7677,3618.0658,3620.6437,4011
2023-10-19T01:35:00.000Z,3620.6437,3620.6437,3619.1931,3619.1931,3308
2023-10-19T01:36:00.000Z,3619.1931,3619.8109,3617.2919,3618.019,2098
2023-10-19T01:37:00.000Z,3618.019,3618.019,3615.4559,3616.1063,3434
2023-10-19T01:38:00.000Z,3616.1063,3617.9374,3615.4885,3617.2989,1707
2023-10-19T01:39:00.000Z,3617.2989,3617.7451,3615.729,3616.2463,1385
2023-10-19T01:40:00.000Z,3616.2463,3618.1503,3616.2463,3618.0793,1790
2023-10-19T01:41:00.000Z,3618.0793,3618.6971,3617.3491,3617.9995,1285
2023-10-19T01:42:00.000Z,3617.9995,3618.6292,3617.2014,3617.9907,1598
2023-10-19T01:43:00.000Z,3617.9907,3618.0912,3616.6044,3617.1806,884
2023-10-19T01:44:00.000Z,3617.1806,3617.1806,3616.3587,3616.4268,917
2023-10-19T01:45:00.000Z,3616.4268,3617.2456,3615.2669,3615.8847,2798
2023-10-19T01:46:00.000Z,3615.8847,3617.7675,3615.2669,3617.0492,2243
2023-10-19T01:47:00.000Z,3617.0492,3617.6877,3616.4078,3617.0256,1509
2023-10-19T01:48:00.000Z,3617.0256,3617.8149,3614.3509,3614.9687,2925
2023-10-19T01:49:00.000Z,3614.9687,3614.9687,3612.9225,3612.9225,2306
2023-10-19T01:50:00.000Z,3612.9225,3614.1581,3612.6505,3614.1581,1808
2023-10-19T01:51:00.000Z,3614.1581,3614.1581,3613.5403,3613.5403,882
2023-10-19T01:52:00.000Z,3613.5403,3613.5403,3612.538,3612.5587,1804
2023-10-19T01:53:00.000Z,3612.5587,3614.3089,3612.4582,3614.2084,1647
2023-10-19T01:54:00.000Z,3614.2084,3615.9584,3613.5906,3615.9584,1758
2023-10-19T01:55:00.000Z,3615.9584,3617.7087,3615.4411,3616.9842,2515
2023-10-19T01:56:00.000Z,3616.9842,3617.9286,3616.1654,3617.9286,2034
2023-10-19T01:57:00.000Z,3617.9286,3617.9286,3616.3413,3616.5423,1263
2023-10-19T01:58:00.000Z,3616.5423,3617.0596,3616.1698,3616.1698,841
2023-10-19T01:59:00.000Z,3616.1698,3616.7994,3615.5105,3615.5105,1593
2023-10-19T02:00:00.000Z,3615.5105,3617.0212,3614.5378,3617.0212,2915
2023-10-19T02:01:00.000Z,3617.0212,3617.7525,3615.5344,3617.114,1865
2023-10-19T02:02:00.000Z,3617.114,3618.7428,3617.0549,3617.6726,2642
2023-10-19T02:03:00.000Z,3617.6726,3618.6335,3616.3159,3618.0157,2637
2023-10-19T02:04:00.000Z,3618.0157,3619.8989,3618.0157,3619.1096,2262
2023-10-19T02:05:00.000Z,3619.1096,3620.7654,3619.1096,3619.8756,4703
2023-10-19T02:06:00.000Z,3619.8756,3622.3704,3619.8756,3621.7526,8155
2023-10-19T02:07:00.000Z,3621.7526,3621.8547,3621.1157,3621.8339,1868
2023-10-19T02:08:00.000Z,3621.8339,3623.8685,3621.8339,3623.0497,6066
2023-10-19T02:09:00.000Z,3623.0497,3626.4892,3623.0497,3625.7207,13678
2023-10-19T02:10:00.000Z,3625.7207,3628.1646,3625.1255,3626.7713,11299
2023-10-19T02:11:00.000Z,3626.7713,3627.3891,3625.243,3626.4785,5355
2023-10-19T02:12:00.000Z,3626.4785,3626.4785,3624.2941,3624.9129,3398
2023-10-19T02:13:00.000Z,3624.9129,3625.0134,3622.6851,3623.3826,5758
2023-10-19T02:14:00.000Z,3623.3826,3624.0211,3622.413,3623.0987,3188
2023-10-19T02:30:00.000Z,3623.0987,3624.7602,3622.3272,3624.5441,4837
2023-10-19T02:31:00.000Z,3624.5441,3625.3188,3623.7904,3625.3188,3161
2023-10-19T02:32:00.000Z,3625.3188,3626.5459,3624.6005,3626.5459,4679
2023-10-19T02:33:00.000Z,3626.5459,3627.5025,3626.5459,3626.5717,6187
2023-10-19T02:34:00.000Z,3626.5717,3626.5717,3623.1275,3623.1275,5616
2023-10-19T02:35:00.000Z,3623.1275,3624.5553,3622.9265,3623.5443,2902
2023-10-19T02:36:00.000Z,3623.5443,3624.5138,3622.4092,3624.5138,2584
2023-10-19T02:37:00.000Z,3624.5138,3625.3703,3623.8961,3625.1046,2476
2023-10-19T02:38:00.000Z,3625.1046,3625.1046,3622.3108,3623.0793,3687
2023-10-19T02:39:00.000Z,3623.0793,3624.1614,3623.0793,3623.9899,1696
2023-10-19T02:40:00.000Z,3623.9899,3624.0904,3622.7543,3623.3721,847
2023-10-19T02:41:00.000Z,3623.3721,3624.0927,3622.5852,3623.2029,991
2023-10-19T02:42:00.000Z,3623.2029,3623.9922,3621.5993,3622.7136,2922
2023-10-19T02:43:00.000Z,3622.7136,3623.9287,3622.0958,3623.8873,2121
2023-10-19T02:44:00.000Z,3623.8873,3625.436,3623.2695,3624.8182,2368
2023-10-19T02:45:00.000Z,3624.8182,3628.8924,3624.8182,3628.8924,9496
2023-10-19T02:46:00.000Z,3628.8924,3630.7885,3627.4741,3628.0919,10522
2023-10-19T02:47:00.000Z,3628.0919,3629.0734,3626.7557,3628.3966,2949
2023-10-19T02:48:00.000Z,3628.3966,3630.939,3627.6783,3630.8377,5560
2023-10-19T02:49:00.000Z,3630.8377,3630.8377,3628.3948,3628.3948,2771
2023-10-19T02:50:00.000Z,3628.3948,3629.8018,3627.8567,3628.374,3568
2023-10-19T02:51:00.000Z,3628.374,3629.1633,3628.194,3628.194,1613
2023-10-19T02:52:00.000Z,3628.194,3629.8821,3628.194,3629.0928,2634
2023-10-19T02:53:00.000Z,3629.0928,3630.0536,3628.3745,3629.1993,3299
2023-10-19T02:54:00.000Z,3629.1993,3631.922,3629.1993,3631.3043,4925
2023-10-19T02:55:00.000Z,3631.3043,3631.922,3629.5126,3630.2014,4436
2023-10-19T02:56:00.000Z,3630.2014,3630.9197,3628.4542,3628.5372,2914
2023-10-19T02:57:00.000Z,3628.5372,3630.1926,3628.5372,3630.1926,2918
2023-10-19T02:58:00.000Z,3630.1926,3630.8341,3629.3028,3630.2164,2194
2023-10-19T02:59:00.000Z,3630.2164,3630.9554,3629.6225,3629.7238,1902
2023-10-19T03:00:00.000Z,3629.7238,3630.5734,3628.8507,3629.5689,2766
2023-10-19T03:01:00.000Z,3629.5689,3631.3621,3629.5689,3630.768,5654
2023-10-19T03:02:00.000Z,3630.768,3632.0984,3629.7808,3629.7808,5401
2023-10-19T03:03:00.000Z,3629.7808,3630.4193,3629.5087,3629.5295,1696
2023-10-19T03:04:00.000Z,3629.5295,3630.1473,3627.8034,3629.5037,4980
2023-10-19T03:05:00.000Z,3629.5037,3630.3905,3628.8149,3629.7727,2634
2023-10-19T03:06:00.000Z,3629.7727,3629.7727,3627.1618,3627.1618,2975
2023-10-19T03:07:00.000Z,3627.1618,3627.7796,3625.3421,3625.3421,2825
2023-10-19T03:08:00.000Z,3625.3421,3626.5777,3624.1911,3624.9296,5343
2023-10-19T03:09:00.000Z,3624.9296,3625.7483,3624.9088,3625.7483,969
2023-10-19T03:10:00.000Z,3625.7483,3627.4482,3625.1306,3627.2559,3892
2023-10-19T03:11:00.000Z,3627.2559,3628.378,3626.6381,3628.378,1870
2023-10-19T03:12:00.000Z,3628.378,3628.5822,3626.8616,3627.5711,1817
2023-10-19T03:13:00.000Z,3627.5711,3628.3899,3626.7818,3628.3899,1457
2023-10-19T03:14:00.000Z,3628.3899,3628.5614,3626.7595,3627.3773,1509
2023-10-19T03:15:00.000Z,3627.3773,3627.3773,3625.0949,3625.8516,4011
2023-10-19T03:16:00.000Z,3625.8516,3626.6616,3625.2338,3626.6616,3333
2023-10-19T03:17:00.000Z,3626.6616,3626.9659,3624.2995,3626.3482,6220
2023-10-19T03:18:00.000Z,3626.3482,3626.5853,3625.7097,3625.9523,1522
2023-10-19T03:19:00.000Z,3625.9523,3628.1762,3624.9501,3628.1762,3652
2023-10-19T03:20:00.000Z,3628.1762,3629.4213,3627.4595,3629.2023,2711
2023-10-19T03:21:00.000Z,3629.2023,3630.1543,3628.484,3629.5365,2672
2023-10-19T03:22:00.000Z,3629.5365,3630.2341,3627.8159,3627.8159,2485
2023-10-19T03:23:00.000Z,3627.8159,3628.4337,3626.7339,3628.1409,1804
2023-10-19T03:24:00.000Z,3628.1409,3628.1409,3626.2669,3626.2669,2187
2023-10-19T03:25:00.000Z,3626.2669,3629.0286,3626.2669,3628.4109,4746
2023-10-19T03:26:00.000Z,3628.4109,3628.4109,3626.0933,3627.1278,4585
2023-10-19T03:27:00.000Z,3627.1278,3627.3258,3625.697,3625.8182,4654
2023-10-19T03:28:00.000Z,3625.8182,3628.0706,3625.7767,3627.4528,2393
2023-10-19T03:29:00.000Z,3627.4528,3632.8217,3627.4528,3632.6118,13435
2023-10-19T05:30:00.000Z,3633.6051,3640.2074,3633.6051,3640.2074,38482
2023-10-19T05:31:00.000Z,3640.2074,3645.2346,3640.0064,3645.2341,35033
2023-10-19T05:32:00.000Z,3645.2341,3648.954,3644.5748,3648.8535,26498
2023-10-19T05:33:00.000Z,3648.8535,3649.0458,3646.3577,3648.3311,19848
2023-10-19T05:34:00.000Z,3648.3311,3651.2434,3648.3311,3651.1199,18808
2023-10-19T05:35:00.000Z,3651.1199,3652.0294,3648.4876,3649.4986,16212
2023-10-19T05:36:00.000Z,3649.4986,3650.0159,3647.6754,3647.6754,9149
2023-10-19T05:37:00.000Z,3647.6754,3648.3513,3645.8565,3646.8312,11107
2023-10-19T05:38:00.000Z,3646.8312,3647.4489,3645.7656,3646.788,7080
2023-10-19T05:39:00.000Z,3646.788,3648.5914,3644.9551,3648.5677,11425
2023-10-19T05:40:00.000Z,3648.5677,3648.6919,3645.57,3646.1878,6612
2023-10-19T05:41:00.000Z,3646.1878,3647.8405,3646.0726,3646.0726,4589
2023-10-19T05:42:00.000Z,3646.0726,3646.0726,3643.3351,3643.4356,8230
2023-10-19T05:43:00.000Z,3643.4356,3644.2858,3643.2346,3644.2858,4812
2023-10-19T05:44:00.000Z,3644.2858,3644.9893,3642.5442,3644.2,7993
2023-10-19T05:45:00.000Z,3644.2,3645.1696,3642.4769,3642.7469,5371
2023-10-19T05:46:00.000Z,3642.7469,3644.0948,3642.6375,3643.2553,3505
2023-10-19T05:47:00.000Z,3643.2553,3643.2553,3639.9737,3639.9737,7405
2023-10-19T05:48:00.000Z,3639.9737,3639.9737,3638.1525,3639.3969,6074
2023-10-19T05:49:00.000Z,3639.3969,3639.3969,3636.0432,3636.874,6702
2023-10-19T05:50:00.000Z,3636.874,3639.168,3636.874,3638.4492,6922
2023-10-19T05:51:00.000Z,3638.4492,3639.3478,3638.3777,3639.3478,2486
2023-10-19T05:52:00.000Z,3639.3478,3639.3478,3635.9835,3637.2601,7991
2023-10-19T05:53:00.000Z,3637.2601,3638.7411,3637.2128,3638.0229,3045
2023-10-19T05:54:00.000Z,3638.0229,3638.6614,3636.4738,3638.0229,4797
2023-10-19T05:55:00.000Z,3638.0229,3639.4299,3637.3046,3637.3046,4175
2023-10-19T05:56:00.000Z,3637.3046,3637.9224,3635.3354,3637.056,9203
2023-10-19T05:57:00.000Z,3637.056,3638.7055,3636.9613,3637.3044,2253
2023-10-19T05:58:00.000Z,3637.3044,3640.4735,3637.1328,3640.4735,4304
2023-10-19T05:59:00.000Z,3640.4735,3642.4158,3640.4735,3641.5397,4449
2023-10-19T06:00:00.000Z,3641.5397,3642.2808,3640.5286,3642.1803,3494
2023-10-19T06:01:00.000Z,3642.1803,3642.3518,3640.6509,3641.6447,3653
2023-10-19T06:02:00.000Z,3641.6447,3645.6641,3641.6447,3645.2179,7848
2023-10-19T06:03:00.000Z,3645.2179,3646.2129,3644.5487,3645.1665,4636
2023-10-19T06:04:00.000Z,3645.1665,3645.4147,3644.1792,3644.7949,3509
2023-10-19T06:05:00.000Z,3644.7949,3646.291,3644.7949,3645.5727,4874
2023-10-19T06:06:00.000Z,3645.5727,3646.291,3642.8356,3643.5539,5483
2023-10-19T06:07:00.000Z,3643.5539,3643.6544,3641.9555,3641.9555,2621
2023-10-19T06:08:00.000Z,3641.9555,3644.3142,3641.7245,3643.5249,4107
2023-10-19T06:09:00.000Z,3643.5249,3643.5249,3640.8542,3642.6434,3655
2023-10-19T06:10:00.000Z,3642.6434,3644.1954,3642.6434,3643.3943,3406
2023-10-19T06:11:00.000Z,3643.3943,3645.322,3642.7765,3645.3072,5498
2023-10-19T06:12:00.000Z,3645.3072,3647.2998,3645.3072,3646.0965,4712
2023-10-19T06:13:00.000Z,3646.0965,3647.0868,3645.4787,3646.4906,2574
2023-10-19T06:14:00.000Z,3646.4906,3647.1083,3646.2185,3647.0078,2545
2023-10-19T06:15:00.000Z,3647.0078,3648.3416,3647.0078,3648.3416,5776
2023-10-19T06:16:00.000Z,3648.3416,3648.3622,3647.4605,3648.0783,2537
2023-10-19T06:17:00.000Z,3648.0783,3649.2567,3647.4487,3648.5944,6753
2023-10-19T06:18:00.000Z,3648.5944,3649.2122,3647.5331,3649.0614,4575
2023-10-19T06:19:00.000Z,3649.0614,3649.153,3647.6009,3648.3135,3704
2023-10-19T06:20:00.000Z,3648.3135,3649.1753,3647.5242,3649.1546,3162
2023-10-19T06:21:00.000Z,3649.1546,3650.2555,3648.4552,3648.6562,9158
2023-10-19T06:22:00.000Z,3648.6562,3649.2946,3646.9798,3648.3988,4504
2023-10-19T06:23:00.000Z,3648.3988,3649.3896,3647.781,3649.218,2395
2023-10-19T06:24:00.000Z,3649.218,3649.218,3647.7759,3648.4942,2120
2023-10-19T06:25:00.000Z,3648.4942,3650.194,3647.9002,3648.6895,5221
2023-10-19T06:26:00.000Z,3648.6895,3649.464,3648.6707,3648.8463,3816
2023-10-19T06:27:00.000Z,3648.8463,3653.4288,3648.7458,3653.2572,12324
2023-10-19T06:28:00.000Z,3653.2572,3654.3632,3651.9037,3651.9037,10323
2023-10-19T06:29:00.000Z,3651.9037,3652.6219,3651.7321,3651.9037,3265
2023-10-19T06:30:00.000Z,3651.9037,3654.1978,3651.7426,3652.1899,10500
2023-10-19T06:31:00.000Z,3652.1899,3652.2904,3649.2179,3649.8445,6743
2023-10-19T06:32:00.000Z,3649.8445,3649.8445,3648.2008,3648.2008,3076
2023-10-19T06:33:00.000Z,3648.2008,3648.8339,3648.0588,3648.1156,2482
2023-10-19T06:34:00.000Z,3648.1156,3648.5822,3647.0036,3647.0036,3413
2023-10-19T06:35:00.000Z,3647.0036,3647.6214,3645.8689,3646.951,3798
2023-10-19T06:36:00.000Z,3646.951,3646.951,3645.4435,3645.4435,2534
2023-10-19T06:37:00.000Z,3645.4435,3646.3743,3644.1572,3645.7566,5813
2023-10-19T06:38:00.000Z,3645.7566,3646.3743,3644.1745,3644.1745,2878
2023-10-19T06:39:00.000Z,3644.1745,3646.5128,3644.1745,3645.824,3622
2023-10-19T06:40:00.000Z,3645.824,3645.824,3643.9673,3643.9673,3875
2023-10-19T06:41:00.000Z,3643.9673,3647.2416,3643.8715,3646.6239,3588
2023-10-19T06:42:00.000Z,3646.6239,3647.6733,3646.4229,3647.6733,4418
2023-10-19T06:43:00.000Z,3647.6733,3648.1671,3647.0556,3647.9158,2113
2023-10-19T06:44:00.000Z,3647.9158,3648.0879,3646.6803,3647.8148,1486
2023-10-19T06:45:00.000Z,3647.8148,3647.8148,3646.4456,3647.1639,1189
2023-10-19T06:46:00.000Z,3647.1639,3647.2054,3645.6126,3645.6334,1569
2023-10-19T06:47:00.000Z,3645.6334,3646.2512,3643.542,3644.4363,4489
2023-10-19T06:48:00.000Z,3644.4363,3646.148,3643.718,3645.5302,3686
2023-10-19T06:49:00.000Z,3645.5302,3647.1752,3645.1254,3647.1752,2149
2023-10-19T06:50:00.000Z,3647.1752,3647.1752,3644.7571,3646.1937,2765
2023-10-19T06:51:00.000Z,3646.1937,3646.5663,3644.1451,3644.8872,4236
2023-10-19T06:52:00.000Z,3644.8872,3646.4623,3644.8872,3645.673,2986
2023-10-19T06:53:00.000Z,3645.673,3647.0174,3645.4093,3646.1069,2423
2023-10-19T06:54:00.000Z,3646.1069,3646.2893,3644.3801,3646.2893,3644
2023-10-19T06:55:00.000Z,3646.2893,3648.8203,3645.9168,3646.3374,10450
2023-10-19T06:56:00.000Z,3646.3374,3647.8211,3644.806,3647.3748,6441
2023-10-19T06:57:00.000Z,3647.3748,3648.998,3647.3153,3647.4277,5333
2023-10-19T06:58:00.000Z,3647.4277,3648.5527,3645.7217,3648.458,8897
2023-10-19T06:59:00.000Z,3648.458,3649.6525,3646.5307,3648.1093,15484
