time,open,high,low,close,volume
2023-10-05T10:00:00.000Z,17166,17175,17161,17175,148
2023-10-05T10:05:00.000Z,17174,17177,17169,17177,125
2023-10-05T10:10:00.000Z,17178,17185,17176,17182,141
2023-10-05T10:15:00.000Z,17186,17186,17172,17175,157
2023-10-05T10:20:00.000Z,17175,17179,17171,17177,127
2023-10-05T10:25:00.000Z,17179,17184,17178,17184,161
2023-10-05T10:30:00.000Z,17184,17200,17182,17193,240
2023-10-05T10:35:00.000Z,17194,17200,17191,17194,151
2023-10-05T10:40:00.000Z,17194,17197,17184,17191,122
2023-10-05T10:45:00.000Z,17189,17192,17177,17178,152
2023-10-05T10:50:00.000Z,17176,17180,17174,17175,89
2023-10-05T10:55:00.000Z,17176,17185,17174,17185,99
2023-10-05T11:00:00.000Z,17184,17193,17179,17180,137
2023-10-05T11:05:00.000Z,17181,17182,17168,17168,119
2023-10-05T11:10:00.000Z,17170,17177,17169,17173,126
2023-10-05T11:15:00.000Z,17173,17175,17167,17169,131
2023-10-05T11:20:00.000Z,17168,17185,17168,17183,132
2023-10-05T11:25:00.000Z,17181,17187,17179,17182,158
2023-10-05T11:30:00.000Z,17182,17190,17181,17181,160
2023-10-05T11:35:00.000Z,17179,17191,17177,17186,164
2023-10-05T11:40:00.000Z,17187,17199,17187,17199,133
2023-10-05T11:45:00.000Z,17197,17199,17195,17197,115
2023-10-05T11:50:00.000Z,17197,17198,17192,17198,98
2023-10-05T11:55:00.000Z,17197,17204,17196,17200,152
2023-10-05T12:00:00.000Z,17199,17204,17196,17202,175
2023-10-05T12:05:00.000Z,17202,17206,17194,17201,115
2023-10-05T12:10:00.000Z,17200,17201,17193,17198,118
2023-10-05T12:15:00.000Z,17198,17203,17196,17198,107
2023-10-05T12:20:00.000Z,17198,17202,17184,17185,142
2023-10-05T12:25:00.000Z,17186,17191,17184,17191,83
2023-10-05T12:30:00.000Z,17194,17195,17180,17181,316
2023-10-05T12:35:00.000Z,17180,17185,17162,17169,314
2023-10-05T12:40:00.000Z,17169,17171,17161,17168,209
2023-10-05T12:45:00.000Z,17168,17182,17167,17173,217
2023-10-05T12:50:00.000Z,17172,17183,17167,17177,175
2023-10-05T12:55:00.000Z,17178,17189,17177,17189,196
2023-10-05T13:00:00.000Z,17190,17195,17177,17177,226
2023-10-05T13:05:00.000Z,17174,17187,17173,17186,266
2023-10-05T13:10:00.000Z,17188,17188,17176,17177,230
2023-10-05T13:15:00.000Z,17177,17186,17168,17183,229
2023-10-05T13:20:00.000Z,17180,17184,17176,17183,166
2023-10-05T13:25:00.000Z,17182,17202,17179,17185,311
2023-10-05T13:30:00.000Z,17185,17214,17184,17208,610
2023-10-05T13:35:00.000Z,17209,17223,17181,17183,509
2023-10-05T13:40:00.000Z,17183,17194,17169,17188,515
2023-10-05T13:45:00.000Z,17188,17198,17175,17188,456
2023-10-05T13:50:00.000Z,17188,17197,17173,17182,461
2023-10-05T13:55:00.000Z,17182,17210,17182,17207,454
2023-10-05T14:00:00.000Z,17206,17206,17191,17197,450
2023-10-05T14:05:00.000Z,17198,17199,17183,17191,486
2023-10-05T14:10:00.000Z,17192,17210,17183,17207,414
2023-10-05T14:15:00.000Z,17207,17230,17199,17227,385
2023-10-05T14:20:00.000Z,17226,17227,17196,17200,387
2023-10-05T14:25:00.000Z,17199,17221,17199,17211,338
2023-10-05T14:30:00.000Z,17211,17222,17205,17209,352
2023-10-05T14:35:00.000Z,17210,17210,17189,17190,385
2023-10-05T14:40:00.000Z,17189,17192,17180,17189,381
2023-10-05T14:45:00.000Z,17190,17195,17186,17189,337
2023-10-05T14:50:00.000Z,17189,17204,17186,17199,340
2023-10-05T14:55:00.000Z,17200,17204,17193,17199,371
2023-10-05T15:00:00.000Z,17199,17203,17187,17187,386
2023-10-05T15:05:00.000Z,17187,17192,17174,17176,422
2023-10-05T15:10:00.000Z,17177,17197,17176,17190,366
2023-10-05T15:15:00.000Z,17191,17202,17184,17184,322
2023-10-05T15:20:00.000Z,17184,17204,17183,17200,295
2023-10-05T15:25:00.000Z,17200,17201,17187,17196,315
2023-10-05T15:30:00.000Z,17195,17201,17184,17189,270
2023-10-05T15:35:00.000Z,17190,17204,17190,17203,268
2023-10-05T15:40:00.000Z,17204,17210,17192,17192,295
2023-10-05T15:45:00.000Z,17191,17207,17191,17201,338
2023-10-05T15:50:00.000Z,17200,17209,17198,17205,360
2023-10-05T15:55:00.000Z,17207,17209,17196,17199,269
2023-10-05T16:00:00.000Z,17201,17211,17197,17208,330
2023-10-05T16:05:00.000Z,17209,17235,17207,17235,271
2023-10-05T16:10:00.000Z,17233,17244,17221,17240,324
2023-10-05T16:15:00.000Z,17242,17248,17228,17234,312
2023-10-05T16:20:00.000Z,17235,17243,17231,17235,193
2023-10-05T16:25:00.000Z,17236,17245,17234,17242,188
2023-10-05T16:30:00.000Z,17242,17248,17239,17243,208
2023-10-05T16:35:00.000Z,17243,17247,17239,17241,154
2023-10-05T16:40:00.000Z,17240,17240,17231,17238,214
2023-10-05T16:45:00.000Z,17237,17240,17227,17228,257
2023-10-05T16:50:00.000Z,17228,17238,17228,17235,255
2023-10-05T16:55:00.000Z,17235,17241,17229,17241,248
2023-10-05T17:00:00.000Z,17240,17245,17232,17234,200
2023-10-05T17:05:00.000Z,17235,17239,17232,17234,233
2023-10-05T17:10:00.000Z,17236,17249,17235,17247,163
2023-10-05T17:15:00.000Z,17247,17249,17242,17242,209
2023-10-05T17:20:00.000Z,17242,17252,17239,17247,211
2023-10-05T17:25:00.000Z,17245,17253,17245,17253,176
2023-10-05T17:30:00.000Z,17252,17257,17245,17253,248
2023-10-05T17:35:00.000Z,17253,17265,17252,17265,270
2023-10-05T17:40:00.000Z,17264,17269,17262,17265,185
2023-10-05T17:45:00.000Z,17266,17271,17261,17267,196
2023-10-05T17:50:00.000Z,17269,17273,17262,17264,180
2023-10-05T17:55:00.000Z,17263,17268,17257,17268,156
2023-10-05T18:00:00.000Z,17269,17285,17268,17281,192
2023-10-05T18:05:00.000Z,17282,17284,17271,17271,136
2023-10-05T18:10:00.000Z,17272,17280,17270,17277,164
2023-10-05T18:15:00.000Z,17277,17282,17276,17282,208
2023-10-05T18:20:00.000Z,17283,17284,17276,17279,171
2023-10-05T18:25:00.000Z,17280,17280,17274,17279,129
2023-10-05T18:30:00.000Z,17280,17289,17278,17287,144
2023-10-05T18:35:00.000Z,17288,17296,17283,17295,158
2023-10-05T18:40:00.000Z,17295,17300,17282,17287,145
2023-10-05T18:45:00.000Z,17287,17289,17281,17283,123
2023-10-05T18:50:00.000Z,17283,17285,17281,17283,84
2023-10-05T18:55:00.000Z,17283,17284,17279,17282,81
2023-10-06T01:15:00.000Z,17318,17368,17315,17363,611
2023-10-06T01:20:00.000Z,17362,17419,17361,17413,619
2023-10-06T01:25:00.000Z,17415,17434,17403,17408,476
2023-10-06T01:30:00.000Z,17411,17478,17373,17383,979
2023-10-06T01:35:00.000Z,17385,17516,17376,17505,861
2023-10-06T01:40:00.000Z,17503,17511,17452,17467,729
2023-10-06T01:45:00.000Z,17467,17491,17414,17450,661
2023-10-06T01:50:00.000Z,17448,17460,17428,17454,585
2023-10-06T01:55:00.000Z,17448,17488,17438,17483,571
2023-10-06T02:00:00.000Z,17483,17487,17455,17477,447
2023-10-06T02:05:00.000Z,17475,17526,17463,17518,482
2023-10-06T02:10:00.000Z,17516,17535,17498,17509,513
2023-10-06T02:15:00.000Z,17506,17517,17486,17486,431
2023-10-06T02:20:00.000Z,17486,17526,17483,17520,376
2023-10-06T02:25:00.000Z,17519,17527,17508,17515,319
2023-10-06T02:30:00.000Z,17514,17542,17509,17528,339
2023-10-06T02:35:00.000Z,17529,17541,17527,17541,313
2023-10-06T02:40:00.000Z,17541,17570,17535,17564,404
2023-10-06T02:45:00.000Z,17561,17587,17558,17581,399
2023-10-06T02:50:00.000Z,17580,17590,17577,17588,354
2023-10-06T02:55:00.000Z,17587,17599,17574,17595,420
2023-10-06T03:00:00.000Z,17594,17601,17575,17579,396
2023-10-06T03:05:00.000Z,17579,17579,17549,17557,361
2023-10-06T03:10:00.000Z,17554,17561,17537,17540,283
2023-10-06T03:15:00.000Z,17537,17546,17537,17544,245
2023-10-06T03:20:00.000Z,17543,17569,17540,17562,214
2023-10-06T03:25:00.000Z,17563,17563,17556,17562,198
2023-10-06T03:30:00.000Z,17563,17564,17545,17545,208
2023-10-06T03:35:00.000Z,17544,17545,17529,17530,176
2023-10-06T03:40:00.000Z,17529,17530,17519,17524,208
2023-10-06T03:45:00.000Z,17523,17528,17517,17517,196
2023-10-06T03:50:00.000Z,17517,17517,17506,17512,213
2023-10-06T03:55:00.000Z,17511,17526,17511,17525,197
2023-10-06T05:00:00.000Z,17502,17517,17496,17510,351
2023-10-06T05:05:00.000Z,17507,17511,17488,17490,285
2023-10-06T05:10:00.000Z,17488,17488,17464,17471,308
2023-10-06T05:15:00.000Z,17468,17477,17449,17462,284
2023-10-06T05:20:00.000Z,17461,17485,17453,17483,293
2023-10-06T05:25:00.000Z,17480,17484,17464,17465,239
2023-10-06T05:30:00.000Z,17465,17469,17448,17455,294
2023-10-06T05:35:00.000Z,17452,17462,17448,17452,203
2023-10-06T05:40:00.000Z,17450,17457,17442,17442,206
2023-10-06T05:45:00.000Z,17442,17450,17434,17450,252
2023-10-06T05:50:00.000Z,17450,17450,17438,17441,176
2023-10-06T05:55:00.000Z,17441,17441,17417,17427,249
2023-10-06T06:00:00.000Z,17426,17448,17422,17447,224
2023-10-06T06:05:00.000Z,17446,17467,17446,17462,254
2023-10-06T06:10:00.000Z,17461,17475,17459,17467,202
2023-10-06T06:15:00.000Z,17465,17469,17456,17463,163
2023-10-06T06:20:00.000Z,17463,17467,17458,17464,133
2023-10-06T06:25:00.000Z,17464,17464,17443,17443,154
2023-10-06T06:30:00.000Z,17444,17453,17441,17445,158
2023-10-06T06:35:00.000Z,17444,17460,17442,17451,116
2023-10-06T06:40:00.000Z,17450,17450,17423,17425,185
2023-10-06T06:45:00.000Z,17426,17439,17425,17438,119
2023-10-06T06:50:00.000Z,17437,17446,17425,17426,179
2023-10-06T06:55:00.000Z,17427,17441,17424,17439,135
2023-10-06T07:00:00.000Z,17437,17464,17434,17463,274
2023-10-06T07:05:00.000Z,17462,17463,17455,17458,189
2023-10-06T07:10:00.000Z,17458,17467,17452,17457,212
2023-10-06T07:15:00.000Z,17456,17457,17442,17445,188
2023-10-06T07:20:00.000Z,17444,17448,17432,17438,260
2023-10-06T07:25:00.000Z,17438,17445,17434,17436,211
2023-10-06T07:30:00.000Z,17436,17454,17433,17452,237
2023-10-06T07:35:00.000Z,17453,17466,17443,17464,247
2023-10-06T07:40:00.000Z,17464,17484,17458,17467,342
2023-10-06T07:45:00.000Z,17468,17482,17465,17471,255
2023-10-06T07:50:00.000Z,17470,17484,17468,17476,255
2023-10-06T07:55:00.000Z,17475,17489,17473,17485,264
2023-10-06T08:00:00.000Z,17487,17494,17474,17476,262
2023-10-06T08:05:00.000Z,17475,17482,17468,17469,281
2023-10-06T08:10:00.000Z,17468,17473,17462,17462,263
2023-10-06T08:15:00.000Z,17463,17466,17458,17464,192
2023-10-06T08:20:00.000Z,17465,17474,17462,17472,224
2023-10-06T08:25:00.000Z,17470,17486,17470,17473,206
2023-10-06T09:15:00.000Z,17468,17474,17457,17460,98
2023-10-06T09:20:00.000Z,17461,17464,17457,17458,117
2023-10-06T09:25:00.000Z,17458,17467,17457,17467,78
2023-10-06T09:30:00.000Z,17467,17473,17464,17472,118
2023-10-06T09:35:00.000Z,17471,17472,17463,17464,113
2023-10-06T09:40:00.000Z,17466,17472,17464,17469,111
2023-10-06T09:45:00.000Z,17469,17470,17457,17457,83
2023-10-06T09:50:00.000Z,17458,17477,17456,17476,125
2023-10-06T09:55:00.000Z,17476,17487,17476,17484,98
2023-10-06T10:00:00.000Z,17485,17491,17482,17487,98
2023-10-06T10:05:00.000Z,17487,17491,17485,17491,59
2023-10-06T10:10:00.000Z,17490,17497,17489,17492,85
2023-10-06T10:15:00.000Z,17494,17499,17493,17495,95
2023-10-06T10:20:00.000Z,17496,17497,17491,17495,76
2023-10-06T10:25:00.000Z,17495,17503,17493,17502,97
2023-10-06T10:30:00.000Z,17503,17505,17495,17499,76
2023-10-06T10:35:00.000Z,17500,17503,17497,17497,48
2023-10-06T10:40:00.000Z,17498,17502,17494,17501,88
2023-10-06T10:45:00.000Z,17501,17501,17487,17488,81
2023-10-06T10:50:00.000Z,17488,17489,17478,17482,101
2023-10-06T10:55:00.000Z,17483,17488,17478,17484,92
2023-10-06T11:00:00.000Z,17484,17484,17471,17472,100
2023-10-06T11:05:00.000Z,17473,17479,17473,17479,76
2023-10-06T11:10:00.000Z,17479,17487,17479,17479,75
2023-10-06T11:15:00.000Z,17480,17488,17478,17488,81
2023-10-06T11:20:00.000Z,17489,17491,17481,17481,112
2023-10-06T11:25:00.000Z,17481,17485,17476,17476,115
2023-10-06T11:30:00.000Z,17476,17477,17469,17474,129
2023-10-06T11:35:00.000Z,17475,17475,17469,17472,122
2023-10-06T11:40:00.000Z,17472,17476,17471,17476,92
2023-10-06T11:45:00.000Z,17478,17482,17478,17481,117
2023-10-06T11:50:00.000Z,17480,17486,17478,17478,98
2023-10-06T11:55:00.000Z,17479,17480,17470,17470,94
2023-10-06T12:00:00.000Z,17469,17477,17469,17476,152
2023-10-06T12:05:00.000Z,17476,17483,17473,17473,165
2023-10-06T12:10:00.000Z,17473,17474,17464,17471,135
2023-10-06T12:15:00.000Z,17471,17478,17466,17466,155
2023-10-06T12:20:00.000Z,17465,17469,17461,17462,192
2023-10-06T12:25:00.000Z,17461,17479,17459,17476,134
2023-10-06T12:30:00.000Z,17475,17475,17364,17378,837
2023-10-06T12:35:00.000Z,17378,17416,17376,17409,714
2023-10-06T12:40:00.000Z,17408,17418,17392,17401,530
2023-10-06T12:45:00.000Z,17398,17400,17365,17366,428
2023-10-06T12:50:00.000Z,17365,17377,17343,17363,454
2023-10-06T12:55:00.000Z,17361,17370,17349,17359,422
2023-10-06T13:00:00.000Z,17358,17367,17347,17354,400
2023-10-06T13:05:00.000Z,17355,17383,17353,17376,383
2023-10-06T13:10:00.000Z,17377,17396,17372,17379,291
2023-10-06T13:15:00.000Z,17382,17408,17382,17402,275
2023-10-06T13:20:00.000Z,17403,17427,17401,17424,302
2023-10-06T13:25:00.000Z,17423,17429,17409,17411,300
2023-10-06T13:30:00.000Z,17414,17437,17414,17423,647
2023-10-06T13:35:00.000Z,17422,17453,17415,17437,607
2023-10-06T13:40:00.000Z,17437,17462,17419,17459,591
2023-10-06T13:45:00.000Z,17460,17485,17439,17439,556
2023-10-06T13:50:00.000Z,17437,17439,17381,17394,681
2023-10-06T13:55:00.000Z,17394,17407,17365,17393,556
2023-10-06T14:00:00.000Z,17395,17400,17369,17381,592
2023-10-06T14:05:00.000Z,17381,17395,17366,17377,536
2023-10-06T14:10:00.000Z,17376,17409,17372,17391,462
2023-10-06T14:15:00.000Z,17391,17413,17388,17406,496
2023-10-06T14:20:00.000Z,17406,17434,17386,17433,480
2023-10-06T14:25:00.000Z,17433,17458,17428,17455,424
2023-10-06T14:30:00.000Z,17458,17479,17456,17469,437
2023-10-06T14:35:00.000Z,17469,17500,17466,17494,406
2023-10-06T14:40:00.000Z,17495,17503,17482,17487,455
2023-10-06T14:45:00.000Z,17488,17516,17484,17502,449
2023-10-06T14:50:00.000Z,17500,17509,17490,17491,424
2023-10-06T14:55:00.000Z,17491,17503,17479,17501,381
2023-10-06T15:00:00.000Z,17502,17533,17499,17532,358
2023-10-06T15:05:00.000Z,17532,17544,17524,17539,367
2023-10-06T15:10:00.000Z,17538,17566,17533,17566,400
2023-10-06T15:15:00.000Z,17565,17576,17557,17558,372
2023-10-06T15:20:00.000Z,17559,17604,17557,17601,342
2023-10-06T15:25:00.000Z,17603,17618,17587,17603,437
2023-10-06T15:30:00.000Z,17605,17617,17600,17612,379
2023-10-06T15:35:00.000Z,17612,17625,17600,17620,311
2023-10-06T15:40:00.000Z,17620,17635,17618,17621,324
2023-10-06T15:45:00.000Z,17622,17645,17616,17644,249
2023-10-06T15:50:00.000Z,17645,17647,17630,17646,244
2023-10-06T15:55:00.000Z,17646,17654,17640,17649,220
2023-10-06T16:00:00.000Z,17649,17658,17641,17658,256
2023-10-06T16:05:00.000Z,17660,17680,17650,17661,286
2023-10-06T16:10:00.000Z,17660,17661,17636,17637,286
2023-10-06T16:15:00.000Z,17639,17639,17628,17629,300
2023-10-06T16:20:00.000Z,17630,17630,17612,17619,219
2023-10-06T16:25:00.000Z,17617,17632,17614,17624,229
2023-10-06T16:30:00.000Z,17625,17628,17608,17608,231
2023-10-06T16:35:00.000Z,17610,17621,17607,17611,205
2023-10-06T16:40:00.000Z,17612,17627,17609,17626,260
2023-10-06T16:45:00.000Z,17624,17638,17624,17631,161
2023-10-06T16:50:00.000Z,17631,17633,17618,17621,192
2023-10-06T16:55:00.000Z,17621,17624,17615,17622,159
2023-10-06T17:00:00.000Z,17622,17633,17621,17626,183
2023-10-06T17:05:00.000Z,17627,17630,17622,17625,174
2023-10-06T17:10:00.000Z,17626,17645,17621,17645,183
2023-10-06T17:15:00.000Z,17644,17646,17640,17646,179
2023-10-06T17:20:00.000Z,17644,17655,17643,17652,217
2023-10-06T17:25:00.000Z,17652,17656,17647,17651,192
2023-10-06T17:30:00.000Z,17650,17655,17648,17655,164
2023-10-06T17:35:00.000Z,17654,17656,17640,17641,167
2023-10-06T17:40:00.000Z,17642,17647,17638,17640,100
2023-10-06T17:45:00.000Z,17641,17643,17635,17642,145
2023-10-06T17:50:00.000Z,17642,17646,17639,17644,116
2023-10-06T17:55:00.000Z,17644,17651,17644,17649,162
2023-10-06T18:00:00.000Z,17648,17652,17641,17649,195
2023-10-06T18:05:00.000Z,17650,17654,17643,17653,122
2023-10-06T18:10:00.000Z,17653,17659,17650,17653,154
2023-10-06T18:15:00.000Z,17653,17654,17647,17651,146
2023-10-06T18:20:00.000Z,17652,17658,17652,17655,84
2023-10-06T18:25:00.000Z,17655,17667,17653,17667,127
2023-10-06T18:30:00.000Z,17668,17683,17664,17681,122
2023-10-06T18:35:00.000Z,17681,17690,17675,17680,121
2023-10-06T18:40:00.000Z,17676,17685,17674,17679,150
2023-10-06T18:45:00.000Z,17680,17684,17675,17681,128
2023-10-06T18:50:00.000Z,17680,17680,17666,17666,114
2023-10-06T18:55:00.000Z,17664,17674,17663,17665,70
2023-10-09T06:00:00.000Z,17487,17567,17482,17556,995
2023-10-09T06:05:00.000Z,17555,17579,17495,17579,876
2023-10-09T06:10:00.000Z,17578,17591,17529,17559,888
2023-10-09T06:15:00.000Z,17558,17591,17537,17586,784
2023-10-09T06:20:00.000Z,17582,17617,17580,17598,712
2023-10-09T06:25:00.000Z,17599,17599,17570,17572,603
2023-10-09T06:30:00.000Z,17571,17578,17559,17561,531
2023-10-09T06:35:00.000Z,17561,17612,17553,17599,523
2023-10-09T06:40:00.000Z,17597,17608,17582,17602,472
2023-10-09T06:45:00.000Z,17603,17613,17583,17599,477
2023-10-09T06:50:00.000Z,17600,17603,17563,17566,443
2023-10-09T06:55:00.000Z,17565,17568,17533,17535,420
2023-10-09T07:00:00.000Z,17534,17540,17509,17533,393
2023-10-09T07:05:00.000Z,17534,17538,17417,17448,640
2023-10-09T07:10:00.000Z,17451,17478,17439,17442,580
2023-10-09T07:15:00.000Z,17439,17452,17420,17438,504
2023-10-09T07:20:00.000Z,17436,17470,17419,17456,439
2023-10-09T07:25:00.000Z,17455,17482,17453,17465,372
2023-10-09T07:30:00.000Z,17467,17490,17465,17481,336
2023-10-09T07:35:00.000Z,17482,17493,17460,17461,335
2023-10-09T07:40:00.000Z,17461,17472,17455,17456,278
2023-10-09T07:45:00.000Z,17455,17486,17449,17484,294
2023-10-09T07:50:00.000Z,17485,17504,17475,17495,350
2023-10-09T07:55:00.000Z,17496,17511,17494,17506,273
2023-10-09T08:00:00.000Z,17507,17538,17501,17519,281
2023-10-09T08:05:00.000Z,17518,17523,17491,17492,287
2023-10-09T08:10:00.000Z,17491,17518,17491,17517,251
2023-10-09T08:15:00.000Z,17516,17523,17510,17523,143
2023-10-09T08:20:00.000Z,17522,17527,17508,17509,147
2023-10-09T08:25:00.000Z,17508,17522,17507,17518,199
2023-10-09T09:15:00.000Z,17561,17562,17526,17539,204
2023-10-09T09:20:00.000Z,17540,17560,17540,17557,102
2023-10-09T09:25:00.000Z,17556,17573,17542,17542,159
2023-10-09T09:30:00.000Z,17542,17553,17541,17547,141
2023-10-09T09:35:00.000Z,17547,17555,17540,17540,108
2023-10-09T09:40:00.000Z,17539,17546,17535,17540,97
2023-10-09T09:45:00.000Z,17541,17547,17534,17534,99
2023-10-09T09:50:00.000Z,17536,17543,17534,17542,113
2023-10-09T09:55:00.000Z,17542,17550,17538,17543,98
2023-10-09T10:00:00.000Z,17544,17548,17541,17542,114
2023-10-09T10:05:00.000Z,17543,17544,17536,17538,111
2023-10-09T10:10:00.000Z,17539,17544,17537,17540,65
2023-10-09T10:15:00.000Z,17541,17547,17540,17540,88
2023-10-09T10:20:00.000Z,17539,17539,17529,17532,107
2023-10-09T10:25:00.000Z,17532,17532,17519,17520,106
2023-10-09T10:30:00.000Z,17520,17525,17519,17524,42
2023-10-09T10:35:00.000Z,17526,17533,17524,17530,91
2023-10-09T10:40:00.000Z,17530,17530,17519,17520,87
2023-10-09T10:45:00.000Z,17519,17522,17516,17521,61
2023-10-09T10:50:00.000Z,17522,17528,17518,17519,88
2023-10-09T10:55:00.000Z,17518,17519,17514,17514,81
2023-10-09T11:00:00.000Z,17514,17517,17510,17513,110
2023-10-09T11:05:00.000Z,17511,17513,17496,17508,143
2023-10-09T11:10:00.000Z,17510,17514,17504,17504,71
2023-10-09T11:15:00.000Z,17505,17508,17501,17502,79
2023-10-09T11:20:00.000Z,17502,17506,17499,17502,92
2023-10-09T11:25:00.000Z,17503,17504,17496,17498,55
2023-10-09T11:30:00.000Z,17497,17503,17496,17500,110
2023-10-09T11:35:00.000Z,17500,17511,17499,17509,103
2023-10-09T11:40:00.000Z,17510,17511,17496,17497,70
2023-10-09T11:45:00.000Z,17496,17506,17491,17505,75
2023-10-09T11:50:00.000Z,17507,17512,17506,17508,65
2023-10-09T11:55:00.000Z,17508,17509,17499,17505,72
2023-10-09T12:00:00.000Z,17504,17509,17476,17499,165
2023-10-09T12:05:00.000Z,17499,17515,17499,17513,108
2023-10-09T12:10:00.000Z,17512,17514,17508,17511,107
2023-10-09T12:15:00.000Z,17513,17516,17507,17510,76
2023-10-09T12:20:00.000Z,17510,17510,17499,17503,152
2023-10-09T12:25:00.000Z,17504,17513,17503,17507,115
2023-10-09T12:30:00.000Z,17507,17507,17488,17492,100
2023-10-09T12:35:00.000Z,17491,17495,17475,17476,154
2023-10-09T12:40:00.000Z,17477,17480,17471,17478,118
2023-10-09T12:45:00.000Z,17479,17488,17471,17487,166
2023-10-09T12:50:00.000Z,17488,17493,17486,17492,151
2023-10-09T12:55:00.000Z,17493,17493,17482,17482,114
2023-10-09T13:00:00.000Z,17482,17505,17482,17494,287
2023-10-09T13:05:00.000Z,17494,17499,17477,17483,135
2023-10-09T13:10:00.000Z,17481,17485,17464,17467,113
2023-10-09T13:15:00.000Z,17466,17470,17456,17458,171
2023-10-09T13:20:00.000Z,17459,17471,17456,17468,170
2023-10-09T13:25:00.000Z,17465,17473,17458,17459,183
2023-10-09T13:30:00.000Z,17460,17490,17445,17462,676
2023-10-09T13:35:00.000Z,17461,17478,17444,17465,509
2023-10-09T13:40:00.000Z,17464,17499,17458,17497,477
2023-10-09T13:45:00.000Z,17496,17503,17464,17475,420
2023-10-09T13:50:00.000Z,17476,17491,17464,17488,330
2023-10-09T13:55:00.000Z,17488,17504,17480,17490,364
2023-10-09T14:00:00.000Z,17491,17495,17459,17459,342
2023-10-09T14:05:00.000Z,17460,17468,17447,17453,318
2023-10-09T14:10:00.000Z,17452,17463,17445,17463,322
2023-10-09T14:15:00.000Z,17463,17479,17458,17469,299
2023-10-09T14:20:00.000Z,17470,17482,17457,17481,281
2023-10-09T14:25:00.000Z,17482,17483,17466,17477,266
2023-10-09T14:30:00.000Z,17477,17489,17472,17480,266
2023-10-09T14:35:00.000Z,17479,17488,17477,17479,247
2023-10-09T14:40:00.000Z,17480,17490,17475,17489,226
2023-10-09T14:45:00.000Z,17488,17488,17463,17468,246
2023-10-09T14:50:00.000Z,17467,17478,17466,17477,243
2023-10-09T14:55:00.000Z,17477,17483,17473,17482,189
2023-10-09T15:00:00.000Z,17481,17497,17478,17497,166
2023-10-09T15:05:00.000Z,17496,17507,17491,17502,222
2023-10-09T15:10:00.000Z,17503,17506,17494,17499,208
2023-10-09T15:15:00.000Z,17499,17507,17493,17501,200
2023-10-09T15:20:00.000Z,17500,17502,17492,17495,149
2023-10-09T15:25:00.000Z,17495,17505,17495,17502,131
2023-10-09T15:30:00.000Z,17502,17515,17500,17513,222
2023-10-09T15:35:00.000Z,17513,17523,17509,17519,167
2023-10-09T15:40:00.000Z,17517,17517,17489,17495,194
2023-10-09T15:45:00.000Z,17494,17506,17488,17505,229
2023-10-09T15:50:00.000Z,17503,17513,17500,17509,158
2023-10-09T15:55:00.000Z,17508,17517,17507,17513,167
2023-10-09T16:00:00.000Z,17513,17518,17506,17506,117
2023-10-09T16:05:00.000Z,17505,17521,17505,17515,157
2023-10-09T16:10:00.000Z,17515,17518,17509,17509,119
2023-10-09T16:15:00.000Z,17509,17513,17505,17511,104
2023-10-09T16:20:00.000Z,17511,17518,17511,17514,110
2023-10-09T16:25:00.000Z,17514,17514,17493,17493,109
2023-10-09T16:30:00.000Z,17494,17499,17492,17497,115
2023-10-09T16:35:00.000Z,17496,17496,17485,17492,194
2023-10-09T16:40:00.000Z,17492,17499,17488,17490,131
2023-10-09T16:45:00.000Z,17490,17496,17487,17491,133
2023-10-09T16:50:00.000Z,17492,17495,17485,17488,148
2023-10-09T16:55:00.000Z,17488,17491,17479,17489,133
2023-10-09T17:00:00.000Z,17490,17496,17489,17493,110
2023-10-09T17:05:00.000Z,17492,17502,17490,17500,123
2023-10-09T17:10:00.000Z,17501,17510,17496,17509,138
2023-10-09T17:15:00.000Z,17510,17515,17507,17512,79
2023-10-09T17:20:00.000Z,17511,17516,17508,17516,117
2023-10-09T17:25:00.000Z,17517,17531,17516,17529,87
2023-10-09T17:30:00.000Z,17530,17548,17530,17547,165
2023-10-09T17:35:00.000Z,17549,17556,17542,17555,153
2023-10-09T17:40:00.000Z,17556,17583,17555,17576,189
2023-10-09T17:45:00.000Z,17575,17587,17570,17579,203
2023-10-09T17:50:00.000Z,17579,17588,17577,17578,146
2023-10-09T17:55:00.000Z,17578,17584,17575,17583,177
2023-10-09T18:00:00.000Z,17582,17593,17575,17589,263
2023-10-09T18:05:00.000Z,17590,17594,17586,17592,139
2023-10-09T18:10:00.000Z,17592,17597,17589,17589,107
2023-10-09T18:15:00.000Z,17590,17596,17587,17587,134
2023-10-09T18:20:00.000Z,17588,17604,17585,17603,132
2023-10-09T18:25:00.000Z,17604,17607,17599,17604,105
2023-10-09T18:30:00.000Z,17604,17607,17595,17597,156
2023-10-09T18:35:00.000Z,17599,17600,17587,17600,135
2023-10-09T18:40:00.000Z,17598,17607,17598,17602,129
2023-10-09T18:45:00.000Z,17602,17602,17597,17599,97
2023-10-09T18:50:00.000Z,17598,17605,17598,17604,85
2023-10-09T18:55:00.000Z,17607,17610,17598,17600,92
2023-10-10T01:15:00.000Z,17704,17839,17692,17763,864
2023-10-10T01:20:00.000Z,17763,17836,17754,17829,762
2023-10-10T01:25:00.000Z,17830,17855,17830,17846,599
2023-10-10T01:30:00.000Z,17851,17878,17814,17830,1044
2023-10-10T01:35:00.000Z,17833,17902,17816,17855,992
2023-10-10T01:40:00.000Z,17856,17870,17824,17837,891
2023-10-10T01:45:00.000Z,17838,17893,17830,17884,789
2023-10-10T01:50:00.000Z,17886,17922,17879,17908,789
2023-10-10T01:55:00.000Z,17910,17912,17852,17874,675
2023-10-10T02:00:00.000Z,17875,17905,17873,17903,617
2023-10-10T02:05:00.000Z,17903,17918,17889,17905,627
2023-10-10T02:10:00.000Z,17905,17907,17867,17870,601
2023-10-10T02:15:00.000Z,17869,17888,17854,17881,631
2023-10-10T02:20:00.000Z,17882,17884,17818,17821,613
2023-10-10T02:25:00.000Z,17822,17845,17811,17842,542
2023-10-10T02:30:00.000Z,17845,17851,17819,17828,493
2023-10-10T02:35:00.000Z,17828,17844,17815,17839,433
2023-10-10T02:40:00.000Z,17840,17845,17823,17825,358
2023-10-10T02:45:00.000Z,17826,17827,17745,17748,506
2023-10-10T02:50:00.000Z,17747,17748,17725,17740,627
2023-10-10T02:55:00.000Z,17735,17741,17714,17715,518
2023-10-10T03:00:00.000Z,17714,17728,17705,17712,455
2023-10-10T03:05:00.000Z,17710,17732,17703,17719,458
2023-10-10T03:10:00.000Z,17717,17729,17691,17705,424
2023-10-10T03:15:00.000Z,17703,17717,17684,17694,403
2023-10-10T03:20:00.000Z,17693,17709,17685,17708,396
2023-10-10T03:25:00.000Z,17707,17731,17699,17730,342
2023-10-10T03:30:00.000Z,17729,17748,17727,17743,311
2023-10-10T03:35:00.000Z,17744,17761,17744,17747,251
2023-10-10T03:40:00.000Z,17748,17751,17736,17742,212
2023-10-10T03:45:00.000Z,17743,17748,17734,17735,166
2023-10-10T03:50:00.000Z,17736,17740,17731,17737,155
2023-10-10T03:55:00.000Z,17737,17739,17729,17735,146
2023-10-10T05:00:00.000Z,17731,17732,17708,17729,555
2023-10-10T05:05:00.000Z,17731,17750,17722,17746,368
2023-10-10T05:10:00.000Z,17745,17746,17725,17729,341
2023-10-10T05:15:00.000Z,17729,17729,17708,17714,406
2023-10-10T05:20:00.000Z,17715,17719,17705,17705,360
2023-10-10T05:25:00.000Z,17704,17708,17686,17687,282
2023-10-10T05:30:00.000Z,17688,17720,17683,17716,297
2023-10-10T05:35:00.000Z,17715,17735,17713,17734,305
2023-10-10T05:40:00.000Z,17735,17755,17731,17740,339
2023-10-10T05:45:00.000Z,17740,17744,17725,17731,366
2023-10-10T05:50:00.000Z,17732,17733,17696,17696,322
2023-10-10T05:55:00.000Z,17697,17707,17687,17698,360
2023-10-10T06:00:00.000Z,17696,17705,17685,17699,389
2023-10-10T06:05:00.000Z,17698,17707,17661,17663,380
2023-10-10T06:10:00.000Z,17664,17668,17645,17645,364
2023-10-10T06:15:00.000Z,17647,17658,17638,17658,382
2023-10-10T06:20:00.000Z,17657,17664,17643,17664,316
2023-10-10T06:25:00.000Z,17665,17670,17650,17655,275
2023-10-10T06:30:00.000Z,17656,17661,17639,17647,312
2023-10-10T06:35:00.000Z,17647,17657,17632,17639,314
2023-10-10T06:40:00.000Z,17638,17644,17632,17635,292
2023-10-10T06:45:00.000Z,17635,17648,17634,17647,310
2023-10-10T06:50:00.000Z,17648,17658,17640,17655,281
2023-10-10T06:55:00.000Z,17656,17660,17652,17658,239
2023-10-10T07:00:00.000Z,17657,17671,17650,17660,322
2023-10-10T07:05:00.000Z,17660,17671,17651,17658,318
2023-10-10T07:10:00.000Z,17657,17659,17639,17640,318
2023-10-10T07:15:00.000Z,17641,17657,17626,17652,356
2023-10-10T07:20:00.000Z,17650,17672,17650,17669,311
2023-10-10T07:25:00.000Z,17670,17672,17660,17660,302
2023-10-10T07:30:00.000Z,17661,17670,17656,17657,248
2023-10-10T07:35:00.000Z,17658,17678,17655,17676,224
2023-10-10T07:40:00.000Z,17677,17678,17666,17670,367
2023-10-10T07:45:00.000Z,17671,17673,17645,17661,467
2023-10-10T07:50:00.000Z,17659,17666,17648,17654,513
2023-10-10T07:55:00.000Z,17653,17680,17653,17677,313
2023-10-10T08:00:00.000Z,17678,17679,17659,17661,267
2023-10-10T08:05:00.000Z,17660,17671,17636,17639,271
2023-10-10T08:10:00.000Z,17640,17771,17637,17729,558
2023-10-10T08:15:00.000Z,17725,17779,17723,17757,692
2023-10-10T08:20:00.000Z,17760,17804,17756,17798,471
2023-10-10T08:25:00.000Z,17796,17833,17796,17825,454
2023-10-10T09:15:00.000Z,17787,17829,17784,17807,284
2023-10-10T09:20:00.000Z,17806,17827,17803,17817,169
2023-10-10T09:25:00.000Z,17817,17826,17812,17824,132
2023-10-10T09:30:00.000Z,17825,17829,17805,17827,191
2023-10-10T09:35:00.000Z,17824,17830,17816,17827,168
2023-10-10T09:40:00.000Z,17828,17836,17826,17832,127
2023-10-10T09:45:00.000Z,17831,17836,17819,17819,148
2023-10-10T09:50:00.000Z,17820,17832,17819,17819,96
2023-10-10T09:55:00.000Z,17820,17820,17802,17804,162
2023-10-10T10:00:00.000Z,17802,17804,17793,17796,116
2023-10-10T10:05:00.000Z,17794,17806,17794,17803,118
2023-10-10T10:10:00.000Z,17802,17805,17787,17795,141
2023-10-10T10:15:00.000Z,17796,17799,17785,17786,99
2023-10-10T10:20:00.000Z,17786,17795,17786,17791,74
2023-10-10T10:25:00.000Z,17793,17801,17790,17791,88
2023-10-10T10:30:00.000Z,17790,17795,17789,17793,101
2023-10-10T10:35:00.000Z,17791,17791,17782,17785,99
2023-10-10T10:40:00.000Z,17786,17798,17785,17797,83
2023-10-10T10:45:00.000Z,17798,17799,17796,17799,93
2023-10-10T10:50:00.000Z,17799,17807,17798,17805,105
2023-10-10T10:55:00.000Z,17804,17805,17787,17788,111
2023-10-10T11:00:00.000Z,17789,17790,17783,17783,121
2023-10-10T11:05:00.000Z,17783,17784,17770,17774,154
2023-10-10T11:10:00.000Z,17773,17774,17755,17766,126
2023-10-10T11:15:00.000Z,17766,17776,17762,17776,128
2023-10-10T11:20:00.000Z,17777,17782,17769,17780,154
2023-10-10T11:25:00.000Z,17781,17781,17774,17775,111
2023-10-10T11:30:00.000Z,17774,17783,17767,17767,115
2023-10-10T11:35:00.000Z,17768,17785,17760,17785,185
2023-10-10T11:40:00.000Z,17784,17789,17777,17782,119
2023-10-10T11:45:00.000Z,17783,17784,17771,17772,115
2023-10-10T11:50:00.000Z,17771,17771,17763,17766,129
2023-10-10T11:55:00.000Z,17766,17768,17760,17763,170
2023-10-10T12:00:00.000Z,17762,17774,17756,17768,165
2023-10-10T12:05:00.000Z,17769,17776,17768,17775,113
2023-10-10T12:10:00.000Z,17776,17785,17771,17783,144
2023-10-10T12:15:00.000Z,17784,17785,17772,17773,155
2023-10-10T12:20:00.000Z,17774,17780,17768,17772,214
2023-10-10T12:25:00.000Z,17771,17776,17767,17770,181
2023-10-10T12:30:00.000Z,17771,17780,17771,17776,180
2023-10-10T12:35:00.000Z,17775,17779,17769,17778,154
2023-10-10T12:40:00.000Z,17779,17782,17772,17778,211
2023-10-10T12:45:00.000Z,17778,17784,17774,17781,207
2023-10-10T12:50:00.000Z,17781,17796,17774,17796,139
2023-10-10T12:55:00.000Z,17796,17805,17793,17805,143
2023-10-10T13:00:00.000Z,17804,17805,17787,17787,185
2023-10-10T13:05:00.000Z,17787,17800,17786,17792,150
2023-10-10T13:10:00.000Z,17793,17808,17792,17808,153
2023-10-10T13:15:00.000Z,17807,17814,17806,17810,143
2023-10-10T13:20:00.000Z,17811,17811,17789,17789,136
2023-10-10T13:25:00.000Z,17789,17797,17788,17793,120
2023-10-10T13:30:00.000Z,17794,17829,17776,17816,623
2023-10-10T13:35:00.000Z,17815,17829,17811,17823,482
2023-10-10T13:40:00.000Z,17823,17837,17813,17822,384
2023-10-10T13:45:00.000Z,17823,17843,17807,17843,435
2023-10-10T13:50:00.000Z,17844,17857,17834,17840,339
2023-10-10T13:55:00.000Z,17838,17865,17831,17865,289
2023-10-10T14:00:00.000Z,17866,17892,17860,17892,404
2023-10-10T14:05:00.000Z,17892,17908,17889,17895,350
2023-10-10T14:10:00.000Z,17895,17908,17891,17908,283
2023-10-10T14:15:00.000Z,17909,17920,17893,17920,236
2023-10-10T14:20:00.000Z,17918,17926,17906,17921,295
2023-10-10T14:25:00.000Z,17922,17940,17919,17932,321
2023-10-10T14:30:00.000Z,17934,17953,17928,17949,275
2023-10-10T14:35:00.000Z,17948,17954,17935,17938,243
2023-10-10T14:40:00.000Z,17937,17945,17922,17923,280
2023-10-10T14:45:00.000Z,17923,17923,17909,17912,241
2023-10-10T14:50:00.000Z,17911,17938,17909,17923,265
2023-10-10T14:55:00.000Z,17922,17931,17917,17926,205
2023-10-10T15:00:00.000Z,17925,17930,17922,17928,169
2023-10-10T15:05:00.000Z,17928,17943,17926,17928,210
2023-10-10T15:10:00.000Z,17929,17944,17926,17943,126
2023-10-10T15:15:00.000Z,17942,17945,17926,17929,198
2023-10-10T15:20:00.000Z,17931,17931,17912,17919,216
2023-10-10T15:25:00.000Z,17919,17927,17912,17913,189
2023-10-10T15:30:00.000Z,17914,17928,17910,17921,239
2023-10-10T15:35:00.000Z,17923,17923,17912,17920,238
2023-10-10T15:40:00.000Z,17921,17931,17918,17929,148
2023-10-10T15:45:00.000Z,17929,17930,17914,17920,180
2023-10-10T15:50:00.000Z,17921,17924,17917,17917,230
2023-10-10T15:55:00.000Z,17918,17929,17917,17928,183
2023-10-10T16:00:00.000Z,17928,17929,17922,17926,192
2023-10-10T16:05:00.000Z,17927,17927,17922,17925,114
2023-10-10T16:10:00.000Z,17924,17931,17924,17927,129
2023-10-10T16:15:00.000Z,17927,17932,17922,17931,135
2023-10-10T16:20:00.000Z,17930,17932,17921,17928,162
2023-10-10T16:25:00.000Z,17927,17937,17927,17934,121
2023-10-10T16:30:00.000Z,17935,17938,17929,17938,119
2023-10-10T16:35:00.000Z,17938,17938,17933,17935,127
2023-10-10T16:40:00.000Z,17936,17940,17935,17938,189
2023-10-10T16:45:00.000Z,17938,17940,17923,17924,127
2023-10-10T16:50:00.000Z,17925,17930,17920,17925,159
2023-10-10T16:55:00.000Z,17924,17927,17919,17927,163
2023-10-10T17:00:00.000Z,17926,17926,17904,17904,182
2023-10-10T17:05:00.000Z,17904,17909,17899,17903,264
2023-10-10T17:10:00.000Z,17905,17911,17895,17898,207
2023-10-10T17:15:00.000Z,17899,17913,17894,17911,204
2023-10-10T17:20:00.000Z,17911,17924,17910,17921,212
2023-10-10T17:25:00.000Z,17920,17924,17916,17922,191
2023-10-10T17:30:00.000Z,17923,17924,17913,17915,228
2023-10-10T17:35:00.000Z,17914,17924,17914,17917,238
2023-10-10T17:40:00.000Z,17918,17927,17915,17927,157
2023-10-10T17:45:00.000Z,17926,17936,17923,17936,213
2023-10-10T17:50:00.000Z,17935,17937,17922,17929,205
2023-10-10T17:55:00.000Z,17928,17932,17926,17931,184
2023-10-10T18:00:00.000Z,17931,17938,17927,17938,191
2023-10-10T18:05:00.000Z,17938,17938,17930,17930,128
2023-10-10T18:10:00.000Z,17932,17938,17930,17930,141
2023-10-10T18:15:00.000Z,17932,17934,17929,17934,146
2023-10-10T18:20:00.000Z,17935,17936,17928,17933,113
2023-10-10T18:25:00.000Z,17932,17942,17924,17937,175
2023-10-10T18:30:00.000Z,17939,17947,17936,17946,110
2023-10-10T18:35:00.000Z,17947,17947,17930,17938,150
2023-10-10T18:40:00.000Z,17939,17951,17938,17950,106
2023-10-10T18:45:00.000Z,17949,17957,17948,17954,162
2023-10-10T18:50:00.000Z,17950,17951,17934,17934,186
2023-10-10T18:55:00.000Z,17933,17936,17926,17929,104
2023-10-11T01:15:00.000Z,17971,17991,17959,17961,622
2023-10-11T01:20:00.000Z,17960,17984,17951,17956,585
2023-10-11T01:25:00.000Z,17957,17970,17952,17963,391
2023-10-11T01:30:00.000Z,17962,17962,17907,17954,1004
2023-10-11T01:35:00.000Z,17955,17979,17925,17925,839
2023-10-11T01:40:00.000Z,17926,17968,17922,17949,764
2023-10-11T01:45:00.000Z,17949,18000,17949,17987,779
2023-10-11T01:50:00.000Z,17988,18015,17976,17976,741
2023-10-11T01:55:00.000Z,17976,17980,17946,17954,631
2023-10-11T02:00:00.000Z,17953,17968,17932,17934,624
2023-10-11T02:05:00.000Z,17934,17944,17916,17921,627
2023-10-11T02:10:00.000Z,17922,17942,17915,17931,484
2023-10-11T02:15:00.000Z,17932,17956,17928,17939,532
2023-10-11T02:20:00.000Z,17939,17942,17893,17908,549
2023-10-11T02:25:00.000Z,17908,17938,17905,17922,429
2023-10-11T02:30:00.000Z,17923,17958,17921,17937,462
2023-10-11T02:35:00.000Z,17940,17959,17928,17949,418
2023-10-11T02:40:00.000Z,17948,17952,17929,17950,403
2023-10-11T02:45:00.000Z,17950,17960,17934,17936,375
2023-10-11T02:50:00.000Z,17937,17945,17925,17929,353
2023-10-11T02:55:00.000Z,17928,17933,17893,17895,389
2023-10-11T03:00:00.000Z,17894,17918,17883,17918,444
2023-10-11T03:05:00.000Z,17918,17927,17903,17926,323
2023-10-11T03:10:00.000Z,17926,17939,17919,17931,319
2023-10-11T03:15:00.000Z,17932,17944,17914,17924,344
2023-10-11T03:20:00.000Z,17924,17930,17907,17918,325
2023-10-11T03:25:00.000Z,17918,17920,17905,17915,309
2023-10-11T03:30:00.000Z,17916,17930,17914,17930,174
2023-10-11T03:35:00.000Z,17929,17940,17924,17928,196
2023-10-11T03:40:00.000Z,17929,17945,17928,17943,170
2023-10-11T03:45:00.000Z,17943,17945,17916,17922,203
2023-10-11T03:50:00.000Z,17923,17927,17918,17918,137
2023-10-11T03:55:00.000Z,17919,17922,17915,17920,144
2023-10-11T05:00:00.000Z,17909,17959,17904,17955,484
2023-10-11T05:05:00.000Z,17954,17964,17943,17958,383
2023-10-11T05:10:00.000Z,17957,17971,17944,17959,376
2023-10-11T05:15:00.000Z,17956,17971,17948,17963,312
2023-10-11T05:20:00.000Z,17964,17987,17953,17979,422
2023-10-11T05:25:00.000Z,17980,17999,17977,17984,392
2023-10-11T05:30:00.000Z,17984,18008,17981,17994,373
2023-10-11T05:35:00.000Z,17993,17999,17965,17965,352
2023-10-11T05:40:00.000Z,17966,17980,17958,17977,327
2023-10-11T05:45:00.000Z,17978,18027,17976,18007,405
2023-10-11T05:50:00.000Z,18007,18015,17995,17997,362
2023-10-11T05:55:00.000Z,17998,17998,17967,17968,313
2023-10-11T06:00:00.000Z,17968,17976,17927,17927,418
2023-10-11T06:05:00.000Z,17929,17934,17899,17905,426
2023-10-11T06:10:00.000Z,17905,17925,17904,17919,315
2023-10-11T06:15:00.000Z,17918,17923,17903,17905,339
2023-10-11T06:20:00.000Z,17904,17919,17903,17905,351
2023-10-11T06:25:00.000Z,17905,17926,17905,17923,295
2023-10-11T06:30:00.000Z,17923,17935,17918,17934,297
2023-10-11T06:35:00.000Z,17935,17945,17930,17944,216
2023-10-11T06:40:00.000Z,17944,17959,17943,17946,285
2023-10-11T06:45:00.000Z,17945,17961,17943,17957,307
2023-10-11T06:50:00.000Z,17957,17959,17940,17942,237
2023-10-11T06:55:00.000Z,17942,17946,17924,17926,301
2023-10-11T07:00:00.000Z,17926,17936,17925,17925,215
2023-10-11T07:05:00.000Z,17925,17935,17917,17918,231
2023-10-11T07:10:00.000Z,17918,17924,17911,17922,164
2023-10-11T07:15:00.000Z,17922,17925,17911,17918,255
2023-10-11T07:20:00.000Z,17919,17928,17914,17921,215
2023-10-11T07:25:00.000Z,17920,17924,17902,17909,311
2023-10-11T07:30:00.000Z,17910,17917,17906,17907,209
2023-10-11T07:35:00.000Z,17906,17922,17906,17921,213
2023-10-11T07:40:00.000Z,17921,17951,17921,17948,285
2023-10-11T07:45:00.000Z,17948,17952,17944,17952,289
2023-10-11T07:50:00.000Z,17950,17958,17939,17944,311
2023-10-11T07:55:00.000Z,17943,17944,17927,17936,319
2023-10-11T08:00:00.000Z,17935,17937,17914,17916,262
2023-10-11T08:05:00.000Z,17916,17921,17876,17889,427
2023-10-11T08:10:00.000Z,17888,17890,17874,17881,312
2023-10-11T08:15:00.000Z,17882,17883,17864,17878,271
2023-10-11T08:20:00.000Z,17879,17886,17877,17877,164
2023-10-11T08:25:00.000Z,17878,17897,17878,17886,203
2023-10-11T09:15:00.000Z,17894,17902,17888,17897,155
2023-10-11T09:20:00.000Z,17897,17897,17883,17889,134
2023-10-11T09:25:00.000Z,17891,17901,17891,17893,138
2023-10-11T09:30:00.000Z,17893,17899,17893,17894,112
2023-10-11T09:35:00.000Z,17894,17896,17886,17887,82
2023-10-11T09:40:00.000Z,17887,17898,17887,17898,80
2023-10-11T09:45:00.000Z,17899,17904,17895,17899,101
2023-10-11T09:50:00.000Z,17900,17902,17892,17893,64
2023-10-11T09:55:00.000Z,17894,17900,17890,17890,78
2023-10-11T10:00:00.000Z,17892,17894,17887,17891,83
2023-10-11T10:05:00.000Z,17890,17893,17884,17891,90
2023-10-11T10:10:00.000Z,17891,17894,17882,17884,113
2023-10-11T10:15:00.000Z,17883,17889,17879,17887,96
2023-10-11T10:20:00.000Z,17888,17889,17880,17882,85
2023-10-11T10:25:00.000Z,17883,17886,17880,17881,74
2023-10-11T10:30:00.000Z,17882,17884,17870,17873,125
2023-10-11T10:35:00.000Z,17874,17888,17874,17887,129
2023-10-11T10:40:00.000Z,17887,17891,17885,17889,94
2023-10-11T10:45:00.000Z,17889,17891,17885,17888,128
2023-10-11T10:50:00.000Z,17888,17888,17878,17884,114
2023-10-11T10:55:00.000Z,17885,17885,17878,17881,96
2023-10-11T11:00:00.000Z,17880,17888,17877,17888,90
2023-10-11T11:05:00.000Z,17887,17895,17885,17891,108
2023-10-11T11:10:00.000Z,17890,17892,17885,17890,80
2023-10-11T11:15:00.000Z,17891,17899,17890,17899,78
2023-10-11T11:20:00.000Z,17900,17908,17899,17908,81
2023-10-11T11:25:00.000Z,17908,17910,17900,17908,122
2023-10-11T11:30:00.000Z,17909,17914,17900,17912,110
2023-10-11T11:35:00.000Z,17913,17913,17904,17907,115
2023-10-11T11:40:00.000Z,17906,17906,17896,17902,120
2023-10-11T11:45:00.000Z,17901,17904,17897,17903,77
2023-10-11T11:50:00.000Z,17904,17904,17898,17903,80
2023-10-11T11:55:00.000Z,17902,17903,17900,17901,72
2023-10-11T12:00:00.000Z,17900,17904,17892,17904,160
2023-10-11T12:05:00.000Z,17905,17926,17900,17924,137
2023-10-11T12:10:00.000Z,17923,17936,17922,17934,196
2023-10-11T12:15:00.000Z,17934,17952,17930,17949,192
2023-10-11T12:20:00.000Z,17947,17965,17946,17963,176
2023-10-11T12:25:00.000Z,17962,17978,17961,17978,200
2023-10-11T12:30:00.000Z,17979,17987,17947,17986,407
2023-10-11T12:35:00.000Z,17985,18018,17985,18018,302
2023-10-11T12:40:00.000Z,18017,18042,18009,18041,338
2023-10-11T12:45:00.000Z,18040,18074,18036,18072,312
2023-10-11T12:50:00.000Z,18073,18114,18064,18112,395
2023-10-11T12:55:00.000Z,18107,18118,18079,18089,347
2023-10-11T13:00:00.000Z,18088,18104,18063,18072,312
2023-10-11T13:05:00.000Z,18074,18095,18074,18080,249
2023-10-11T13:10:00.000Z,18078,18087,18056,18060,227
2023-10-11T13:15:00.000Z,18059,18083,18054,18081,265
2023-10-11T13:20:00.000Z,18080,18084,18071,18076,199
2023-10-11T13:25:00.000Z,18078,18110,18077,18108,213
2023-10-11T13:30:00.000Z,18108,18122,18072,18081,567
2023-10-11T13:35:00.000Z,18080,18131,18080,18113,498
2023-10-11T13:40:00.000Z,18114,18156,18108,18149,457
2023-10-11T13:45:00.000Z,18147,18175,18134,18162,483
2023-10-11T13:50:00.000Z,18161,18165,18123,18140,505
2023-10-11T13:55:00.000Z,18142,18160,18129,18134,420
2023-10-11T14:00:00.000Z,18135,18150,18130,18137,423
2023-10-11T14:05:00.000Z,18137,18150,18119,18120,424
2023-10-11T14:10:00.000Z,18121,18121,18091,18093,421
2023-10-11T14:15:00.000Z,18092,18095,18077,18083,332
2023-10-11T14:20:00.000Z,18083,18112,18080,18108,317
2023-10-11T14:25:00.000Z,18107,18114,18100,18107,300
2023-10-11T14:30:00.000Z,18108,18115,18104,18110,299
2023-10-11T14:35:00.000Z,18109,18113,18083,18093,301
2023-10-11T14:40:00.000Z,18093,18105,18089,18101,319
2023-10-11T14:45:00.000Z,18101,18101,18078,18088,282
2023-10-11T14:50:00.000Z,18089,18106,18087,18105,273
2023-10-11T14:55:00.000Z,18105,18110,18100,18107,220
2023-10-11T15:00:00.000Z,18106,18115,18100,18103,199
2023-10-11T15:05:00.000Z,18103,18122,18103,18122,208
2023-10-11T15:10:00.000Z,18123,18132,18110,18115,262
2023-10-11T15:15:00.000Z,18115,18115,18089,18092,259
2023-10-11T15:20:00.000Z,18092,18099,18087,18099,220
2023-10-11T15:25:00.000Z,18098,18104,18085,18085,200
2023-10-11T15:30:00.000Z,18085,18092,18083,18088,207
2023-10-11T15:35:00.000Z,18087,18091,18079,18081,151
2023-10-11T15:40:00.000Z,18081,18081,18058,18058,223
2023-10-11T15:45:00.000Z,18058,18078,18058,18076,218
2023-10-11T15:50:00.000Z,18077,18091,18076,18082,185
2023-10-11T15:55:00.000Z,18082,18082,18067,18067,210
2023-10-11T16:00:00.000Z,18067,18067,18059,18063,195
2023-10-11T16:05:00.000Z,18062,18068,18057,18065,190
2023-10-11T16:10:00.000Z,18064,18068,18061,18062,153
2023-10-11T16:15:00.000Z,18062,18062,18040,18048,202
2023-10-11T16:20:00.000Z,18047,18050,18038,18046,185
2023-10-11T16:25:00.000Z,18046,18051,18036,18050,152
2023-10-11T16:30:00.000Z,18050,18063,18047,18054,245
2023-10-11T16:35:00.000Z,18054,18065,18050,18056,151
2023-10-11T16:40:00.000Z,18057,18061,18053,18054,178
2023-10-11T16:45:00.000Z,18055,18055,18049,18051,168
2023-10-11T16:50:00.000Z,18050,18054,18035,18042,188
2023-10-11T16:55:00.000Z,18043,18045,18034,18042,135
2023-10-11T17:00:00.000Z,18042,18051,18036,18039,213
2023-10-11T17:05:00.000Z,18039,18048,18038,18048,184
2023-10-11T17:10:00.000Z,18050,18052,18045,18050,155
2023-10-11T17:15:00.000Z,18051,18051,18033,18039,212
2023-10-11T17:20:00.000Z,18039,18047,18037,18046,165
2023-10-11T17:25:00.000Z,18047,18049,18042,18044,105
2023-10-11T17:30:00.000Z,18044,18044,18033,18035,141
2023-10-11T17:35:00.000Z,18036,18039,18032,18032,132
2023-10-11T17:40:00.000Z,18031,18033,18025,18032,87
2023-10-11T17:45:00.000Z,18031,18035,18025,18026,141
2023-10-11T17:50:00.000Z,18026,18043,18026,18041,134
2023-10-11T17:55:00.000Z,18042,18051,18041,18051,99
2023-10-11T18:00:00.000Z,18051,18067,18050,18057,325
2023-10-11T18:05:00.000Z,18056,18063,18054,18055,210
2023-10-11T18:10:00.000Z,18054,18065,18053,18053,187
2023-10-11T18:15:00.000Z,18053,18060,18051,18053,173
2023-10-11T18:20:00.000Z,18053,18067,18053,18067,176
2023-10-11T18:25:00.000Z,18066,18076,18062,18067,191
2023-10-11T18:30:00.000Z,18067,18074,18064,18070,134
2023-10-11T18:35:00.000Z,18071,18078,18070,18073,100
2023-10-11T18:40:00.000Z,18074,18078,18069,18076,126
2023-10-11T18:45:00.000Z,18076,18083,18069,18076,162
2023-10-11T18:50:00.000Z,18076,18080,18071,18079,128
2023-10-11T18:55:00.000Z,18079,18090,18078,18085,84
2023-10-12T01:15:00.000Z,18160,18342,18156,18269,871
2023-10-12T01:20:00.000Z,18267,18294,18247,18260,727
2023-10-12T01:25:00.000Z,18260,18278,18254,18256,470
2023-10-12T01:30:00.000Z,18256,18256,18192,18210,1094
2023-10-12T01:35:00.000Z,18210,18228,18176,18180,897
2023-10-12T01:40:00.000Z,18180,18234,18172,18224,800
2023-10-12T01:45:00.000Z,18225,18237,18191,18199,702
2023-10-12T01:50:00.000Z,18198,18253,18195,18249,689
2023-10-12T01:55:00.000Z,18248,18259,18227,18227,617
2023-10-12T02:00:00.000Z,18227,18230,18190,18201,617
2023-10-12T02:05:00.000Z,18199,18210,18180,18191,598
2023-10-12T02:10:00.000Z,18190,18209,18172,18175,558
2023-10-12T02:15:00.000Z,18176,18210,18175,18207,529
2023-10-12T02:20:00.000Z,18206,18217,18187,18203,432
2023-10-12T02:25:00.000Z,18204,18204,18183,18195,412
2023-10-12T02:30:00.000Z,18194,18237,18194,18235,438
2023-10-12T02:35:00.000Z,18237,18247,18223,18233,419
2023-10-12T02:40:00.000Z,18232,18249,18227,18229,369
2023-10-12T02:45:00.000Z,18229,18235,18212,18215,386
2023-10-12T02:50:00.000Z,18215,18247,18214,18244,340
2023-10-12T02:55:00.000Z,18244,18251,18229,18238,275
2023-10-12T03:00:00.000Z,18237,18244,18219,18238,393
2023-10-12T03:05:00.000Z,18239,18247,18221,18226,336
2023-10-12T03:10:00.000Z,18224,18235,18211,18231,339
2023-10-12T03:15:00.000Z,18230,18244,18227,18232,293
2023-10-12T03:20:00.000Z,18231,18268,18226,18262,501
2023-10-12T03:25:00.000Z,18261,18290,18258,18263,573
2023-10-12T03:30:00.000Z,18263,18270,18246,18247,306
2023-10-12T03:35:00.000Z,18247,18256,18225,18227,257
2023-10-12T03:40:00.000Z,18226,18234,18219,18220,218
2023-10-12T03:45:00.000Z,18219,18227,18217,18217,240
2023-10-12T03:50:00.000Z,18217,18225,18213,18217,166
2023-10-12T03:55:00.000Z,18217,18230,18214,18228,167
2023-10-12T05:00:00.000Z,18218,18233,18200,18224,584
2023-10-12T05:05:00.000Z,18219,18249,18219,18244,400
2023-10-12T05:10:00.000Z,18243,18259,18243,18259,342
2023-10-12T05:15:00.000Z,18258,18260,18242,18248,324
2023-10-12T05:20:00.000Z,18247,18261,18237,18255,307
2023-10-12T05:25:00.000Z,18256,18266,18249,18264,279
2023-10-12T05:30:00.000Z,18265,18270,18246,18250,295
2023-10-12T05:35:00.000Z,18251,18275,18249,18268,292
2023-10-12T05:40:00.000Z,18268,18277,18255,18255,266
2023-10-12T05:45:00.000Z,18256,18258,18246,18247,269
2023-10-12T05:50:00.000Z,18246,18248,18237,18241,271
2023-10-12T05:55:00.000Z,18239,18248,18235,18238,238
2023-10-12T06:00:00.000Z,18238,18274,18231,18260,386
2023-10-12T06:05:00.000Z,18262,18279,18258,18277,311
2023-10-12T06:10:00.000Z,18277,18284,18271,18284,272
2023-10-12T06:15:00.000Z,18284,18291,18265,18268,283
2023-10-12T06:20:00.000Z,18269,18275,18261,18267,224
2023-10-12T06:25:00.000Z,18267,18272,18257,18259,194
2023-10-12T06:30:00.000Z,18259,18265,18247,18260,281
2023-10-12T06:35:00.000Z,18259,18281,18256,18276,289
2023-10-12T06:40:00.000Z,18278,18295,18275,18284,381
2023-10-12T06:45:00.000Z,18285,18292,18279,18286,285
2023-10-12T06:50:00.000Z,18287,18288,18268,18276,236
2023-10-12T06:55:00.000Z,18275,18277,18265,18266,293
2023-10-12T07:00:00.000Z,18266,18266,18239,18240,312
2023-10-12T07:05:00.000Z,18239,18244,18224,18232,313
2023-10-12T07:10:00.000Z,18233,18238,18220,18227,291
2023-10-12T07:15:00.000Z,18228,18250,18225,18244,365
2023-10-12T07:20:00.000Z,18245,18245,18230,18231,244
2023-10-12T07:25:00.000Z,18231,18232,18223,18224,244
2023-10-12T07:30:00.000Z,18224,18239,18223,18234,323
2023-10-12T07:35:00.000Z,18235,18236,18224,18225,205
2023-10-12T07:40:00.000Z,18226,18235,18224,18229,213
2023-10-12T07:45:00.000Z,18228,18229,18218,18223,207
2023-10-12T07:50:00.000Z,18222,18235,18220,18229,301
2023-10-12T07:55:00.000Z,18229,18237,18224,18233,320
2023-10-12T08:00:00.000Z,18233,18239,18204,18206,271
2023-10-12T08:05:00.000Z,18207,18230,18205,18224,207
2023-10-12T08:10:00.000Z,18224,18224,18215,18216,235
2023-10-12T08:15:00.000Z,18215,18218,18204,18212,126
2023-10-12T08:20:00.000Z,18212,18226,18211,18222,173
2023-10-12T08:25:00.000Z,18224,18247,18218,18231,220
2023-10-12T09:15:00.000Z,18241,18259,18241,18256,112
2023-10-12T09:20:00.000Z,18256,18256,18250,18252,71
2023-10-12T09:25:00.000Z,18250,18256,18249,18252,60
2023-10-12T09:30:00.000Z,18252,18253,18242,18246,102
2023-10-12T09:35:00.000Z,18246,18249,18237,18238,60
2023-10-12T09:40:00.000Z,18238,18247,18235,18247,65
2023-10-12T09:45:00.000Z,18248,18253,18244,18253,81
2023-10-12T09:50:00.000Z,18251,18254,18244,18245,69
2023-10-12T09:55:00.000Z,18246,18247,18239,18240,55
2023-10-12T10:00:00.000Z,18239,18240,18232,18239,62
2023-10-12T10:05:00.000Z,18239,18242,18225,18228,101
2023-10-12T10:10:00.000Z,18228,18240,18228,18240,66
2023-10-12T10:15:00.000Z,18239,18247,18238,18244,91
2023-10-12T10:20:00.000Z,18244,18251,18244,18250,70
2023-10-12T10:25:00.000Z,18251,18252,18246,18247,37
2023-10-12T10:30:00.000Z,18248,18248,18245,18247,56
2023-10-12T10:35:00.000Z,18248,18251,18246,18247,64
2023-10-12T10:40:00.000Z,18247,18249,18244,18245,60
2023-10-12T10:45:00.000Z,18245,18246,18242,18242,95
2023-10-12T10:50:00.000Z,18242,18243,18239,18241,81
2023-10-12T10:55:00.000Z,18240,18245,18239,18242,86
2023-10-12T11:00:00.000Z,18242,18243,18239,18241,92
2023-10-12T11:05:00.000Z,18242,18242,18238,18240,72
2023-10-12T11:10:00.000Z,18241,18244,18240,18240,68
2023-10-12T11:15:00.000Z,18241,18243,18237,18239,68
2023-10-12T11:20:00.000Z,18239,18240,18235,18238,65
2023-10-12T11:25:00.000Z,18239,18242,18237,18238,90
2023-10-12T11:30:00.000Z,18238,18240,18236,18238,96
2023-10-12T11:35:00.000Z,18239,18242,18235,18240,70
2023-10-12T11:40:00.000Z,18240,18243,18240,18242,89
2023-10-12T11:45:00.000Z,18242,18248,18240,18240,105
2023-10-12T11:50:00.000Z,18240,18249,18240,18242,99
2023-10-12T11:55:00.000Z,18243,18253,18242,18253,80
2023-10-12T12:00:00.000Z,18252,18252,18240,18241,92
2023-10-12T12:05:00.000Z,18241,18246,18240,18245,94
2023-10-12T12:10:00.000Z,18246,18246,18239,18239,101
2023-10-12T12:15:00.000Z,18240,18240,18225,18228,155
2023-10-12T12:20:00.000Z,18227,18227,18215,18220,129
2023-10-12T12:25:00.000Z,18220,18228,18204,18212,150
2023-10-12T12:30:00.000Z,18202,18203,18171,18178,532
2023-10-12T12:35:00.000Z,18180,18186,18158,18162,292
2023-10-12T12:40:00.000Z,18161,18180,18147,18180,287
2023-10-12T12:45:00.000Z,18181,18195,18174,18193,232
2023-10-12T12:50:00.000Z,18193,18194,18173,18175,240
2023-10-12T12:55:00.000Z,18176,18181,18165,18172,199
2023-10-12T13:00:00.000Z,18172,18172,18158,18164,205
2023-10-12T13:05:00.000Z,18164,18165,18140,18145,214
2023-10-12T13:10:00.000Z,18144,18162,18140,18156,235
2023-10-12T13:15:00.000Z,18157,18162,18144,18145,267
2023-10-12T13:20:00.000Z,18148,18161,18144,18160,257
2023-10-12T13:25:00.000Z,18159,18171,18154,18164,215
2023-10-12T13:30:00.000Z,18163,18171,18112,18113,539
2023-10-12T13:35:00.000Z,18114,18114,18060,18066,529
2023-10-12T13:40:00.000Z,18067,18067,18028,18048,522
2023-10-12T13:45:00.000Z,18044,18055,18028,18030,419
2023-10-12T13:50:00.000Z,18031,18067,18029,18040,368
2023-10-12T13:55:00.000Z,18037,18039,18005,18017,381
2023-10-12T14:00:00.000Z,18018,18025,17996,18017,450
2023-10-12T14:05:00.000Z,18016,18036,18012,18034,323
2023-10-12T14:10:00.000Z,18035,18050,18028,18044,284
2023-10-12T14:15:00.000Z,18042,18043,18023,18028,283
2023-10-12T14:20:00.000Z,18027,18045,18025,18036,207
2023-10-12T14:25:00.000Z,18037,18050,18025,18033,273
2023-10-12T14:30:00.000Z,18033,18035,18000,18012,259
2023-10-12T14:35:00.000Z,18012,18025,18008,18009,288
2023-10-12T14:40:00.000Z,18010,18017,17996,17997,247
2023-10-12T14:45:00.000Z,17996,18011,17984,17984,316
2023-10-12T14:50:00.000Z,17985,17985,17964,17969,253
2023-10-12T14:55:00.000Z,17969,17982,17967,17979,212
2023-10-12T15:00:00.000Z,17979,17980,17961,17977,232
2023-10-12T15:05:00.000Z,17977,17983,17964,17978,210
2023-10-12T15:10:00.000Z,17977,17992,17975,17987,198
2023-10-12T15:15:00.000Z,17987,17990,17979,17983,138
2023-10-12T15:20:00.000Z,17982,18002,17977,17991,239
2023-10-12T15:25:00.000Z,17990,17993,17981,17983,233
2023-10-12T15:30:00.000Z,17984,17991,17979,17989,235
2023-10-12T15:35:00.000Z,17988,17993,17987,17988,200
2023-10-12T15:40:00.000Z,17987,17990,17984,17987,135
2023-10-12T15:45:00.000Z,17988,17989,17968,17971,116
2023-10-12T15:50:00.000Z,17971,17982,17967,17981,139
2023-10-12T15:55:00.000Z,17980,17982,17974,17981,125
2023-10-12T16:00:00.000Z,17979,17989,17967,17970,127
2023-10-12T16:05:00.000Z,17970,17978,17970,17975,117
2023-10-12T16:10:00.000Z,17974,17978,17972,17975,147
2023-10-12T16:15:00.000Z,17976,17984,17974,17978,144
2023-10-12T16:20:00.000Z,17978,17984,17974,17979,177
2023-10-12T16:25:00.000Z,17979,17979,17973,17973,107
2023-10-12T16:30:00.000Z,17973,17974,17963,17963,146
2023-10-12T16:35:00.000Z,17964,17965,17958,17962,108
2023-10-12T16:40:00.000Z,17964,17966,17958,17960,128
2023-10-12T16:45:00.000Z,17960,17962,17954,17955,105
2023-10-12T16:50:00.000Z,17956,17956,17949,17956,93
2023-10-12T16:55:00.000Z,17956,17956,17944,17949,150
2023-10-12T17:00:00.000Z,17949,17951,17929,17938,251
2023-10-12T17:05:00.000Z,17938,17939,17920,17926,280
2023-10-12T17:10:00.000Z,17927,17930,17920,17920,249
2023-10-12T17:15:00.000Z,17921,17922,17901,17907,270
2023-10-12T17:20:00.000Z,17908,17914,17898,17899,256
2023-10-12T17:25:00.000Z,17900,17904,17895,17896,188
2023-10-12T17:30:00.000Z,17895,17916,17893,17893,267
2023-10-12T17:35:00.000Z,17894,17899,17891,17891,207
2023-10-12T17:40:00.000Z,17892,17896,17881,17882,193
2023-10-12T17:45:00.000Z,17881,17899,17881,17891,165
2023-10-12T17:50:00.000Z,17891,17893,17883,17886,160
2023-10-12T17:55:00.000Z,17887,17890,17876,17877,156
2023-10-12T18:00:00.000Z,17878,17886,17872,17872,205
2023-10-12T18:05:00.000Z,17872,17877,17857,17857,195
2023-10-12T18:10:00.000Z,17858,17862,17855,17861,131
2023-10-12T18:15:00.000Z,17862,17864,17848,17855,157
2023-10-12T18:20:00.000Z,17855,17874,17855,17868,179
2023-10-12T18:25:00.000Z,17867,17883,17866,17880,218
2023-10-12T18:30:00.000Z,17879,17881,17872,17880,192
2023-10-12T18:35:00.000Z,17879,17882,17857,17869,180
2023-10-12T18:40:00.000Z,17870,17882,17866,17880,145
2023-10-12T18:45:00.000Z,17880,17888,17872,17881,160
2023-10-12T18:50:00.000Z,17882,17884,17871,17877,110
2023-10-12T18:55:00.000Z,17877,17879,17864,17865,82
2023-10-13T01:15:00.000Z,17950,17950,17896,17920,658
2023-10-13T01:20:00.000Z,17923,17936,17919,17931,409
2023-10-13T01:25:00.000Z,17931,17940,17917,17934,371
2023-10-13T01:30:00.000Z,17934,17978,17923,17965,936
2023-10-13T01:35:00.000Z,17963,17966,17924,17932,737
2023-10-13T01:40:00.000Z,17931,17984,17928,17981,649
2023-10-13T01:45:00.000Z,17980,17993,17960,17989,600
2023-10-13T01:50:00.000Z,17988,17999,17962,17967,583
2023-10-13T01:55:00.000Z,17966,17980,17945,17948,544
2023-10-13T02:00:00.000Z,17946,17947,17904,17910,521
2023-10-13T02:05:00.000Z,17909,17995,17907,17953,796
2023-10-13T02:10:00.000Z,17953,17969,17941,17954,578
2023-10-13T02:15:00.000Z,17954,17978,17944,17968,566
2023-10-13T02:20:00.000Z,17967,17967,17938,17941,451
2023-10-13T02:25:00.000Z,17940,17947,17917,17919,456
2023-10-13T02:30:00.000Z,17918,17935,17888,17901,488
2023-10-13T02:35:00.000Z,17899,17909,17887,17901,458
2023-10-13T02:40:00.000Z,17901,17901,17867,17888,402
2023-10-13T02:45:00.000Z,17887,17909,17878,17902,394
2023-10-13T02:50:00.000Z,17900,17904,17876,17881,388
2023-10-13T02:55:00.000Z,17879,17888,17866,17877,375
2023-10-13T03:00:00.000Z,17878,17894,17873,17890,354
2023-10-13T03:05:00.000Z,17889,17891,17867,17876,297
2023-10-13T03:10:00.000Z,17873,17873,17849,17856,332
2023-10-13T03:15:00.000Z,17857,17873,17854,17864,309
2023-10-13T03:20:00.000Z,17864,17870,17850,17864,292
2023-10-13T03:25:00.000Z,17863,17863,17847,17850,279
2023-10-13T03:30:00.000Z,17850,17854,17833,17843,268
2023-10-13T03:35:00.000Z,17842,17849,17831,17835,251
2023-10-13T03:40:00.000Z,17835,17840,17831,17838,193
2023-10-13T03:45:00.000Z,17837,17841,17830,17833,197
2023-10-13T03:50:00.000Z,17833,17842,17831,17834,190
2023-10-13T03:55:00.000Z,17835,17848,17832,17842,204
2023-10-13T05:00:00.000Z,17845,17859,17828,17854,514
2023-10-13T05:05:00.000Z,17852,17852,17834,17845,331
2023-10-13T05:10:00.000Z,17843,17852,17827,17841,397
2023-10-13T05:15:00.000Z,17838,17856,17837,17841,304
2023-10-13T05:20:00.000Z,17840,17859,17833,17849,310
2023-10-13T05:25:00.000Z,17849,17849,17832,17834,278
2023-10-13T05:30:00.000Z,17832,17833,17818,17828,330
2023-10-13T05:35:00.000Z,17827,17838,17813,17817,341
2023-10-13T05:40:00.000Z,17817,17821,17803,17807,322
2023-10-13T05:45:00.000Z,17806,17809,17791,17802,389
2023-10-13T05:50:00.000Z,17801,17802,17773,17792,364
2023-10-13T05:55:00.000Z,17790,17800,17780,17786,322
2023-10-13T06:00:00.000Z,17786,17786,17756,17759,360
2023-10-13T06:05:00.000Z,17758,17786,17758,17778,358
2023-10-13T06:10:00.000Z,17776,17800,17774,17794,369
2023-10-13T06:15:00.000Z,17794,17799,17786,17789,263
2023-10-13T06:20:00.000Z,17788,17790,17772,17781,285
2023-10-13T06:25:00.000Z,17782,17797,17778,17794,258
2023-10-13T06:30:00.000Z,17794,17804,17784,17795,264
2023-10-13T06:35:00.000Z,17795,17814,17795,17811,225
2023-10-13T06:40:00.000Z,17811,17819,17806,17818,291
2023-10-13T06:45:00.000Z,17818,17828,17809,17821,296
2023-10-13T06:50:00.000Z,17820,17833,17819,17826,257
2023-10-13T06:55:00.000Z,17824,17846,17818,17845,302
2023-10-13T07:00:00.000Z,17844,17852,17825,17827,350
2023-10-13T07:05:00.000Z,17825,17828,17819,17823,324
2023-10-13T07:10:00.000Z,17822,17831,17819,17823,340
2023-10-13T07:15:00.000Z,17823,17827,17813,17817,265
2023-10-13T07:20:00.000Z,17817,17821,17810,17819,221
2023-10-13T07:25:00.000Z,17818,17836,17818,17831,255
2023-10-13T07:30:00.000Z,17830,17836,17815,17815,251
2023-10-13T07:35:00.000Z,17814,17822,17809,17819,220
2023-10-13T07:40:00.000Z,17818,17826,17814,17819,243
2023-10-13T07:45:00.000Z,17818,17820,17808,17808,182
2023-10-13T07:50:00.000Z,17807,17807,17784,17785,260
2023-10-13T07:55:00.000Z,17784,17785,17762,17765,366
2023-10-13T08:00:00.000Z,17766,17796,17761,17783,455
2023-10-13T08:05:00.000Z,17782,17793,17770,17784,398
2023-10-13T08:10:00.000Z,17783,17788,17771,17771,252
2023-10-13T08:15:00.000Z,17772,17775,17753,17770,239
2023-10-13T08:20:00.000Z,17769,17777,17761,17775,169
2023-10-13T08:25:00.000Z,17774,17783,17749,17763,270
2023-10-13T09:15:00.000Z,17747,17747,17727,17730,242
2023-10-13T09:20:00.000Z,17729,17736,17721,17735,153
2023-10-13T09:25:00.000Z,17735,17735,17720,17723,140
2023-10-13T09:30:00.000Z,17723,17729,17716,17719,148
2023-10-13T09:35:00.000Z,17719,17729,17719,17724,138
2023-10-13T09:40:00.000Z,17724,17724,17693,17696,175
2023-10-13T09:45:00.000Z,17694,17700,17668,17680,248
2023-10-13T09:50:00.000Z,17678,17679,17639,17641,222
2023-10-13T09:55:00.000Z,17639,17673,17639,17668,230
2023-10-13T10:00:00.000Z,17669,17676,17665,17666,134
2023-10-13T10:05:00.000Z,17667,17673,17660,17665,135
2023-10-13T10:10:00.000Z,17665,17673,17662,17669,180
2023-10-13T10:15:00.000Z,17669,17684,17668,17676,179
2023-10-13T10:20:00.000Z,17676,17680,17664,17671,176
2023-10-13T10:25:00.000Z,17672,17677,17668,17671,127
2023-10-13T10:30:00.000Z,17672,17676,17666,17674,158
2023-10-13T10:35:00.000Z,17674,17689,17670,17686,200
2023-10-13T10:40:00.000Z,17686,17687,17667,17667,92
2023-10-13T10:45:00.000Z,17668,17687,17668,17684,201
2023-10-13T10:50:00.000Z,17683,17693,17682,17686,184
2023-10-13T10:55:00.000Z,17686,17694,17681,17688,134
2023-10-13T11:00:00.000Z,17688,17695,17687,17695,180
2023-10-13T11:05:00.000Z,17695,17701,17688,17688,181
2023-10-13T11:10:00.000Z,17688,17701,17683,17700,125
2023-10-13T11:15:00.000Z,17700,17702,17696,17700,93
2023-10-13T11:20:00.000Z,17701,17712,17696,17711,139
2023-10-13T11:25:00.000Z,17710,17726,17709,17726,126
2023-10-13T11:30:00.000Z,17725,17743,17723,17734,163
2023-10-13T11:35:00.000Z,17733,17738,17732,17737,109
2023-10-13T11:40:00.000Z,17738,17738,17717,17720,191
2023-10-13T11:45:00.000Z,17720,17720,17714,17715,152
2023-10-13T11:50:00.000Z,17717,17728,17715,17726,135
2023-10-13T11:55:00.000Z,17726,17729,17714,17715,145
2023-10-13T12:00:00.000Z,17719,17726,17717,17720,173
2023-10-13T12:05:00.000Z,17721,17722,17705,17711,211
2023-10-13T12:10:00.000Z,17711,17716,17708,17710,182
2023-10-13T12:15:00.000Z,17709,17714,17706,17710,170
2023-10-13T12:20:00.000Z,17711,17726,17708,17726,227
2023-10-13T12:25:00.000Z,17727,17735,17723,17726,181
2023-10-13T12:30:00.000Z,17726,17745,17726,17743,211
2023-10-13T12:35:00.000Z,17744,17751,17743,17746,209
2023-10-13T12:40:00.000Z,17746,17747,17738,17745,168
2023-10-13T12:45:00.000Z,17745,17751,17741,17747,138
2023-10-13T12:50:00.000Z,17747,17757,17745,17749,170
2023-10-13T12:55:00.000Z,17748,17764,17748,17758,221
2023-10-13T13:00:00.000Z,17757,17770,17752,17768,211
2023-10-13T13:05:00.000Z,17766,17767,17753,17761,170
2023-10-13T13:10:00.000Z,17761,17768,17754,17756,169
2023-10-13T13:15:00.000Z,17756,17756,17733,17734,177
2023-10-13T13:20:00.000Z,17733,17734,17720,17725,167
2023-10-13T13:25:00.000Z,17726,17729,17716,17723,168
2023-10-13T13:30:00.000Z,17723,17764,17709,17763,623
2023-10-13T13:35:00.000Z,17766,17808,17752,17806,579
2023-10-13T13:40:00.000Z,17808,17823,17767,17767,549
2023-10-13T13:45:00.000Z,17766,17807,17759,17803,469
2023-10-13T13:50:00.000Z,17804,17804,17780,17794,416
2023-10-13T13:55:00.000Z,17794,17799,17773,17774,235
2023-10-13T14:00:00.000Z,17773,17773,17748,17770,606
2023-10-13T14:05:00.000Z,17773,17778,17747,17767,445
2023-10-13T14:10:00.000Z,17768,17768,17738,17738,356
2023-10-13T14:15:00.000Z,17739,17742,17722,17732,396
2023-10-13T14:20:00.000Z,17733,17747,17714,17717,332
2023-10-13T14:25:00.000Z,17718,17731,17713,17716,372
2023-10-13T14:30:00.000Z,17715,17743,17706,17743,431
2023-10-13T14:35:00.000Z,17742,17746,17729,17729,330
2023-10-13T14:40:00.000Z,17729,17742,17718,17737,375
2023-10-13T14:45:00.000Z,17737,17743,17729,17735,332
2023-10-13T14:50:00.000Z,17736,17736,17710,17717,341
2023-10-13T14:55:00.000Z,17718,17733,17715,17730,251
2023-10-13T15:00:00.000Z,17729,17733,17711,17718,292
2023-10-13T15:05:00.000Z,17719,17733,17712,17733,294
2023-10-13T15:10:00.000Z,17732,17739,17711,17722,341
2023-10-13T15:15:00.000Z,17722,17728,17715,17715,233
2023-10-13T15:20:00.000Z,17716,17719,17695,17695,241
2023-10-13T15:25:00.000Z,17696,17701,17681,17698,241
2023-10-13T15:30:00.000Z,17699,17704,17693,17696,314
2023-10-13T15:35:00.000Z,17697,17704,17694,17698,245
2023-10-13T15:40:00.000Z,17697,17702,17687,17694,251
2023-10-13T15:45:00.000Z,17695,17705,17686,17686,269
2023-10-13T15:50:00.000Z,17686,17699,17680,17688,277
2023-10-13T15:55:00.000Z,17686,17686,17657,17671,258
2023-10-13T16:00:00.000Z,17671,17688,17665,17679,247
2023-10-13T16:05:00.000Z,17680,17687,17673,17683,238
2023-10-13T16:10:00.000Z,17684,17689,17679,17685,240
2023-10-13T16:15:00.000Z,17687,17702,17685,17697,231
2023-10-13T16:20:00.000Z,17697,17710,17695,17709,191
2023-10-13T16:25:00.000Z,17709,17715,17704,17709,170
2023-10-13T16:30:00.000Z,17710,17714,17699,17707,228
2023-10-13T16:35:00.000Z,17706,17709,17701,17703,216
2023-10-13T16:40:00.000Z,17702,17716,17702,17716,169
2023-10-13T16:45:00.000Z,17717,17725,17706,17707,186
2023-10-13T16:50:00.000Z,17707,17708,17687,17699,266
2023-10-13T16:55:00.000Z,17699,17706,17695,17700,192
2023-10-13T17:00:00.000Z,17700,17704,17686,17690,210
2023-10-13T17:05:00.000Z,17689,17690,17682,17688,218
2023-10-13T17:10:00.000Z,17689,17690,17673,17674,205
2023-10-13T17:15:00.000Z,17675,17684,17671,17674,275
2023-10-13T17:20:00.000Z,17675,17685,17674,17676,267
2023-10-13T17:25:00.000Z,17677,17681,17661,17662,211
2023-10-13T17:30:00.000Z,17663,17675,17660,17671,242
2023-10-13T17:35:00.000Z,17671,17671,17664,17668,216
2023-10-13T17:40:00.000Z,17668,17694,17668,17683,268
2023-10-13T17:45:00.000Z,17684,17687,17677,17683,230
2023-10-13T17:50:00.000Z,17683,17694,17683,17690,179
2023-10-13T17:55:00.000Z,17689,17693,17680,17681,225
2023-10-13T18:00:00.000Z,17681,17687,17679,17683,256
2023-10-13T18:05:00.000Z,17682,17697,17682,17689,257
2023-10-13T18:10:00.000Z,17689,17694,17682,17684,234
2023-10-13T18:15:00.000Z,17684,17685,17677,17683,275
2023-10-13T18:20:00.000Z,17682,17688,17674,17675,240
2023-10-13T18:25:00.000Z,17674,17676,17669,17673,231
2023-10-13T18:30:00.000Z,17673,17681,17666,17678,291
2023-10-13T18:35:00.000Z,17676,17682,17669,17682,226
2023-10-13T18:40:00.000Z,17681,17686,17677,17681,204
2023-10-13T18:45:00.000Z,17681,17686,17680,17683,137
2023-10-13T18:50:00.000Z,17684,17689,17680,17685,150
2023-10-13T18:55:00.000Z,17684,17706,17681,17706,126
2023-10-16T01:15:00.000Z,17796,17800,17737,17769,660
2023-10-16T01:20:00.000Z,17773,17793,17756,17781,517
2023-10-16T01:25:00.000Z,17780,17803,17777,17791,384
2023-10-16T01:30:00.000Z,17789,17824,17752,17776,983
2023-10-16T01:35:00.000Z,17775,17820,17737,17802,906
2023-10-16T01:40:00.000Z,17805,17846,17784,17790,803
2023-10-16T01:45:00.000Z,17793,17793,17748,17761,734
2023-10-16T01:50:00.000Z,17761,17766,17715,17731,738
2023-10-16T01:55:00.000Z,17730,17749,17723,17735,609
2023-10-16T02:00:00.000Z,17731,17735,17685,17686,621
2023-10-16T02:05:00.000Z,17685,17758,17685,17756,607
2023-10-16T02:10:00.000Z,17756,17782,17754,17775,602
2023-10-16T02:15:00.000Z,17776,17784,17737,17744,533
2023-10-16T02:20:00.000Z,17745,17753,17727,17750,558
2023-10-16T02:25:00.000Z,17749,17768,17722,17725,530
2023-10-16T02:30:00.000Z,17726,17733,17703,17714,463
2023-10-16T02:35:00.000Z,17714,17726,17700,17710,458
2023-10-16T02:40:00.000Z,17708,17742,17706,17726,433
2023-10-16T02:45:00.000Z,17726,17733,17707,17715,393
2023-10-16T02:50:00.000Z,17716,17738,17699,17706,402
2023-10-16T02:55:00.000Z,17706,17733,17703,17732,403
2023-10-16T03:00:00.000Z,17734,17744,17720,17736,415
2023-10-16T03:05:00.000Z,17734,17748,17712,17718,398
2023-10-16T03:10:00.000Z,17719,17724,17700,17721,371
2023-10-16T03:15:00.000Z,17721,17722,17689,17708,407
2023-10-16T03:20:00.000Z,17707,17719,17701,17708,336
2023-10-16T03:25:00.000Z,17707,17715,17690,17708,340
2023-10-16T03:30:00.000Z,17708,17708,17698,17707,219
2023-10-16T03:35:00.000Z,17708,17727,17705,17727,219
2023-10-16T03:40:00.000Z,17726,17743,17722,17739,200
2023-10-16T03:45:00.000Z,17740,17742,17732,17733,202
2023-10-16T03:50:00.000Z,17735,17735,17724,17727,147
2023-10-16T03:55:00.000Z,17728,17731,17721,17727,133
2023-10-16T05:00:00.000Z,17718,17731,17707,17714,480
2023-10-16T05:05:00.000Z,17713,17720,17698,17709,386
2023-10-16T05:10:00.000Z,17709,17720,17697,17704,314
2023-10-16T05:15:00.000Z,17703,17716,17690,17693,358
2023-10-16T05:20:00.000Z,17692,17695,17678,17684,388
2023-10-16T05:25:00.000Z,17683,17691,17678,17682,310
2023-10-16T05:30:00.000Z,17681,17692,17662,17669,434
2023-10-16T05:35:00.000Z,17668,17669,17648,17659,413
2023-10-16T05:40:00.000Z,17658,17663,17628,17631,422
2023-10-16T05:45:00.000Z,17631,17635,17604,17612,459
2023-10-16T05:50:00.000Z,17611,17624,17599,17620,463
2023-10-16T05:55:00.000Z,17620,17639,17619,17630,359
2023-10-16T06:00:00.000Z,17631,17644,17627,17630,344
2023-10-16T06:05:00.000Z,17628,17649,17627,17639,344
2023-10-16T06:10:00.000Z,17640,17644,17625,17630,329
2023-10-16T06:15:00.000Z,17629,17635,17621,17635,252
2023-10-16T06:20:00.000Z,17637,17638,17621,17632,310
2023-10-16T06:25:00.000Z,17632,17634,17594,17595,331
2023-10-16T06:30:00.000Z,17595,17605,17588,17602,365
2023-10-16T06:35:00.000Z,17602,17635,17597,17632,365
2023-10-16T06:40:00.000Z,17630,17644,17626,17643,382
2023-10-16T06:45:00.000Z,17642,17649,17635,17637,328
2023-10-16T06:50:00.000Z,17638,17640,17628,17629,220
2023-10-16T06:55:00.000Z,17629,17630,17617,17618,260
2023-10-16T07:00:00.000Z,17618,17622,17606,17613,323
2023-10-16T07:05:00.000Z,17614,17615,17598,17603,280
2023-10-16T07:10:00.000Z,17604,17619,17599,17618,294
2023-10-16T07:15:00.000Z,17618,17618,17605,17609,230
2023-10-16T07:20:00.000Z,17610,17611,17599,17606,237
2023-10-16T07:25:00.000Z,17606,17612,17591,17600,359
2023-10-16T07:30:00.000Z,17600,17630,17600,17625,421
2023-10-16T07:35:00.000Z,17625,17631,17619,17619,403
2023-10-16T07:40:00.000Z,17620,17635,17616,17618,368
2023-10-16T07:45:00.000Z,17618,17630,17616,17620,364
2023-10-16T07:50:00.000Z,17621,17626,17604,17607,456
2023-10-16T07:55:00.000Z,17608,17612,17600,17601,418
2023-10-16T08:00:00.000Z,17600,17611,17597,17605,296
2023-10-16T08:05:00.000Z,17605,17637,17604,17631,378
2023-10-16T08:10:00.000Z,17629,17629,17609,17613,277
2023-10-16T08:15:00.000Z,17612,17615,17604,17604,201
2023-10-16T08:20:00.000Z,17602,17635,17602,17632,256
2023-10-16T08:25:00.000Z,17630,17648,17627,17644,239
2023-10-16T09:15:00.000Z,17655,17668,17635,17638,181
2023-10-16T09:20:00.000Z,17638,17646,17634,17645,101
2023-10-16T09:25:00.000Z,17644,17649,17638,17641,114
2023-10-16T09:30:00.000Z,17642,17655,17641,17655,131
2023-10-16T09:35:00.000Z,17656,17663,17655,17661,103
2023-10-16T09:40:00.000Z,17662,17664,17652,17653,101
2023-10-16T09:45:00.000Z,17652,17655,17646,17649,128
2023-10-16T09:50:00.000Z,17648,17662,17648,17662,126
2023-10-16T09:55:00.000Z,17664,17665,17651,17653,92
2023-10-16T10:00:00.000Z,17652,17654,17646,17646,170
2023-10-16T10:05:00.000Z,17646,17651,17645,17646,108
2023-10-16T10:10:00.000Z,17646,17649,17636,17639,146
2023-10-16T10:15:00.000Z,17638,17648,17638,17648,120
2023-10-16T10:20:00.000Z,17649,17657,17648,17651,113
2023-10-16T10:25:00.000Z,17649,17655,17647,17652,162
2023-10-16T10:30:00.000Z,17651,17658,17651,17656,115
2023-10-16T10:35:00.000Z,17655,17658,17649,17657,121
2023-10-16T10:40:00.000Z,17657,17659,17654,17658,66
2023-10-16T10:45:00.000Z,17656,17661,17654,17658,68
2023-10-16T10:50:00.000Z,17658,17668,17656,17667,104
2023-10-16T10:55:00.000Z,17668,17670,17661,17663,83
2023-10-16T11:00:00.000Z,17662,17663,17655,17655,98
2023-10-16T11:05:00.000Z,17654,17659,17648,17652,61
2023-10-16T11:10:00.000Z,17651,17656,17649,17655,80
2023-10-16T11:15:00.000Z,17656,17658,17653,17658,63
2023-10-16T11:20:00.000Z,17658,17660,17654,17660,110
2023-10-16T11:25:00.000Z,17660,17664,17658,17658,90
2023-10-16T11:30:00.000Z,17659,17668,17659,17663,79
2023-10-16T11:35:00.000Z,17662,17678,17662,17677,100
2023-10-16T11:40:00.000Z,17680,17686,17674,17684,113
2023-10-16T11:45:00.000Z,17684,17689,17675,17676,114
2023-10-16T11:50:00.000Z,17675,17679,17670,17670,106
2023-10-16T11:55:00.000Z,17673,17676,17669,17670,108
2023-10-16T12:00:00.000Z,17669,17672,17667,17672,106
2023-10-16T12:05:00.000Z,17671,17671,17661,17664,112
2023-10-16T12:10:00.000Z,17663,17667,17660,17660,106
2023-10-16T12:15:00.000Z,17661,17668,17660,17662,85
2023-10-16T12:20:00.000Z,17664,17679,17664,17674,235
2023-10-16T12:25:00.000Z,17673,17674,17661,17665,137
2023-10-16T12:30:00.000Z,17666,17675,17664,17668,179
2023-10-16T12:35:00.000Z,17666,17677,17660,17676,179
2023-10-16T12:40:00.000Z,17675,17677,17669,17669,163
2023-10-16T12:45:00.000Z,17670,17679,17668,17678,165
2023-10-16T12:50:00.000Z,17680,17687,17677,17681,147
2023-10-16T12:55:00.000Z,17682,17689,17679,17686,107
2023-10-16T13:00:00.000Z,17687,17689,17663,17664,172
2023-10-16T13:05:00.000Z,17663,17667,17654,17663,179
2023-10-16T13:10:00.000Z,17664,17669,17659,17664,170
2023-10-16T13:15:00.000Z,17665,17680,17665,17679,168
2023-10-16T13:20:00.000Z,17678,17682,17669,17671,136
2023-10-16T13:25:00.000Z,17671,17671,17649,17652,200
2023-10-16T13:30:00.000Z,17652,17660,17613,17620,548
2023-10-16T13:35:00.000Z,17621,17628,17602,17613,462
2023-10-16T13:40:00.000Z,17614,17640,17607,17637,479
2023-10-16T13:45:00.000Z,17637,17670,17635,17670,436
2023-10-16T13:50:00.000Z,17671,17737,17670,17723,508
2023-10-16T13:55:00.000Z,17723,17726,17693,17699,467
2023-10-16T14:00:00.000Z,17698,17719,17697,17714,387
2023-10-16T14:05:00.000Z,17713,17719,17696,17719,381
2023-10-16T14:10:00.000Z,17720,17738,17718,17733,335
2023-10-16T14:15:00.000Z,17734,17753,17732,17735,302
2023-10-16T14:20:00.000Z,17735,17752,17735,17751,253
2023-10-16T14:25:00.000Z,17751,17768,17744,17767,291
2023-10-16T14:30:00.000Z,17768,17773,17750,17752,349
2023-10-16T14:35:00.000Z,17754,17775,17752,17770,265
2023-10-16T14:40:00.000Z,17771,17799,17771,17799,267
2023-10-16T14:45:00.000Z,17798,17822,17797,17804,281
2023-10-16T14:50:00.000Z,17805,17807,17787,17788,290
2023-10-16T14:55:00.000Z,17790,17801,17786,17799,215
2023-10-16T15:00:00.000Z,17798,17806,17779,17788,311
2023-10-16T15:05:00.000Z,17788,17797,17785,17792,219
2023-10-16T15:10:00.000Z,17792,17795,17782,17783,225
2023-10-16T15:15:00.000Z,17784,17786,17773,17782,250
2023-10-16T15:20:00.000Z,17781,17810,17780,17808,198
2023-10-16T15:25:00.000Z,17806,17832,17806,17821,223
2023-10-16T15:30:00.000Z,17820,17829,17810,17814,208
2023-10-16T15:35:00.000Z,17815,17815,17803,17803,209
2023-10-16T15:40:00.000Z,17803,17815,17800,17814,208
2023-10-16T15:45:00.000Z,17815,17819,17810,17813,151
2023-10-16T15:50:00.000Z,17814,17820,17807,17818,129
2023-10-16T15:55:00.000Z,17816,17822,17816,17817,164
2023-10-16T16:00:00.000Z,17818,17822,17813,17816,165
2023-10-16T16:05:00.000Z,17816,17830,17816,17828,148
2023-10-16T16:10:00.000Z,17829,17831,17814,17816,177
2023-10-16T16:15:00.000Z,17817,17830,17816,17828,124
2023-10-16T16:20:00.000Z,17828,17838,17825,17836,162
2023-10-16T16:25:00.000Z,17835,17844,17833,17841,139
2023-10-16T16:30:00.000Z,17842,17844,17836,17840,152
2023-10-16T16:35:00.000Z,17840,17847,17837,17841,105
2023-10-16T16:40:00.000Z,17842,17848,17839,17845,124
2023-10-16T16:45:00.000Z,17846,17857,17845,17850,105
2023-10-16T16:50:00.000Z,17851,17856,17849,17853,103
2023-10-16T16:55:00.000Z,17854,17858,17844,17857,98
2023-10-16T17:00:00.000Z,17856,17862,17851,17861,81
2023-10-16T17:05:00.000Z,17862,17865,17859,17865,106
2023-10-16T17:10:00.000Z,17866,17875,17857,17857,122
2023-10-16T17:15:00.000Z,17858,17858,17845,17850,140
2023-10-16T17:20:00.000Z,17848,17848,17821,17831,265
2023-10-16T17:25:00.000Z,17831,17845,17816,17842,264
2023-10-16T17:30:00.000Z,17842,17845,17836,17837,223
2023-10-16T17:35:00.000Z,17837,17849,17837,17849,229
2023-10-16T17:40:00.000Z,17850,17861,17848,17858,174
2023-10-16T17:45:00.000Z,17859,17861,17853,17858,142
2023-10-16T17:50:00.000Z,17859,17859,17850,17856,144
2023-10-16T17:55:00.000Z,17858,17860,17848,17852,113
2023-10-16T18:00:00.000Z,17851,17853,17841,17851,186
2023-10-16T18:05:00.000Z,17850,17855,17849,17851,100
2023-10-16T18:10:00.000Z,17850,17855,17843,17844,134
2023-10-16T18:15:00.000Z,17844,17848,17839,17842,110
2023-10-16T18:20:00.000Z,17843,17845,17835,17840,120
2023-10-16T18:25:00.000Z,17840,17847,17839,17840,173
2023-10-16T18:30:00.000Z,17841,17847,17838,17846,141
2023-10-16T18:35:00.000Z,17845,17848,17831,17841,113
2023-10-16T18:40:00.000Z,17840,17850,17840,17848,132
2023-10-16T18:45:00.000Z,17849,17854,17843,17849,114
2023-10-16T18:50:00.000Z,17848,17851,17843,17850,107
2023-10-16T18:55:00.000Z,17850,17857,17846,17848,81
2023-10-17T01:15:00.000Z,17841,17853,17797,17797,505
2023-10-17T01:20:00.000Z,17798,17815,17784,17795,442
2023-10-17T01:25:00.000Z,17795,17804,17764,17765,416
2023-10-17T01:30:00.000Z,17766,17781,17746,17758,844
2023-10-17T01:35:00.000Z,17760,17779,17729,17731,780
2023-10-17T01:40:00.000Z,17732,17752,17719,17750,670
2023-10-17T01:45:00.000Z,17749,17761,17734,17754,671
2023-10-17T01:50:00.000Z,17759,17788,17758,17761,655
2023-10-17T01:55:00.000Z,17760,17760,17717,17719,596
2023-10-17T02:00:00.000Z,17721,17726,17695,17710,559
2023-10-17T02:05:00.000Z,17709,17723,17690,17704,534
2023-10-17T02:10:00.000Z,17702,17717,17698,17702,493
2023-10-17T02:15:00.000Z,17701,17705,17687,17690,462
2023-10-17T02:20:00.000Z,17690,17696,17665,17668,449
2023-10-17T02:25:00.000Z,17669,17685,17668,17685,396
2023-10-17T02:30:00.000Z,17684,17698,17672,17693,399
2023-10-17T02:35:00.000Z,17694,17698,17660,17666,375
2023-10-17T02:40:00.000Z,17670,17677,17662,17671,345
2023-10-17T02:45:00.000Z,17671,17681,17667,17678,333
2023-10-17T02:50:00.000Z,17678,17698,17677,17696,346
2023-10-17T02:55:00.000Z,17695,17703,17678,17702,316
2023-10-17T03:00:00.000Z,17700,17743,17699,17743,519
2023-10-17T03:05:00.000Z,17740,17778,17738,17763,513
2023-10-17T03:10:00.000Z,17761,17769,17751,17763,470
2023-10-17T03:15:00.000Z,17762,17812,17757,17810,591
2023-10-17T03:20:00.000Z,17811,17813,17776,17780,555
2023-10-17T03:25:00.000Z,17780,17791,17770,17784,442
2023-10-17T03:30:00.000Z,17783,17787,17763,17780,272
2023-10-17T03:35:00.000Z,17780,17786,17765,17768,241
2023-10-17T03:40:00.000Z,17769,17772,17758,17770,265
2023-10-17T03:45:00.000Z,17770,17773,17757,17758,220
2023-10-17T03:50:00.000Z,17758,17762,17745,17747,239
2023-10-17T03:55:00.000Z,17746,17761,17743,17761,177
2023-10-17T05:00:00.000Z,17740,17748,17729,17744,483
2023-10-17T05:05:00.000Z,17745,17764,17744,17757,364
2023-10-17T05:10:00.000Z,17758,17766,17742,17748,376
2023-10-17T05:15:00.000Z,17748,17763,17745,17745,283
2023-10-17T05:20:00.000Z,17744,17747,17731,17736,267
2023-10-17T05:25:00.000Z,17735,17741,17718,17718,319
2023-10-17T05:30:00.000Z,17716,17729,17710,17725,356
2023-10-17T05:35:00.000Z,17726,17752,17724,17746,317
2023-10-17T05:40:00.000Z,17745,17766,17745,17761,306
2023-10-17T05:45:00.000Z,17761,17784,17757,17760,416
2023-10-17T05:50:00.000Z,17759,17777,17756,17775,294
2023-10-17T05:55:00.000Z,17776,17781,17767,17779,290
2023-10-17T06:00:00.000Z,17779,17784,17748,17762,394
2023-10-17T06:05:00.000Z,17762,17765,17746,17749,224
2023-10-17T06:10:00.000Z,17748,17748,17737,17747,226
2023-10-17T06:15:00.000Z,17748,17749,17732,17734,253
2023-10-17T06:20:00.000Z,17732,17737,17719,17725,269
2023-10-17T06:25:00.000Z,17726,17737,17724,17737,249
2023-10-17T06:30:00.000Z,17736,17758,17729,17750,309
2023-10-17T06:35:00.000Z,17750,17766,17750,17759,273
2023-10-17T06:40:00.000Z,17759,17787,17754,17779,340
2023-10-17T06:45:00.000Z,17779,17782,17759,17765,322
2023-10-17T06:50:00.000Z,17766,17767,17751,17755,247
2023-10-17T06:55:00.000Z,17754,17761,17750,17752,258
2023-10-17T07:00:00.000Z,17751,17754,17739,17750,273
2023-10-17T07:05:00.000Z,17751,17782,17751,17770,322
2023-10-17T07:10:00.000Z,17771,17775,17762,17764,227
2023-10-17T07:15:00.000Z,17765,17768,17757,17768,229
2023-10-17T07:20:00.000Z,17768,17771,17753,17755,218
2023-10-17T07:25:00.000Z,17756,17761,17752,17758,183
2023-10-17T07:30:00.000Z,17759,17772,17749,17771,283
2023-10-17T07:35:00.000Z,17772,17777,17770,17773,240
2023-10-17T07:40:00.000Z,17773,17778,17755,17757,286
2023-10-17T07:45:00.000Z,17757,17763,17751,17762,265
2023-10-17T07:50:00.000Z,17762,17762,17741,17746,312
2023-10-17T07:55:00.000Z,17747,17759,17742,17758,263
2023-10-17T08:00:00.000Z,17758,17761,17750,17756,258
2023-10-17T08:05:00.000Z,17756,17771,17755,17769,277
2023-10-17T08:10:00.000Z,17768,17775,17764,17766,260
2023-10-17T08:15:00.000Z,17767,17768,17749,17750,170
2023-10-17T08:20:00.000Z,17749,17770,17749,17768,209
2023-10-17T08:25:00.000Z,17769,17769,17759,17761,143
2023-10-17T09:15:00.000Z,17745,17753,17739,17749,161
2023-10-17T09:20:00.000Z,17750,17762,17750,17754,169
2023-10-17T09:25:00.000Z,17753,17754,17745,17747,103
2023-10-17T09:30:00.000Z,17746,17754,17743,17747,163
2023-10-17T09:35:00.000Z,17747,17752,17743,17748,129
2023-10-17T09:40:00.000Z,17748,17748,17738,17738,66
2023-10-17T09:45:00.000Z,17739,17743,17734,17743,128
2023-10-17T09:50:00.000Z,17743,17752,17743,17750,102
2023-10-17T09:55:00.000Z,17751,17757,17750,17756,72
2023-10-17T10:00:00.000Z,17757,17761,17751,17755,110
2023-10-17T10:05:00.000Z,17754,17754,17740,17742,122
2023-10-17T10:10:00.000Z,17740,17752,17738,17748,197
2023-10-17T10:15:00.000Z,17750,17751,17729,17732,200
2023-10-17T10:20:00.000Z,17731,17746,17731,17746,128
2023-10-17T10:25:00.000Z,17746,17753,17740,17740,132
2023-10-17T10:30:00.000Z,17741,17741,17729,17741,130
2023-10-17T10:35:00.000Z,17741,17744,17737,17742,96
2023-10-17T10:40:00.000Z,17742,17742,17729,17733,87
2023-10-17T10:45:00.000Z,17732,17737,17730,17735,121
2023-10-17T10:50:00.000Z,17736,17746,17735,17745,107
2023-10-17T10:55:00.000Z,17745,17753,17743,17749,104
2023-10-17T11:00:00.000Z,17749,17758,17747,17750,145
2023-10-17T11:05:00.000Z,17749,17752,17738,17740,129
2023-10-17T11:10:00.000Z,17740,17749,17740,17748,143
2023-10-17T11:15:00.000Z,17748,17753,17745,17752,94
2023-10-17T11:20:00.000Z,17753,17755,17743,17744,90
2023-10-17T11:25:00.000Z,17745,17750,17740,17748,112
2023-10-17T11:30:00.000Z,17747,17752,17744,17752,111
2023-10-17T11:35:00.000Z,17751,17767,17751,17764,117
2023-10-17T11:40:00.000Z,17765,17765,17753,17762,98
2023-10-17T11:45:00.000Z,17763,17763,17759,17762,96
2023-10-17T11:50:00.000Z,17763,17764,17756,17757,66
2023-10-17T11:55:00.000Z,17756,17759,17754,17755,93
2023-10-17T12:00:00.000Z,17754,17758,17745,17747,116
2023-10-17T12:05:00.000Z,17748,17749,17723,17724,114
2023-10-17T12:10:00.000Z,17725,17734,17718,17721,122
2023-10-17T12:15:00.000Z,17721,17737,17720,17733,176
2023-10-17T12:20:00.000Z,17733,17739,17732,17734,125
2023-10-17T12:25:00.000Z,17734,17736,17729,17730,90
2023-10-17T12:30:00.000Z,17721,17721,17687,17694,438
2023-10-17T12:35:00.000Z,17697,17697,17679,17681,227
2023-10-17T12:40:00.000Z,17680,17691,17679,17689,223
2023-10-17T12:45:00.000Z,17689,17689,17660,17669,333
2023-10-17T12:50:00.000Z,17669,17676,17662,17668,241
2023-10-17T12:55:00.000Z,17669,17670,17662,17663,200
2023-10-17T13:00:00.000Z,17664,17669,17640,17642,293
2023-10-17T13:05:00.000Z,17641,17660,17641,17657,249
2023-10-17T13:10:00.000Z,17655,17663,17654,17657,158
2023-10-17T13:15:00.000Z,17656,17666,17651,17666,224
2023-10-17T13:20:00.000Z,17666,17670,17655,17658,176
2023-10-17T13:25:00.000Z,17657,17661,17644,17644,184
2023-10-17T13:30:00.000Z,17646,17708,17641,17685,644
2023-10-17T13:35:00.000Z,17683,17707,17676,17703,470
2023-10-17T13:40:00.000Z,17701,17727,17692,17724,493
2023-10-17T13:45:00.000Z,17723,17727,17704,17707,468
2023-10-17T13:50:00.000Z,17708,17715,17689,17692,416
2023-10-17T13:55:00.000Z,17693,17708,17692,17708,348
2023-10-17T14:00:00.000Z,17706,17723,17701,17704,428
2023-10-17T14:05:00.000Z,17705,17740,17700,17740,398
2023-10-17T14:10:00.000Z,17739,17764,17737,17760,373
2023-10-17T14:15:00.000Z,17760,17772,17755,17770,380
2023-10-17T14:20:00.000Z,17771,17790,17766,17775,359
2023-10-17T14:25:00.000Z,17775,17790,17774,17778,309
2023-10-17T14:30:00.000Z,17778,17785,17765,17785,323
2023-10-17T14:35:00.000Z,17786,17803,17783,17790,276
2023-10-17T14:40:00.000Z,17788,17791,17771,17777,278
2023-10-17T14:45:00.000Z,17777,17785,17769,17772,330
2023-10-17T14:50:00.000Z,17773,17774,17749,17758,268
2023-10-17T14:55:00.000Z,17758,17769,17758,17763,283
2023-10-17T15:00:00.000Z,17763,17772,17757,17769,265
2023-10-17T15:05:00.000Z,17769,17775,17754,17759,279
2023-10-17T15:10:00.000Z,17760,17777,17759,17775,315
2023-10-17T15:15:00.000Z,17775,17787,17775,17786,352
2023-10-17T15:20:00.000Z,17787,17789,17771,17772,218
2023-10-17T15:25:00.000Z,17770,17775,17765,17767,234
2023-10-17T15:30:00.000Z,17766,17780,17759,17779,270
2023-10-17T15:35:00.000Z,17778,17792,17775,17787,262
2023-10-17T15:40:00.000Z,17789,17795,17785,17787,233
2023-10-17T15:45:00.000Z,17788,17797,17784,17795,242
2023-10-17T15:50:00.000Z,17795,17805,17794,17802,215
2023-10-17T15:55:00.000Z,17802,17817,17801,17817,179
2023-10-17T16:00:00.000Z,17818,17822,17807,17808,263
2023-10-17T16:05:00.000Z,17806,17816,17804,17813,202
2023-10-17T16:10:00.000Z,17814,17822,17812,17821,182
2023-10-17T16:15:00.000Z,17822,17823,17811,17815,185
2023-10-17T16:20:00.000Z,17815,17825,17813,17819,183
2023-10-17T16:25:00.000Z,17820,17835,17819,17834,187
2023-10-17T16:30:00.000Z,17834,17835,17812,17813,171
2023-10-17T16:35:00.000Z,17813,17818,17810,17812,103
2023-10-17T16:40:00.000Z,17812,17813,17806,17808,116
2023-10-17T16:45:00.000Z,17809,17811,17797,17806,209
2023-10-17T16:50:00.000Z,17806,17807,17796,17804,181
2023-10-17T16:55:00.000Z,17802,17806,17788,17790,238
2023-10-17T17:00:00.000Z,17789,17797,17786,17788,229
2023-10-17T17:05:00.000Z,17788,17789,17777,17787,151
2023-10-17T17:10:00.000Z,17788,17788,17779,17780,140
2023-10-17T17:15:00.000Z,17779,17784,17777,17784,142
2023-10-17T17:20:00.000Z,17783,17786,17776,17776,110
2023-10-17T17:25:00.000Z,17775,17781,17774,17780,195
2023-10-17T17:30:00.000Z,17781,17783,17766,17769,178
2023-10-17T17:35:00.000Z,17770,17771,17762,17764,131
2023-10-17T17:40:00.000Z,17764,17767,17754,17757,157
2023-10-17T17:45:00.000Z,17758,17758,17748,17755,128
2023-10-17T17:50:00.000Z,17754,17755,17736,17738,198
2023-10-17T17:55:00.000Z,17737,17743,17732,17742,208
2023-10-17T18:00:00.000Z,17740,17746,17738,17742,217
2023-10-17T18:05:00.000Z,17741,17743,17734,17741,216
2023-10-17T18:10:00.000Z,17741,17747,17739,17744,183
2023-10-17T18:15:00.000Z,17745,17755,17743,17743,201
2023-10-17T18:20:00.000Z,17744,17751,17743,17748,190
2023-10-17T18:25:00.000Z,17749,17753,17746,17747,167
2023-10-17T18:30:00.000Z,17748,17749,17740,17744,205
2023-10-17T18:35:00.000Z,17743,17749,17739,17747,188
2023-10-17T18:40:00.000Z,17748,17755,17748,17754,145
2023-10-17T18:45:00.000Z,17754,17760,17750,17755,194
2023-10-17T18:50:00.000Z,17756,17756,17739,17740,156
2023-10-17T18:55:00.000Z,17739,17747,17735,17738,98
2023-10-18T01:15:00.000Z,17709,17749,17684,17694,598
2023-10-18T01:20:00.000Z,17696,17715,17687,17710,401
2023-10-18T01:25:00.000Z,17709,17709,17692,17697,318
2023-10-18T01:30:00.000Z,17694,17727,17668,17679,945
2023-10-18T01:35:00.000Z,17680,17696,17615,17634,842
2023-10-18T01:40:00.000Z,17635,17645,17600,17621,740
2023-10-18T01:45:00.000Z,17619,17721,17618,17710,750
2023-10-18T01:50:00.000Z,17708,17711,17680,17694,724
2023-10-18T01:55:00.000Z,17693,17718,17685,17695,618
2023-10-18T02:00:00.000Z,17694,17825,17694,17797,964
2023-10-18T02:05:00.000Z,17797,17825,17758,17762,766
2023-10-18T02:10:00.000Z,17762,17766,17740,17753,685
2023-10-18T02:15:00.000Z,17752,17782,17749,17778,613
2023-10-18T02:20:00.000Z,17778,17787,17755,17766,576
2023-10-18T02:25:00.000Z,17765,17805,17762,17786,552
2023-10-18T02:30:00.000Z,17787,17794,17755,17755,571
2023-10-18T02:35:00.000Z,17756,17756,17725,17734,552
2023-10-18T02:40:00.000Z,17733,17745,17719,17733,526
2023-10-18T02:45:00.000Z,17734,17763,17725,17763,511
2023-10-18T02:50:00.000Z,17764,17786,17762,17770,519
2023-10-18T02:55:00.000Z,17770,17784,17748,17776,442
2023-10-18T03:00:00.000Z,17777,17814,17777,17804,480
2023-10-18T03:05:00.000Z,17805,17816,17795,17811,497
2023-10-18T03:10:00.000Z,17810,17832,17787,17787,456
2023-10-18T03:15:00.000Z,17787,17789,17750,17756,424
2023-10-18T03:20:00.000Z,17755,17761,17738,17742,426
2023-10-18T03:25:00.000Z,17743,17753,17730,17746,403
2023-10-18T03:30:00.000Z,17746,17746,17735,17741,317
2023-10-18T03:35:00.000Z,17742,17752,17737,17747,261
2023-10-18T03:40:00.000Z,17748,17769,17746,17758,237
2023-10-18T03:45:00.000Z,17757,17768,17755,17761,205
2023-10-18T03:50:00.000Z,17762,17764,17750,17753,177
2023-10-18T03:55:00.000Z,17752,17760,17750,17759,182
2023-10-18T05:00:00.000Z,17736,17754,17721,17733,523
2023-10-18T05:05:00.000Z,17732,17738,17721,17726,428
2023-10-18T05:10:00.000Z,17725,17731,17700,17704,417
2023-10-18T05:15:00.000Z,17702,17740,17699,17732,429
2023-10-18T05:20:00.000Z,17733,17756,17723,17737,408
2023-10-18T05:25:00.000Z,17738,17751,17729,17736,335
2023-10-18T05:30:00.000Z,17737,17754,17735,17742,338
2023-10-18T05:35:00.000Z,17743,17758,17738,17743,324
2023-10-18T05:40:00.000Z,17743,17748,17738,17740,315
2023-10-18T05:45:00.000Z,17741,17744,17727,17731,338
2023-10-18T05:50:00.000Z,17730,17751,17721,17726,339
2023-10-18T05:55:00.000Z,17726,17731,17710,17721,315
2023-10-18T06:00:00.000Z,17720,17728,17704,17708,363
2023-10-18T06:05:00.000Z,17707,17778,17706,17775,472
2023-10-18T06:10:00.000Z,17776,17789,17755,17757,470
2023-10-18T06:15:00.000Z,17758,17760,17728,17728,353
2023-10-18T06:20:00.000Z,17729,17733,17717,17723,348
2023-10-18T06:25:00.000Z,17722,17742,17716,17739,346
2023-10-18T06:30:00.000Z,17738,17753,17728,17738,325
2023-10-18T06:35:00.000Z,17739,17754,17738,17738,318
2023-10-18T06:40:00.000Z,17739,17742,17735,17741,258
2023-10-18T06:45:00.000Z,17740,17745,17732,17737,274
2023-10-18T06:50:00.000Z,17737,17741,17726,17731,382
2023-10-18T06:55:00.000Z,17732,17732,17716,17717,368
2023-10-18T07:00:00.000Z,17716,17729,17708,17710,350
2023-10-18T07:05:00.000Z,17711,17734,17709,17734,351
2023-10-18T07:10:00.000Z,17733,17742,17722,17739,311
2023-10-18T07:15:00.000Z,17740,17761,17733,17741,377
2023-10-18T07:20:00.000Z,17742,17743,17722,17724,269
2023-10-18T07:25:00.000Z,17724,17729,17717,17729,274
2023-10-18T07:30:00.000Z,17730,17741,17723,17739,247
2023-10-18T07:35:00.000Z,17740,17753,17738,17749,254
2023-10-18T07:40:00.000Z,17748,17759,17738,17759,308
2023-10-18T07:45:00.000Z,17758,17763,17752,17756,329
2023-10-18T07:50:00.000Z,17755,17755,17735,17745,338
2023-10-18T07:55:00.000Z,17745,17750,17741,17748,267
2023-10-18T08:00:00.000Z,17747,17751,17731,17732,253
2023-10-18T08:05:00.000Z,17731,17732,17701,17704,376
2023-10-18T08:10:00.000Z,17706,17710,17693,17693,258
2023-10-18T08:15:00.000Z,17696,17709,17695,17702,217
2023-10-18T08:20:00.000Z,17702,17731,17702,17730,208
2023-10-18T08:25:00.000Z,17729,17735,17718,17719,187
2023-10-18T09:15:00.000Z,17717,17723,17711,17716,204
2023-10-18T09:20:00.000Z,17718,17726,17714,17721,132
2023-10-18T09:25:00.000Z,17719,17724,17703,17706,216
2023-10-18T09:30:00.000Z,17706,17709,17695,17700,179
2023-10-18T09:35:00.000Z,17701,17704,17694,17698,163
2023-10-18T09:40:00.000Z,17697,17698,17688,17688,129
2023-10-18T09:45:00.000Z,17688,17693,17682,17689,162
2023-10-18T09:50:00.000Z,17690,17693,17682,17691,141
2023-10-18T09:55:00.000Z,17690,17693,17686,17689,112
2023-10-18T10:00:00.000Z,17688,17691,17683,17689,133
2023-10-18T10:05:00.000Z,17688,17688,17677,17684,145
2023-10-18T10:10:00.000Z,17684,17685,17669,17669,180
2023-10-18T10:15:00.000Z,17669,17674,17666,17669,153
2023-10-18T10:20:00.000Z,17668,17669,17650,17652,186
2023-10-18T10:25:00.000Z,17652,17658,17641,17649,176
2023-10-18T10:30:00.000Z,17648,17664,17645,17663,182
2023-10-18T10:35:00.000Z,17662,17663,17653,17654,93
2023-10-18T10:40:00.000Z,17655,17658,17651,17658,113
2023-10-18T10:45:00.000Z,17658,17658,17649,17652,100
2023-10-18T10:50:00.000Z,17653,17656,17650,17653,123
2023-10-18T10:55:00.000Z,17654,17657,17647,17648,94
2023-10-18T11:00:00.000Z,17648,17653,17642,17652,121
2023-10-18T11:05:00.000Z,17652,17657,17652,17657,100
2023-10-18T11:10:00.000Z,17657,17660,17649,17649,92
2023-10-18T11:15:00.000Z,17649,17652,17644,17647,123
2023-10-18T11:20:00.000Z,17648,17648,17637,17639,95
2023-10-18T11:25:00.000Z,17638,17655,17638,17654,132
2023-10-18T11:30:00.000Z,17654,17662,17652,17662,114
2023-10-18T11:35:00.000Z,17663,17667,17658,17659,117
2023-10-18T11:40:00.000Z,17659,17662,17653,17655,121
2023-10-18T11:45:00.000Z,17655,17658,17652,17652,127
2023-10-18T11:50:00.000Z,17654,17662,17653,17660,174
2023-10-18T11:55:00.000Z,17660,17663,17657,17661,109
2023-10-18T12:00:00.000Z,17662,17665,17657,17662,163
2023-10-18T12:05:00.000Z,17662,17670,17661,17669,133
2023-10-18T12:10:00.000Z,17669,17670,17661,17665,146
2023-10-18T12:15:00.000Z,17664,17672,17662,17671,149
2023-10-18T12:20:00.000Z,17669,17673,17664,17665,154
2023-10-18T12:25:00.000Z,17664,17668,17657,17658,141
2023-10-18T12:30:00.000Z,17658,17660,17647,17649,207
2023-10-18T12:35:00.000Z,17650,17652,17641,17642,168
2023-10-18T12:40:00.000Z,17643,17645,17640,17641,119
2023-10-18T12:45:00.000Z,17640,17640,17627,17631,172
2023-10-18T12:50:00.000Z,17631,17634,17623,17627,148
2023-10-18T12:55:00.000Z,17629,17632,17627,17628,177
2023-10-18T13:00:00.000Z,17628,17644,17626,17641,200
2023-10-18T13:05:00.000Z,17640,17645,17627,17632,173
2023-10-18T13:10:00.000Z,17632,17638,17632,17638,156
2023-10-18T13:15:00.000Z,17637,17638,17629,17636,136
2023-10-18T13:20:00.000Z,17636,17644,17633,17641,119
2023-10-18T13:25:00.000Z,17638,17642,17634,17639,150
2023-10-18T13:30:00.000Z,17638,17665,17634,17644,646
2023-10-18T13:35:00.000Z,17645,17661,17635,17658,455
2023-10-18T13:40:00.000Z,17659,17659,17635,17639,396
2023-10-18T13:45:00.000Z,17640,17654,17634,17645,368
2023-10-18T13:50:00.000Z,17645,17646,17633,17643,369
2023-10-18T13:55:00.000Z,17643,17660,17641,17644,397
2023-10-18T14:00:00.000Z,17643,17647,17615,17628,360
2023-10-18T14:05:00.000Z,17629,17648,17622,17643,412
2023-10-18T14:10:00.000Z,17641,17642,17620,17626,329
2023-10-18T14:15:00.000Z,17624,17644,17621,17644,338
2023-10-18T14:20:00.000Z,17644,17653,17631,17647,363
2023-10-18T14:25:00.000Z,17647,17648,17618,17618,333
2023-10-18T14:30:00.000Z,17617,17621,17586,17590,315
2023-10-18T14:35:00.000Z,17591,17593,17559,17570,421
2023-10-18T14:40:00.000Z,17570,17577,17551,17572,339
2023-10-18T14:45:00.000Z,17571,17580,17564,17565,291
2023-10-18T14:50:00.000Z,17564,17568,17546,17552,342
2023-10-18T14:55:00.000Z,17552,17567,17550,17566,350
2023-10-18T15:00:00.000Z,17564,17579,17561,17579,239
2023-10-18T15:05:00.000Z,17576,17576,17551,17566,268
2023-10-18T15:10:00.000Z,17565,17572,17557,17568,275
2023-10-18T15:15:00.000Z,17569,17579,17568,17570,306
2023-10-18T15:20:00.000Z,17571,17571,17557,17560,248
2023-10-18T15:25:00.000Z,17560,17573,17559,17564,255
2023-10-18T15:30:00.000Z,17565,17565,17547,17547,213
2023-10-18T15:35:00.000Z,17546,17548,17535,17546,185
2023-10-18T15:40:00.000Z,17546,17551,17539,17541,195
2023-10-18T15:45:00.000Z,17542,17549,17535,17537,240
2023-10-18T15:50:00.000Z,17537,17546,17534,17540,223
2023-10-18T15:55:00.000Z,17540,17548,17539,17542,220
2023-10-18T16:00:00.000Z,17543,17552,17532,17550,266
2023-10-18T16:05:00.000Z,17549,17549,17538,17546,305
2023-10-18T16:10:00.000Z,17545,17552,17534,17537,231
2023-10-18T16:15:00.000Z,17537,17541,17533,17535,246
2023-10-18T16:20:00.000Z,17534,17536,17521,17522,224
2023-10-18T16:25:00.000Z,17523,17529,17520,17524,224
2023-10-18T16:30:00.000Z,17525,17531,17524,17526,223
2023-10-18T16:35:00.000Z,17526,17535,17523,17526,182
2023-10-18T16:40:00.000Z,17527,17538,17526,17535,205
2023-10-18T16:45:00.000Z,17535,17539,17532,17539,164
2023-10-18T16:50:00.000Z,17538,17539,17532,17533,187
2023-10-18T16:55:00.000Z,17534,17540,17530,17536,180
2023-10-18T17:00:00.000Z,17537,17556,17526,17556,346
2023-10-18T17:05:00.000Z,17556,17558,17546,17553,267
2023-10-18T17:10:00.000Z,17554,17569,17550,17567,308
2023-10-18T17:15:00.000Z,17567,17573,17559,17561,308
2023-10-18T17:20:00.000Z,17562,17564,17555,17560,232
2023-10-18T17:25:00.000Z,17559,17563,17555,17557,222
2023-10-18T17:30:00.000Z,17557,17557,17545,17548,263
2023-10-18T17:35:00.000Z,17548,17550,17534,17536,295
2023-10-18T17:40:00.000Z,17537,17545,17535,17541,249
2023-10-18T17:45:00.000Z,17542,17550,17533,17549,204
2023-10-18T17:50:00.000Z,17548,17560,17547,17559,276
2023-10-18T17:55:00.000Z,17558,17567,17556,17565,241
2023-10-18T18:00:00.000Z,17565,17567,17554,17557,260
2023-10-18T18:05:00.000Z,17558,17574,17552,17566,298
2023-10-18T18:10:00.000Z,17563,17567,17559,17560,230
2023-10-18T18:15:00.000Z,17559,17561,17547,17548,252
2023-10-18T18:20:00.000Z,17548,17557,17547,17556,221
2023-10-18T18:25:00.000Z,17555,17556,17547,17554,159
2023-10-18T18:30:00.000Z,17554,17562,17552,17555,194
2023-10-18T18:35:00.000Z,17554,17555,17544,17547,182
2023-10-18T18:40:00.000Z,17548,17548,17539,17546,197
2023-10-18T18:45:00.000Z,17545,17546,17533,17536,195
2023-10-18T18:50:00.000Z,17538,17538,17529,17529,184
2023-10-18T18:55:00.000Z,17529,17535,17525,17535,121
2023-10-19T01:15:00.000Z,17504,17535,17488,17498,591
2023-10-19T01:20:00.000Z,17497,17509,17441,17445,672
2023-10-19T01:25:00.000Z,17446,17459,17432,17458,569
2023-10-19T01:30:00.000Z,17456,17481,17441,17453,1020
2023-10-19T01:35:00.000Z,17454,17465,17383,17390,931
2023-10-19T01:40:00.000Z,17389,17398,17351,17375,753
2023-10-19T01:45:00.000Z,17376,17400,17367,17367,678
2023-10-19T01:50:00.000Z,17365,17383,17344,17381,712
2023-10-19T01:55:00.000Z,17382,17388,17361,17361,592
2023-10-19T02:00:00.000Z,17360,17399,17359,17395,562
2023-10-19T02:05:00.000Z,17396,17438,17389,17431,651
2023-10-19T02:10:00.000Z,17432,17453,17423,17429,673
2023-10-19T02:15:00.000Z,17430,17437,17412,17418,524
2023-10-19T02:20:00.000Z,17419,17441,17404,17433,544
2023-10-19T02:25:00.000Z,17432,17452,17429,17440,491
2023-10-19T02:30:00.000Z,17437,17441,17410,17411,472
2023-10-19T02:35:00.000Z,17411,17420,17397,17401,451
2023-10-19T02:40:00.000Z,17401,17412,17393,17397,433
2023-10-19T02:45:00.000Z,17398,17413,17384,17388,435
2023-10-19T02:50:00.000Z,17389,17411,17387,17410,442
2023-10-19T02:55:00.000Z,17408,17408,17377,17381,463
2023-10-19T03:00:00.000Z,17382,17390,17370,17378,379
2023-10-19T03:05:00.000Z,17377,17382,17363,17367,349
2023-10-19T03:10:00.000Z,17367,17371,17356,17356,375
2023-10-19T03:15:00.000Z,17355,17365,17350,17363,434
2023-10-19T03:20:00.000Z,17364,17366,17344,17347,432
2023-10-19T03:25:00.000Z,17346,17351,17330,17343,483
2023-10-19T03:30:00.000Z,17343,17350,17337,17345,249
2023-10-19T03:35:00.000Z,17345,17356,17344,17345,241
2023-10-19T03:40:00.000Z,17344,17353,17344,17350,204
2023-10-19T03:45:00.000Z,17349,17352,17346,17349,177
2023-10-19T03:50:00.000Z,17348,17349,17333,17346,221
2023-10-19T03:55:00.000Z,17346,17351,17343,17350,164
2023-10-19T05:00:00.000Z,17355,17365,17341,17344,486
2023-10-19T05:05:00.000Z,17345,17352,17336,17345,451
2023-10-19T05:10:00.000Z,17343,17371,17343,17370,412
2023-10-19T05:15:00.000Z,17370,17373,17350,17355,426
2023-10-19T05:20:00.000Z,17357,17365,17342,17343,364
2023-10-19T05:25:00.000Z,17344,17352,17341,17343,345
2023-10-19T05:30:00.000Z,17343,17348,17335,17338,394
2023-10-19T05:35:00.000Z,17337,17338,17314,17320,453
2023-10-19T05:40:00.000Z,17320,17337,17319,17336,430
2023-10-19T05:45:00.000Z,17337,17344,17322,17330,382
2023-10-19T05:50:00.000Z,17329,17333,17320,17323,375
2023-10-19T05:55:00.000Z,17324,17330,17314,17325,384
2023-10-19T06:00:00.000Z,17326,17349,17317,17342,417
2023-10-19T06:05:00.000Z,17343,17352,17321,17325,414
2023-10-19T06:10:00.000Z,17325,17337,17324,17332,350
2023-10-19T06:15:00.000Z,17333,17360,17331,17352,388
2023-10-19T06:20:00.000Z,17353,17368,17353,17360,314
2023-10-19T06:25:00.000Z,17360,17367,17342,17343,302
2023-10-19T06:30:00.000Z,17343,17344,17307,17309,345
2023-10-19T06:35:00.000Z,17308,17320,17302,17319,389
2023-10-19T06:40:00.000Z,17318,17318,17303,17308,314
2023-10-19T06:45:00.000Z,17307,17309,17293,17295,313
2023-10-19T06:50:00.000Z,17294,17299,17291,17294,336
2023-10-19T06:55:00.000Z,17293,17309,17292,17301,329
2023-10-19T07:00:00.000Z,17302,17320,17297,17318,383
2023-10-19T07:05:00.000Z,17318,17319,17302,17311,310
2023-10-19T07:10:00.000Z,17310,17315,17300,17308,383
2023-10-19T07:15:00.000Z,17307,17321,17296,17318,344
2023-10-19T07:20:00.000Z,17319,17332,17319,17323,374
2023-10-19T07:25:00.000Z,17325,17328,17307,17313,277
2023-10-19T07:30:00.000Z,17313,17321,17312,17320,246
2023-10-19T07:35:00.000Z,17321,17323,17306,17306,290
2023-10-19T07:40:00.000Z,17304,17309,17298,17299,330
2023-10-19T07:45:00.000Z,17300,17301,17270,17273,422
2023-10-19T07:50:00.000Z,17273,17277,17264,17268,379
2023-10-19T07:55:00.000Z,17268,17273,17248,17250,401
2023-10-19T08:00:00.000Z,17248,17264,17239,17250,482
2023-10-19T08:05:00.000Z,17250,17260,17235,17236,503
2023-10-19T08:10:00.000Z,17238,17244,17219,17222,348
2023-10-19T08:15:00.000Z,17221,17233,17218,17229,315
2023-10-19T08:20:00.000Z,17230,17248,17227,17247,263
2023-10-19T08:25:00.000Z,17245,17262,17243,17256,278
2023-10-19T09:15:00.000Z,17260,17261,17223,17224,328
2023-10-19T09:20:00.000Z,17223,17239,17221,17231,188
2023-10-19T09:25:00.000Z,17232,17232,17219,17224,170
2023-10-19T09:30:00.000Z,17224,17242,17222,17238,144
2023-10-19T09:35:00.000Z,17239,17251,17235,17250,124
2023-10-19T09:40:00.000Z,17252,17252,17239,17246,143
2023-10-19T09:45:00.000Z,17247,17256,17242,17244,169
2023-10-19T09:50:00.000Z,17246,17260,17245,17255,107
2023-10-19T09:55:00.000Z,17259,17264,17254,17259,120
2023-10-19T10:00:00.000Z,17258,17271,17256,17265,144
2023-10-19T10:05:00.000Z,17267,17274,17265,17266,137
2023-10-19T10:10:00.000Z,17265,17268,17261,17266,164
2023-10-19T10:15:00.000Z,17264,17266,17261,17261,106
2023-10-19T10:20:00.000Z,17260,17262,17256,17259,137
2023-10-19T10:25:00.000Z,17258,17263,17257,17262,126
2023-10-19T10:30:00.000Z,17263,17275,17261,17272,122
2023-10-19T10:35:00.000Z,17272,17278,17268,17272,148
2023-10-19T10:40:00.000Z,17273,17279,17271,17276,95
2023-10-19T10:45:00.000Z,17277,17284,17273,17278,117
2023-10-19T10:50:00.000Z,17277,17279,17270,17274,87
2023-10-19T10:55:00.000Z,17273,17285,17272,17285,122
2023-10-19T11:00:00.000Z,17284,17289,17269,17272,147
2023-10-19T11:05:00.000Z,17272,17272,17259,17265,124
2023-10-19T11:10:00.000Z,17266,17268,17260,17263,143
2023-10-19T11:15:00.000Z,17263,17271,17260,17261,160
2023-10-19T11:20:00.000Z,17262,17268,17253,17260,164
2023-10-19T11:25:00.000Z,17260,17267,17255,17264,142
2023-10-19T11:30:00.000Z,17263,17267,17252,17253,140
2023-10-19T11:35:00.000Z,17254,17256,17247,17250,103
2023-10-19T11:40:00.000Z,17252,17261,17251,17251,162
2023-10-19T11:45:00.000Z,17251,17258,17250,17252,163
2023-10-19T11:50:00.000Z,17252,17254,17241,17242,102
2023-10-19T11:55:00.000Z,17243,17249,17237,17247,129
2023-10-19T12:00:00.000Z,17246,17252,17242,17252,168
2023-10-19T12:05:00.000Z,17253,17262,17252,17252,172
2023-10-19T12:10:00.000Z,17253,17267,17253,17265,148
2023-10-19T12:15:00.000Z,17265,17272,17257,17272,153
2023-10-19T12:20:00.000Z,17272,17278,17267,17276,172
2023-10-19T12:25:00.000Z,17275,17279,17269,17271,115
2023-10-19T12:30:00.000Z,17264,17283,17258,17278,312
2023-10-19T12:35:00.000Z,17277,17296,17268,17293,278
2023-10-19T12:40:00.000Z,17294,17297,17279,17291,210
2023-10-19T12:45:00.000Z,17292,17296,17287,17291,192
2023-10-19T12:50:00.000Z,17292,17297,17286,17297,173
2023-10-19T12:55:00.000Z,17296,17299,17291,17296,198
2023-10-19T13:00:00.000Z,17297,17305,17290,17305,217
2023-10-19T13:05:00.000Z,17305,17308,17292,17300,171
2023-10-19T13:10:00.000Z,17301,17306,17299,17302,139
2023-10-19T13:15:00.000Z,17303,17313,17302,17311,159
2023-10-19T13:20:00.000Z,17310,17310,17294,17295,140
2023-10-19T13:25:00.000Z,17295,17298,17290,17297,182
2023-10-19T13:30:00.000Z,17298,17338,17292,17323,675
2023-10-19T13:35:00.000Z,17324,17331,17300,17327,602
2023-10-19T13:40:00.000Z,17327,17331,17312,17321,454
2023-10-19T13:45:00.000Z,17324,17332,17311,17326,414
2023-10-19T13:50:00.000Z,17325,17327,17304,17309,389
2023-10-19T13:55:00.000Z,17308,17322,17308,17316,321
2023-10-19T14:00:00.000Z,17317,17320,17296,17312,412
2023-10-19T14:05:00.000Z,17310,17318,17302,17313,337
2023-10-19T14:10:00.000Z,17315,17330,17315,17327,313
2023-10-19T14:15:00.000Z,17328,17333,17293,17297,378
2023-10-19T14:20:00.000Z,17297,17302,17279,17299,332
2023-10-19T14:25:00.000Z,17298,17300,17277,17278,331
2023-10-19T14:30:00.000Z,17276,17296,17276,17296,308
2023-10-19T14:35:00.000Z,17294,17313,17294,17309,261
2023-10-19T14:40:00.000Z,17307,17316,17300,17303,323
2023-10-19T14:45:00.000Z,17303,17310,17300,17302,303
2023-10-19T14:50:00.000Z,17302,17307,17291,17293,297
2023-10-19T14:55:00.000Z,17292,17303,17292,17296,259
2023-10-19T15:00:00.000Z,17297,17310,17293,17307,292
2023-10-19T15:05:00.000Z,17308,17326,17303,17321,307
2023-10-19T15:10:00.000Z,17321,17326,17318,17319,277
2023-10-19T15:15:00.000Z,17319,17322,17306,17313,300
2023-10-19T15:20:00.000Z,17313,17321,17299,17321,227
2023-10-19T15:25:00.000Z,17321,17328,17319,17321,283
2023-10-19T15:30:00.000Z,17319,17332,17316,17327,333
2023-10-19T15:35:00.000Z,17326,17332,17320,17323,272
2023-10-19T15:40:00.000Z,17322,17332,17319,17330,236
2023-10-19T15:45:00.000Z,17329,17335,17324,17327,242
2023-10-19T15:50:00.000Z,17326,17328,17322,17323,233
2023-10-19T15:55:00.000Z,17323,17324,17314,17319,144
2023-10-19T16:00:00.000Z,17320,17376,17294,17365,746
2023-10-19T16:05:00.000Z,17365,17371,17339,17348,587
2023-10-19T16:10:00.000Z,17347,17358,17343,17352,495
2023-10-19T16:15:00.000Z,17353,17383,17342,17376,442
2023-10-19T16:20:00.000Z,17377,17402,17375,17387,386
2023-10-19T16:25:00.000Z,17387,17388,17329,17335,600
2023-10-19T16:30:00.000Z,17336,17342,17296,17304,536
2023-10-19T16:35:00.000Z,17303,17306,17281,17294,650
2023-10-19T16:40:00.000Z,17293,17319,17292,17305,650
2023-10-19T16:45:00.000Z,17304,17331,17304,17328,560
2023-10-19T16:50:00.000Z,17329,17349,17318,17349,601
2023-10-19T16:55:00.000Z,17348,17364,17340,17358,488
2023-10-19T17:00:00.000Z,17358,17377,17357,17363,461
2023-10-19T17:05:00.000Z,17365,17385,17361,17381,414
2023-10-19T17:10:00.000Z,17380,17385,17367,17370,399
2023-10-19T17:15:00.000Z,17371,17388,17362,17386,431
2023-10-19T17:20:00.000Z,17386,17398,17366,17369,374
2023-10-19T17:25:00.000Z,17370,17375,17359,17368,351
2023-10-19T17:30:00.000Z,17369,17384,17361,17362,353
2023-10-19T17:35:00.000Z,17363,17365,17333,17338,452
2023-10-19T17:40:00.000Z,17338,17340,17326,17330,388
2023-10-19T17:45:00.000Z,17331,17342,17328,17336,377
2023-10-19T17:50:00.000Z,17337,17344,17332,17342,264
2023-10-19T17:55:00.000Z,17341,17351,17335,17341,274
2023-10-19T18:00:00.000Z,17340,17358,17339,17352,309
2023-10-19T18:05:00.000Z,17353,17354,17343,17344,314
2023-10-19T18:10:00.000Z,17345,17356,17345,17349,291
2023-10-19T18:15:00.000Z,17349,17358,17342,17351,322
2023-10-19T18:20:00.000Z,17350,17351,17328,17328,328
2023-10-19T18:25:00.000Z,17329,17333,17323,17325,252
2023-10-19T18:30:00.000Z,17326,17326,17297,17298,283
2023-10-19T18:35:00.000Z,17299,17299,17279,17289,244
2023-10-19T18:40:00.000Z,17288,17288,17277,17279,194
2023-10-19T18:45:00.000Z,17279,17286,17266,17268,190
2023-10-19T18:50:00.000Z,17267,17269,17256,17256,156
2023-10-19T18:55:00.000Z,17257,17265,17246,17256,125
2023-10-20T01:15:00.000Z,17088,17098,17015,17050,862
2023-10-20T01:20:00.000Z,17053,17101,17040,17090,690
2023-10-20T01:25:00.000Z,17089,17112,17084,17096,451
2023-10-20T01:30:00.000Z,17099,17170,17091,17159,1062
2023-10-20T01:35:00.000Z,17161,17184,17135,17162,939
2023-10-20T01:40:00.000Z,17163,17175,17137,17174,868
2023-10-20T01:45:00.000Z,17177,17214,17145,17190,829
2023-10-20T01:50:00.000Z,17186,17195,17153,17154,743
2023-10-20T01:55:00.000Z,17155,17158,17125,17143,569
2023-10-20T02:00:00.000Z,17141,17156,17114,17151,596
2023-10-20T02:05:00.000Z,17152,17179,17138,17141,550
2023-10-20T02:10:00.000Z,17140,17140,17117,17134,626
2023-10-20T02:15:00.000Z,17135,17151,17115,17117,584
2023-10-20T02:20:00.000Z,17116,17146,17113,17130,509
2023-10-20T02:25:00.000Z,17129,17149,17115,17147,495
2023-10-20T02:30:00.000Z,17149,17184,17136,17182,540
2023-10-20T02:35:00.000Z,17181,17218,17168,17211,614
2023-10-20T02:40:00.000Z,17209,17228,17194,17207,593
2023-10-20T02:45:00.000Z,17206,17246,17192,17245,551
2023-10-20T02:50:00.000Z,17244,17260,17230,17257,600
2023-10-20T02:55:00.000Z,17256,17282,17231,17278,586
2023-10-20T03:00:00.000Z,17277,17279,17248,17260,562
2023-10-20T03:05:00.000Z,17260,17270,17242,17249,474
2023-10-20T03:10:00.000Z,17249,17249,17225,17226,397
2023-10-20T03:15:00.000Z,17224,17228,17201,17201,445
2023-10-20T03:20:00.000Z,17199,17212,17196,17199,370
2023-10-20T03:25:00.000Z,17198,17207,17194,17196,323
2023-10-20T03:30:00.000Z,17195,17206,17188,17192,315
2023-10-20T03:35:00.000Z,17190,17204,17185,17187,231
2023-10-20T03:40:00.000Z,17186,17197,17181,17195,189
2023-10-20T03:45:00.000Z,17193,17200,17185,17194,214
2023-10-20T03:50:00.000Z,17194,17205,17192,17200,162
2023-10-20T03:55:00.000Z,17199,17208,17197,17208,148
2023-10-20T05:00:00.000Z,17209,17217,17174,17176,586
2023-10-20T05:05:00.000Z,17175,17183,17158,17176,484
2023-10-20T05:10:00.000Z,17175,17189,17166,17180,398
2023-10-20T05:15:00.000Z,17179,17210,17177,17190,399
2023-10-20T05:20:00.000Z,17189,17191,17163,17168,374
2023-10-20T05:25:00.000Z,17168,17215,17163,17207,398
2023-10-20T05:30:00.000Z,17206,17219,17189,17192,420
2023-10-20T05:35:00.000Z,17191,17194,17156,17160,440
2023-10-20T05:40:00.000Z,17159,17167,17147,17158,404
2023-10-20T05:45:00.000Z,17158,17170,17150,17170,355
2023-10-20T05:50:00.000Z,17171,17171,17143,17144,368
2023-10-20T05:55:00.000Z,17145,17186,17144,17169,423
2023-10-20T06:00:00.000Z,17168,17176,17147,17151,449
2023-10-20T06:05:00.000Z,17151,17165,17149,17157,340
2023-10-20T06:10:00.000Z,17157,17158,17136,17139,372
2023-10-20T06:15:00.000Z,17138,17156,17136,17143,336
2023-10-20T06:20:00.000Z,17143,17159,17129,17157,384
2023-10-20T06:25:00.000Z,17158,17160,17133,17140,344
2023-10-20T06:30:00.000Z,17139,17148,17128,17144,373
2023-10-20T06:35:00.000Z,17143,17152,17134,17146,350
2023-10-20T06:40:00.000Z,17145,17158,17132,17150,314
2023-10-20T06:45:00.000Z,17149,17150,17137,17146,227
2023-10-20T06:50:00.000Z,17145,17150,17137,17144,328
2023-10-20T06:55:00.000Z,17141,17153,17141,17143,365
2023-10-20T07:00:00.000Z,17142,17143,17119,17122,336
2023-10-20T07:05:00.000Z,17121,17138,17108,17114,315
2023-10-20T07:10:00.000Z,17113,17119,17097,17111,387
2023-10-20T07:15:00.000Z,17111,17112,17096,17098,302
2023-10-20T07:20:00.000Z,17098,17112,17095,17108,348
2023-10-20T07:25:00.000Z,17106,17121,17090,17104,410
2023-10-20T07:30:00.000Z,17103,17113,17100,17110,295
2023-10-20T07:35:00.000Z,17110,17132,17107,17125,300
2023-10-20T07:40:00.000Z,17125,17127,17116,17117,252
2023-10-20T07:45:00.000Z,17117,17137,17115,17130,259
2023-10-20T07:50:00.000Z,17128,17136,17126,17133,255
2023-10-20T07:55:00.000Z,17133,17137,17125,17130,350
2023-10-20T08:00:00.000Z,17131,17131,17106,17113,356
2023-10-20T08:05:00.000Z,17112,17127,17105,17116,385
2023-10-20T08:10:00.000Z,17118,17141,17116,17137,272
2023-10-20T08:15:00.000Z,17138,17146,17137,17146,169
2023-10-20T08:20:00.000Z,17144,17158,17143,17156,234
2023-10-20T08:25:00.000Z,17156,17158,17133,17137,180
2023-10-20T09:15:00.000Z,17135,17135,17108,17110,160
2023-10-20T09:20:00.000Z,17111,17114,17098,17104,147
2023-10-20T09:25:00.000Z,17103,17107,17083,17084,125
2023-10-20T09:30:00.000Z,17083,17089,17082,17087,91
2023-10-20T09:35:00.000Z,17088,17094,17081,17089,140
2023-10-20T09:40:00.000Z,17089,17101,17084,17100,141
2023-10-20T09:45:00.000Z,17100,17100,17087,17094,108
2023-10-20T09:50:00.000Z,17092,17111,17092,17108,174
2023-10-20T09:55:00.000Z,17109,17118,17101,17102,154
2023-10-20T10:00:00.000Z,17102,17105,17097,17100,142
2023-10-20T10:05:00.000Z,17100,17105,17094,17095,141
2023-10-20T10:10:00.000Z,17094,17102,17089,17091,110
2023-10-20T10:15:00.000Z,17092,17094,17081,17083,107
2023-10-20T10:20:00.000Z,17084,17086,17075,17078,133
2023-10-20T10:25:00.000Z,17078,17079,17068,17071,110
2023-10-20T10:30:00.000Z,17071,17080,17070,17079,151
2023-10-20T10:35:00.000Z,17078,17088,17075,17082,134
2023-10-20T10:40:00.000Z,17083,17086,17077,17079,82
2023-10-20T10:45:00.000Z,17079,17079,17066,17075,109
2023-10-20T10:50:00.000Z,17076,17077,17070,17075,93
2023-10-20T10:55:00.000Z,17074,17082,17074,17080,125
2023-10-20T11:00:00.000Z,17080,17082,17075,17076,169
2023-10-20T11:05:00.000Z,17076,17087,17076,17084,100
2023-10-20T11:10:00.000Z,17083,17093,17082,17091,134
2023-10-20T11:15:00.000Z,17091,17095,17089,17090,104
2023-10-20T11:20:00.000Z,17089,17095,17086,17091,89
2023-10-20T11:25:00.000Z,17091,17096,17086,17095,100
2023-10-20T11:30:00.000Z,17095,17095,17086,17088,130
2023-10-20T11:35:00.000Z,17087,17091,17084,17090,112
2023-10-20T11:40:00.000Z,17090,17091,17076,17083,124
2023-10-20T11:45:00.000Z,17083,17087,17079,17080,76
2023-10-20T11:50:00.000Z,17079,17080,17073,17076,99
2023-10-20T11:55:00.000Z,17075,17084,17075,17078,140
2023-10-20T12:00:00.000Z,17077,17080,17072,17074,120
2023-10-20T12:05:00.000Z,17074,17075,17068,17070,132
2023-10-20T12:10:00.000Z,17071,17077,17068,17069,88
2023-10-20T12:15:00.000Z,17069,17069,17059,17063,129
2023-10-20T12:20:00.000Z,17063,17066,17043,17045,128
2023-10-20T12:25:00.000Z,17045,17045,17030,17036,174
2023-10-20T12:30:00.000Z,17035,17049,17032,17046,147
2023-10-20T12:35:00.000Z,17046,17046,17036,17038,153
2023-10-20T12:40:00.000Z,17038,17052,17037,17042,178
2023-10-20T12:45:00.000Z,17042,17047,17037,17040,154
2023-10-20T12:50:00.000Z,17039,17044,17030,17031,156
2023-10-20T12:55:00.000Z,17031,17041,17030,17041,121
2023-10-20T13:00:00.000Z,17040,17050,17038,17039,203
2023-10-20T13:05:00.000Z,17040,17054,17036,17051,145
2023-10-20T13:10:00.000Z,17052,17061,17050,17053,153
2023-10-20T13:15:00.000Z,17053,17054,17046,17048,144
2023-10-20T13:20:00.000Z,17049,17054,17045,17051,154
2023-10-20T13:25:00.000Z,17051,17060,17047,17052,225
2023-10-20T13:30:00.000Z,17051,17113,17033,17104,630
2023-10-20T13:35:00.000Z,17104,17110,17074,17081,515
2023-10-20T13:40:00.000Z,17081,17089,17058,17068,468
2023-10-20T13:45:00.000Z,17066,17101,17060,17097,478
2023-10-20T13:50:00.000Z,17097,17104,17076,17088,408
2023-10-20T13:55:00.000Z,17087,17105,17085,17085,449
2023-10-20T14:00:00.000Z,17085,17115,17081,17096,458
2023-10-20T14:05:00.000Z,17096,17099,17072,17081,413
2023-10-20T14:10:00.000Z,17082,17083,17055,17056,396
2023-10-20T14:15:00.000Z,17055,17064,17052,17061,358
2023-10-20T14:20:00.000Z,17059,17063,17046,17052,318
2023-10-20T14:25:00.000Z,17052,17052,17035,17036,230
2023-10-20T14:30:00.000Z,17036,17059,17033,17056,324
2023-10-20T14:35:00.000Z,17057,17063,17046,17049,331
2023-10-20T14:40:00.000Z,17048,17052,17034,17035,324
2023-10-20T14:45:00.000Z,17031,17048,17025,17048,381
2023-10-20T14:50:00.000Z,17047,17055,17040,17045,312
2023-10-20T14:55:00.000Z,17044,17044,17019,17036,375
2023-10-20T15:00:00.000Z,17036,17048,17028,17033,346
2023-10-20T15:05:00.000Z,17034,17042,17029,17034,345
2023-10-20T15:10:00.000Z,17033,17038,17022,17033,331
2023-10-20T15:15:00.000Z,17034,17037,16994,16999,342
2023-10-20T15:20:00.000Z,16999,17011,16998,17003,276
2023-10-20T15:25:00.000Z,17003,17015,16997,17014,290
2023-10-20T15:30:00.000Z,17012,17012,16993,16994,284
2023-10-20T15:35:00.000Z,16994,17008,16994,16999,258
2023-10-20T15:40:00.000Z,16997,17006,16997,17002,290
2023-10-20T15:45:00.000Z,17002,17018,17000,17015,289
2023-10-20T15:50:00.000Z,17016,17023,17008,17013,243
2023-10-20T15:55:00.000Z,17014,17023,17013,17020,240
2023-10-20T16:00:00.000Z,17020,17025,16998,17004,234
2023-10-20T16:05:00.000Z,17003,17004,16990,16996,207
2023-10-20T16:10:00.000Z,16995,16996,16990,16990,192
2023-10-20T16:15:00.000Z,16990,17003,16989,17002,163
2023-10-20T16:20:00.000Z,17003,17011,17000,17007,209
2023-10-20T16:25:00.000Z,17007,17008,16993,16994,165
2023-10-20T16:30:00.000Z,16996,17008,16995,17007,179
2023-10-20T16:35:00.000Z,17007,17015,17004,17011,211
2023-10-20T16:40:00.000Z,17012,17013,17005,17009,185
2023-10-20T16:45:00.000Z,17008,17018,17008,17018,186
2023-10-20T16:50:00.000Z,17018,17020,17012,17015,196
2023-10-20T16:55:00.000Z,17015,17027,17014,17027,178
2023-10-20T17:00:00.000Z,17027,17029,17016,17016,204
2023-10-20T17:05:00.000Z,17017,17018,17010,17012,192
2023-10-20T17:10:00.000Z,17011,17017,17010,17013,185
2023-10-20T17:15:00.000Z,17012,17041,17009,17040,374
2023-10-20T17:20:00.000Z,17039,17040,17025,17031,326
2023-10-20T17:25:00.000Z,17029,17032,17021,17030,199
2023-10-20T17:30:00.000Z,17031,17034,17019,17022,238
2023-10-20T17:35:00.000Z,17022,17027,17018,17018,190
2023-10-20T17:40:00.000Z,17019,17032,17019,17026,206
2023-10-20T17:45:00.000Z,17025,17028,17004,17006,201
2023-10-20T17:50:00.000Z,17006,17008,16996,17002,208
2023-10-20T17:55:00.000Z,17001,17007,16999,17006,195
2023-10-20T18:00:00.000Z,17006,17008,16998,16999,300
2023-10-20T18:05:00.000Z,16999,17003,16995,17000,261
2023-10-20T18:10:00.000Z,17001,17001,16989,16991,227
2023-10-20T18:15:00.000Z,16990,16992,16980,16980,185
2023-10-20T18:20:00.000Z,16980,16985,16978,16983,185
2023-10-20T18:25:00.000Z,16983,16984,16978,16981,203
2023-10-20T18:30:00.000Z,16980,16994,16978,16991,238
2023-10-20T18:35:00.000Z,16990,16996,16985,16989,187
2023-10-20T18:40:00.000Z,16989,16998,16986,16998,173
2023-10-20T18:45:00.000Z,16998,17003,16994,17000,133
2023-10-20T18:50:00.000Z,17001,17006,16994,17004,129
2023-10-20T18:55:00.000Z,17004,17012,17000,17005,128
