time,open,high,low,close,volume
2023-01-18T01:00:00.000Z,8579.4189,8609.8779,8552.6846,8564.6211,24675
2023-01-18T01:30:00.000Z,8564.6211,8580.1631,8523.3477,8528.8262,15553
2023-01-18T02:00:00.000Z,8528.8262,8541.1514,8523.2803,8535.5947,3554
2023-01-18T02:30:00.000Z,8535.5947,8555.6045,8528.4717,8530.8818,8944
2023-01-18T03:00:00.000Z,8530.8818,8593.1367,8530.4414,8570.3994,16821
2023-01-18T05:30:00.000Z,8570.3994,8596.335,8568.7227,8588.4912,8617
2023-01-18T06:00:00.000Z,8588.4912,8618.1006,8582.0332,8591.2109,11598
2023-01-18T06:30:00.000Z,8591.2109,8591.2109,8562.7031,8567.5342,9928
2023-01-19T01:00:00.000Z,8562.4297,8575.3945,8427.2988,8476.7627,56077
2023-01-19T01:30:00.000Z,8476.7627,8546.4297,8466.6582,8532.3086,22764
2023-01-19T02:00:00.000Z,8532.3086,8601.3486,8526.084,8598.3027,11315
2023-01-19T02:30:00.000Z,8600.0986,8641.5371,8598.998,8622.0664,23273
2023-01-19T03:00:00.000Z,8622.0664,8625.0566,8589.9014,8614.6592,9989
2023-01-19T05:30:00.000Z,8613.9678,8613.9678,8579.8193,8597.0381,10512
2023-01-19T06:00:00.000Z,8597.0381,8632.0313,8587.8242,8622.3662,8957
2023-01-19T06:30:00.000Z,8622.3662,8631.2363,8594.041,8613.1445,10707
2023-01-20T01:00:00.000Z,8595.0303,8620.7178,8573.6631,8596.2988,21673
2023-01-20T01:30:00.000Z,8596.2988,8601.8447,8559.2686,8563.3906,10499
2023-01-20T02:00:00.000Z,8563.3906,8581.1914,8562.6943,8577.5225,2231
2023-01-20T02:30:00.000Z,8575.4326,8577.3838,8541.8115,8551.9375,10733
2023-01-20T03:00:00.000Z,8551.9375,8602.7266,8550.0469,8596.9033,10763
2023-01-20T05:30:00.000Z,8599.0889,8766.999,8599.0889,8730.3828,50224
2023-01-20T06:00:00.000Z,8730.3828,8739.0625,8642.1885,8677.3398,36584
2023-01-20T06:30:00.000Z,8677.3398,8718.1553,8677.3398,8700.4961,25205
2023-01-30T01:00:00.000Z,8780.0195,8925.4355,8718.6953,8841.1318,73487
2023-01-30T01:30:00.000Z,8841.1318,8857.4395,8791.0771,8811.4072,20084
2023-01-30T02:00:00.000Z,8811.4072,8824.4951,8758.0889,8771.4346,10008
2023-01-30T02:30:00.000Z,8772.3867,8775.1377,8736.876,8739.833,10655
2023-01-30T03:00:00.000Z,8739.833,8774.5908,8731.1963,8769.4473,9055
2023-01-30T05:30:00.000Z,8770.8232,8795.7148,8763.9443,8779.999,8809
2023-01-30T06:00:00.000Z,8779.999,8800.1143,8770.623,8795.3721,5285
2023-01-30T06:30:00.000Z,8795.3721,8811.4473,8771.7852,8772.4727,9141
2023-01-31T01:00:00.000Z,8760.0625,8818.6104,8743.3584,8773.5605,29619
2023-01-31T01:30:00.000Z,8773.5605,8788.8711,8749.3613,8775.8252,7980
2023-01-31T02:00:00.000Z,8775.8252,8784.6221,8763.3193,8765.4033,1779
2023-01-31T02:30:00.000Z,8764.0137,8773.1533,8698.4512,8703.7695,16791
2023-01-31T03:00:00.000Z,8703.7695,8720.9189,8675.7051,8701.9063,14407
2023-01-31T05:30:00.000Z,8700.8184,8717.2412,8681.8877,8690.3145,9184
2023-01-31T06:00:00.000Z,8690.3145,8690.3145,8651.5879,8665.9893,14679
2023-01-31T06:30:00.000Z,8665.9893,8692.9258,8650.0811,8676.3359,13666
2023-02-01T01:00:00.000Z,8711.2666,8826.749,8711.2666,8826.1318,57973
2023-02-01T01:30:00.000Z,8826.1318,8883.2227,8813.7852,8871.5957,32133
2023-02-01T02:00:00.000Z,8871.5957,8876.0908,8852.5547,8868.6367,7378
2023-02-01T02:30:00.000Z,8868.332,8884.8809,8840.9131,8850.6006,14578
2023-02-01T03:00:00.000Z,8850.6006,8864.9561,8839.2158,8854.457,7944
2023-02-01T05:30:00.000Z,8855.1465,8877.5869,8853.3096,8860.4414,9132
2023-02-01T06:00:00.000Z,8860.4414,8867.6436,8850.834,8867.6436,6584
2023-02-01T06:30:00.000Z,8867.6436,8868.332,8831.7471,8849.292,15547
2023-02-02T01:00:00.000Z,8844.8965,8851.252,8777.584,8790.1035,42222
2023-02-02T01:30:00.000Z,8790.1035,8865.2988,8782.0801,8856.2119,14635
2023-02-02T02:00:00.000Z,8856.2119,8919.0264,8853.3896,8916.7998,21902
2023-02-02T02:30:00.000Z,8917.0791,8966.8848,8907.3662,8963.4717,38807
2023-02-02T03:00:00.000Z,8963.4717,8971.04,8947.6016,8955.5322,14696
2023-02-02T05:30:00.000Z,8946.0352,8946.0352,8856.4766,8872.5068,46890
2023-02-02T06:00:00.000Z,8872.5068,8880.1514,8818.0537,8827.3555,22415
2023-02-02T06:30:00.000Z,8827.3555,8882.1465,8804.7266,8871.9375,24598
2023-02-03T01:00:00.000Z,8805.1719,8839.8154,8749.1621,8836.6553,55075
2023-02-03T01:30:00.000Z,8836.6553,8839.2207,8799.0459,8828.0693,12844
2023-02-03T02:00:00.000Z,8828.0693,8853.415,8812.5967,8830.2617,7049
2023-02-03T02:30:00.000Z,8830.9756,8835.0977,8806.5664,8825.0898,7726
2023-02-03T03:00:00.000Z,8825.0898,8867.7383,8825.0898,8848.7031,13392
2023-02-03T05:30:00.000Z,8849.417,8886.9766,8830.9287,8873.9434,15348
2023-02-03T06:00:00.000Z,8873.9434,8930.7754,8873.9434,8923.832,24733
2023-02-03T06:30:00.000Z,8923.832,8949.1572,8898.6758,8913.3496,22623
2023-02-06T01:00:00.000Z,8878.957,8910.7275,8851.5732,8889.7744,34720
2023-02-06T01:30:00.000Z,8889.7744,8892.1104,8819.6416,8834.7012,19960
2023-02-06T02:00:00.000Z,8834.7012,8845.4727,8796.7129,8805.8838,14797
2023-02-06T02:30:00.000Z,8804.124,8804.124,8679.7686,8700.3154,54576
2023-02-06T03:00:00.000Z,8700.3154,8709.5186,8670.4834,8700.3447,20587
2023-02-06T05:30:00.000Z,8701.0557,8751.6973,8693.6719,8733.8027,21729
2023-02-06T06:00:00.000Z,8733.8027,8734.2119,8707.8906,8725.1162,7462
2023-02-06T06:30:00.000Z,8725.1162,8753.3525,8720.7773,8739.1768,14435
2023-02-07T01:00:00.000Z,8678.25,8710.1348,8635.7598,8673.6201,47831
2023-02-07T01:30:00.000Z,8673.6201,8714.4795,8632.457,8639.2373,25761
2023-02-07T02:00:00.000Z,8639.2373,8657.7617,8633.001,8638.7021,7642
2023-02-07T02:30:00.000Z,8640.793,8640.793,8588.1289,8597.7266,26880
2023-02-07T03:00:00.000Z,8597.7266,8634.2686,8588.3594,8608.1543,15971
2023-02-07T05:30:00.000Z,8605.2139,8612.0068,8576.7402,8603.7695,21423
2023-02-07T06:00:00.000Z,8603.7695,8618.5801,8591.2969,8616.6221,7472
2023-02-07T06:30:00.000Z,8616.6221,8634.3291,8609.8818,8623.0908,14998
2023-02-08T01:00:00.000Z,8647.1045,8692.6582,8639.4961,8654.0537,42408
2023-02-08T01:30:00.000Z,8654.0537,8661.21,8623.876,8639.9639,11673
2023-02-08T02:00:00.000Z,8639.9639,8640.4873,8621.0615,8625.1982,5354
2023-02-08T02:30:00.000Z,8625.1982,8627.127,8590.2998,8609.8037,23892
2023-02-08T03:00:00.000Z,8609.8037,8614.3789,8594.1504,8610.9619,8337
2023-02-08T05:30:00.000Z,8609.5518,8632.7139,8609.5518,8626.3662,9280
2023-02-08T06:00:00.000Z,8626.3662,8639.001,8605.4063,8626.9648,10116
2023-02-08T06:30:00.000Z,8626.9648,8634.8447,8616.8496,8630.9453,8505
2023-02-09T01:00:00.000Z,8610.832,8633.502,8560.7949,8617.4287,43782
2023-02-09T01:30:00.000Z,8617.4287,8651.7529,8612.4268,8650.1816,16833
2023-02-09T02:00:00.000Z,8650.1816,8655.6025,8620.126,8630.2578,6491
2023-02-09T02:30:00.000Z,8630.2578,8636.3525,8598.1689,8602.1973,10528
2023-02-09T03:00:00.000Z,8602.1973,8614.4219,8593.8154,8604.4668,6519
2023-02-09T05:30:00.000Z,8604.4668,8622.5557,8570.9043,8573.1201,15470
2023-02-09T06:00:00.000Z,8573.1201,8573.9482,8535.6641,8539.9063,31740
2023-02-09T06:30:00.000Z,8539.9063,8555.0078,8520.6201,8534.1143,22653
2023-02-10T01:00:00.000Z,8527.2295,8595.8721,8525.9668,8566.3369,39362
2023-02-10T01:30:00.000Z,8566.3369,8578.3682,8538.8604,8541.0352,11469
2023-02-10T02:00:00.000Z,8541.0352,8548.7178,8523.793,8542.2637,8448
2023-02-10T02:30:00.000Z,8541.6377,8562.333,8530.3535,8539.2783,8419
2023-02-10T03:00:00.000Z,8539.2783,8586.21,8535.2637,8566.4482,13404
2023-02-10T05:30:00.000Z,8566.4482,8600.2529,8542.3271,8591.4346,17400
2023-02-10T06:00:00.000Z,8591.4346,8593.7725,8569.6748,8593.4619,10273
2023-02-10T06:30:00.000Z,8593.4619,8593.4619,8561.8301,8566.5264,10366
2023-02-13T01:00:00.000Z,8566.7871,8620.7754,8467.3594,8606.7363,80175
2023-02-13T01:30:00.000Z,8606.7363,8621.2744,8584.5557,8600.6855,21095
2023-02-13T02:00:00.000Z,8600.6855,8602.1182,8575.5049,8586.5586,5264
2023-02-13T02:30:00.000Z,8587.8594,8594.2012,8549.7959,8583.3574,13974
2023-02-13T03:00:00.000Z,8583.3574,8594.3135,8564.7988,8570.6924,6218
2023-02-13T05:30:00.000Z,8573.3291,8607.9063,8555.8047,8605.2031,12641
2023-02-13T06:00:00.000Z,8605.2031,8631.4502,8589.2793,8601.6689,16192
2023-02-13T06:30:00.000Z,8601.6689,8611.3291,8580.8975,8596.2949,12032
2023-02-14T01:00:00.000Z,8581.9678,8620.5576,8557.5068,8571.1016,37432
2023-02-14T01:30:00.000Z,8571.1016,8604.624,8560.3037,8599.1602,10213
2023-02-14T02:00:00.000Z,8599.1602,8599.1602,8580.3174,8581.5234,2071
2023-02-14T02:30:00.000Z,8582.9863,8619.0918,8577.4277,8616.6211,9699
2023-02-14T03:00:00.000Z,8616.6211,8695.9668,8616.6211,8668.9287,49865
2023-02-14T05:30:00.000Z,8667.3672,8724.7314,8667.3672,8721.6836,30820
2023-02-14T06:00:00.000Z,8721.6836,8788.6074,8708.6338,8777.834,40479
2023-02-14T06:30:00.000Z,8777.834,8795.6865,8767.75,8786.5283,26251
2023-02-15T01:00:00.000Z,8768.8779,8779.7129,8743.8457,8771.9482,36511
2023-02-15T01:30:00.000Z,8771.9482,8789.0088,8762.2861,8773.7744,14010
2023-02-15T02:00:00.000Z,8773.7744,8782.7871,8766.3008,8768.1621,4347
2023-02-15T02:30:00.000Z,8768.9043,8787.0352,8765.5381,8777.8965,6866
2023-02-15T03:00:00.000Z,8777.8965,8817.8486,8774.6709,8783.9756,13220
2023-02-15T05:30:00.000Z,8783.9756,8785.46,8757.8584,8769.627,10999
2023-02-15T06:00:00.000Z,8769.627,8780.7891,8746.8174,8772.7559,14527
2023-02-15T06:30:00.000Z,8772.7559,8774.8613,8750.1543,8759.2656,11516
2023-02-16T01:00:00.000Z,8749.9492,8783.0547,8727.8857,8755.4883,34669
2023-02-16T01:30:00.000Z,8755.4883,8800.5615,8747.377,8781.9834,18620
2023-02-16T02:00:00.000Z,8781.9834,8794.1494,8778.2744,8790.3262,3539
2023-02-16T02:30:00.000Z,8791.8984,8813.6113,8761.709,8789.7607,14516
2023-02-16T03:00:00.000Z,8789.7607,8824.9668,8781.8115,8802.8789,15769
2023-02-16T05:30:00.000Z,8802.8789,8806.9922,8749.123,8773.5156,17156
2023-02-16T06:00:00.000Z,8773.5156,8781.5127,8759.4268,8774.7871,9183
2023-02-16T06:30:00.000Z,8774.7871,8784.1475,8743.6895,8778.6504,16866
2023-02-17T01:00:00.000Z,8773.0605,8797.3301,8759.71,8784.8037,24247
2023-02-17T01:30:00.000Z,8784.8037,8831.1475,8779.6924,8820.5156,19576
2023-02-17T02:00:00.000Z,8820.5156,8852.458,8820.5156,8845.9971,13896
2023-02-17T02:30:00.000Z,8845.9971,8939.4756,8844.5625,8916.6367,48833
2023-02-17T03:00:00.000Z,8916.6367,8935.9971,8897.5537,8907.5361,18783
2023-02-17T05:30:00.000Z,8905.5977,8927.957,8888.9629,8898.5889,17367
2023-02-17T06:00:00.000Z,8898.5889,8900.6631,8878.8584,8892.0566,14455
2023-02-17T06:30:00.000Z,8892.0566,8914.3193,8885.3398,8899.1504,15699
2023-02-20T01:00:00.000Z,8905.1025,8906.1641,8853.4854,8877.6426,34212
2023-02-20T01:30:00.000Z,8877.6426,8918.4141,8862.3887,8909.8604,17840
2023-02-20T02:00:00.000Z,8909.8604,8917.3906,8893.0684,8901.4326,6381
2023-02-20T02:30:00.000Z,8900.6777,8918.4658,8897.6426,8906.4434,6564
2023-02-20T03:00:00.000Z,8906.4434,8910.2158,8861.5918,8868.6592,16538
2023-02-20T05:30:00.000Z,8868.0352,8893.1553,8859.7568,8869.0107,11376
2023-02-20T06:00:00.000Z,8869.0107,8886.5771,8857.2354,8878.5166,7930
2023-02-20T06:30:00.000Z,8878.5166,8896.7275,8871.0723,8887.9482,11698
2023-02-21T01:00:00.000Z,8935.9609,9149.3379,8935.9609,8954.2686,63347
2023-02-21T01:30:00.000Z,8954.2686,8991.3535,8945.3652,8982.7598,12944
2023-02-21T02:00:00.000Z,8982.7598,8998.3418,8982.7598,8996.3076,9094
2023-02-21T02:30:00.000Z,8997.8047,9010.3369,8958.1289,8975.6504,16444
2023-02-21T03:00:00.000Z,8975.6504,8979.8066,8960.5508,8971.0625,6428
2023-02-21T05:30:00.000Z,8974.0576,8975.5547,8937.9639,8958.4082,13048
2023-02-21T06:00:00.000Z,8958.4082,8973.2598,8949.4375,8958.2031,5291
2023-02-21T06:30:00.000Z,8958.2031,8977.9277,8953.5498,8965.4316,10990
2023-02-22T01:00:00.000Z,8951.4258,9001.334,8882.7822,8995.9629,40978
2023-02-22T01:30:00.000Z,8995.9629,9043.1055,8989.6846,9021.6777,32541
2023-02-22T02:00:00.000Z,9021.6777,9024.7139,9000.4766,9002.54,5174
2023-02-22T02:30:00.000Z,9001.7783,9006.9443,8986.0566,9004.0498,12563
2023-02-22T03:00:00.000Z,9004.0498,9018.7539,8989.6211,8993.1963,8010
2023-02-22T05:30:00.000Z,8993.3125,9002.2627,8955.9033,8974.0264,16459
2023-02-22T06:00:00.000Z,8974.0264,8979.2158,8940.2705,8953.7275,13278
2023-02-22T06:30:00.000Z,8953.7275,8965.5762,8951.6631,8960.502,9338
2023-02-23T01:00:00.000Z,8961.915,8991.2715,8943.5439,8985.6504,21849
2023-02-23T01:30:00.000Z,8985.6504,8998.9355,8968.6621,8997.3359,10463
2023-02-23T02:00:00.000Z,8997.3359,9013.8086,8985.9941,9008.6318,8555
2023-02-23T02:30:00.000Z,9009.3896,9069.7363,9008.7275,9067.6973,36311
2023-02-23T03:00:00.000Z,9067.6973,9083.7568,9048.2568,9058.4902,22880
2023-02-23T05:30:00.000Z,9057.7422,9058.751,9016.5059,9032.252,17517
2023-02-23T06:00:00.000Z,9032.252,9061.0732,9026.3203,9049.1738,11708
2023-02-23T06:30:00.000Z,9049.1738,9073.0508,9042.4023,9059.1416,16427
2023-02-24T01:00:00.000Z,9053.6455,9094.7041,9048.5537,9091.2607,32366
2023-02-24T01:30:00.000Z,9091.2607,9093.5645,9063.248,9071.3994,12737
2023-02-24T02:00:00.000Z,9071.3994,9072.2539,9043.1289,9047.7637,8954
2023-02-24T02:30:00.000Z,9046.9961,9070.0967,9044.5273,9058.124,9591
2023-02-24T03:00:00.000Z,9058.124,9083.2021,9054.8076,9060.9053,11966
2023-02-24T05:30:00.000Z,9060.1377,9073.7031,9052.373,9055.4463,7015
2023-02-24T06:00:00.000Z,9055.4463,9097.9795,9055.4463,9081.9482,14113
2023-02-24T06:30:00.000Z,9081.9482,9121.3682,9079.6953,9119.833,26468
2023-02-27T01:00:00.000Z,9095.3438,9142.2705,9060.0117,9135.7744,51038
2023-02-27T01:30:00.000Z,9135.7744,9146.9922,9117.0811,9140.8877,18991
2023-02-27T02:00:00.000Z,9140.8877,9144.0898,9125.6016,9132.8848,4272
2023-02-27T02:30:00.000Z,9132.8848,9140.2148,9116.0029,9131.6025,7571
2023-02-27T03:00:00.000Z,9131.6025,9142.3203,9103.5928,9110.4463,10619
2023-02-27T05:30:00.000Z,9110.4463,9118.0762,9090.6904,9108.1992,14226
2023-02-27T06:00:00.000Z,9108.1992,9135.418,9102.5166,9126.3789,9790
2023-02-27T06:30:00.000Z,9126.3789,9136.042,9120.124,9126.501,11381
2023-02-28T01:00:00.000Z,9131.4883,9134.2393,9050.5039,9055.6924,48392
2023-02-28T01:30:00.000Z,9055.6924,9066.3643,8981.8438,9005.79,42186
2023-02-28T02:00:00.000Z,9005.79,9017.4551,8996.5137,9005.8096,8792
2023-02-28T02:30:00.000Z,9006.583,9067.3877,9006.583,9065.5449,29564
2023-02-28T03:00:00.000Z,9065.5449,9068.3975,9034.1396,9041.7656,12442
2023-02-28T05:30:00.000Z,9041.7656,9056.6641,9030.1143,9031.6592,9443
2023-02-28T06:00:00.000Z,9031.6592,9055.8613,9013.2148,9045.5557,13859
2023-02-28T06:30:00.000Z,9045.5557,9080.4004,9030.7881,9042.7773,27384
2023-03-01T01:00:00.000Z,8997.0381,9014.748,8912.752,8929.0107,73725
2023-03-01T01:30:00.000Z,8929.0107,8948.7734,8909.5771,8947.0498,23085
2023-03-01T02:00:00.000Z,8947.0498,8982.7129,8933.5098,8978.5049,9599
2023-03-01T02:30:00.000Z,8973.8721,8989.8145,8961.707,8981.1787,17578
2023-03-01T03:00:00.000Z,8981.1787,9004.8799,8974.0449,8976.7188,13654
2023-03-01T05:30:00.000Z,8975.9463,9008.0527,8963.0127,8997.1758,20023
2023-03-01T06:00:00.000Z,8997.1758,9014.9971,8992.6025,9004.5059,11801
2023-03-01T06:30:00.000Z,9004.5059,9009.9463,8987.4775,8999.9395,13054
2023-03-02T01:00:00.000Z,9000.7559,9036.2852,8985.3525,9032.7705,33782
2023-03-02T01:30:00.000Z,9032.7705,9042.5801,9016.7637,9019.7842,17748
2023-03-02T02:00:00.000Z,9019.7842,9025.1748,8997.5137,9020.0498,10540
2023-03-02T02:30:00.000Z,9018.5068,9028.5674,8990.1172,8995.0127,12262
2023-03-02T03:00:00.000Z,8995.0127,9003.0371,8969.7236,9001.8242,15912
2023-03-02T05:30:00.000Z,8999.5098,9026.7207,8993.1982,9024.0117,15138
2023-03-02T06:00:00.000Z,9024.0117,9062.2324,9023.5811,9044.4248,27425
2023-03-02T06:30:00.000Z,9044.4248,9049.1865,9019.999,9032.5908,15180
2023-03-03T01:00:00.000Z,9003.3408,9051.5801,8992.6445,9016.3867,36520
2023-03-03T01:30:00.000Z,9016.3867,9033.3242,9002.0625,9024.3037,18130
2023-03-03T02:00:00.000Z,9024.3037,9030.0234,9011.4512,9015.3145,3261
2023-03-03T02:30:00.000Z,9015.3145,9019.5918,8982.7588,8996.6016,18568
2023-03-03T03:00:00.000Z,8996.6016,9022.2266,8985.8506,9021.4561,10772
2023-03-03T05:30:00.000Z,9019.9102,9049.5605,9015.1191,9037.4736,19282
2023-03-03T06:00:00.000Z,9037.4736,9037.4736,8987.2549,8992.3984,21879
2023-03-03T06:30:00.000Z,8992.3984,8992.877,8923.791,8941.1113,56248
2023-03-06T01:00:00.000Z,8930.4541,9061.7666,8928.6328,9020.7568,73116
2023-03-06T01:30:00.000Z,9020.7568,9029.2461,8965.7236,8994.8184,26597
2023-03-06T02:00:00.000Z,8994.8184,9003.1914,8980.2539,8998.2217,5591
2023-03-06T02:30:00.000Z,8998.2217,9011.5752,8907.541,8910.3105,30233
2023-03-06T03:00:00.000Z,8910.3105,8910.3105,8862.0068,8883.25,45270
2023-03-06T05:30:00.000Z,8879.1914,8916.1689,8868.4492,8895.2959,19229
2023-03-06T06:00:00.000Z,8895.2959,8997.0674,8891.9336,8989.6982,36132
2023-03-06T06:30:00.000Z,8989.6982,9013.4102,8988.3301,9009.8916,26616
2023-03-07T01:00:00.000Z,9019.6113,9077.3818,8997.0576,9006.709,39734
2023-03-07T01:30:00.000Z,9006.709,9039.3408,8995.832,9005.7334,18847
2023-03-07T02:00:00.000Z,9005.7334,9018.9873,8994.7852,9009.0811,5719
2023-03-07T02:30:00.000Z,9008.3047,9027.1514,8986.0723,9024.3848,14491
2023-03-07T03:00:00.000Z,9024.3848,9024.958,8996.7363,9009.9473,7941
2023-03-07T05:30:00.000Z,9009.1699,9015.3281,8976.5049,8989.5615,18556
2023-03-07T06:00:00.000Z,8989.5615,9012.9629,8980.6211,8991.9189,12398
2023-03-07T06:30:00.000Z,8991.9189,9016.6074,8988.7871,9005.5674,15423
2023-03-08T01:00:00.000Z,8985.3623,9012.3115,8958.6182,8988.8906,31015
2023-03-08T01:30:00.000Z,8988.8906,8995.3848,8969.4414,8972.0557,12103
2023-03-08T02:00:00.000Z,8972.0557,8998.4746,8965.3633,8983.6631,7465
2023-03-08T02:30:00.000Z,8984.2656,9024.6055,8981.6514,9015.0977,15453
2023-03-08T03:00:00.000Z,9015.0977,9015.626,8987.7383,8996.5205,11879
2023-03-08T05:30:00.000Z,8994.2285,9004.6387,8969.9355,9002.1426,15006
2023-03-08T06:00:00.000Z,9002.1426,9006.0049,8986.2051,8990.9785,9016
2023-03-08T06:30:00.000Z,8990.9785,9013.1563,8982.0547,9003.6582,15874
2023-03-09T01:00:00.000Z,9005.0537,9050.5859,8965.9316,8980.582,40542
2023-03-09T01:30:00.000Z,8980.582,9002.4102,8972.2344,8987.4121,12329
2023-03-09T02:00:00.000Z,8987.4121,8998.748,8984.0088,8997.2236,4150
2023-03-09T02:30:00.000Z,8997.9854,9019.0156,8975.2939,8977.7422,19797
2023-03-09T03:00:00.000Z,8977.7422,8994.7285,8839.0332,8839.0332,40450
2023-03-09T05:30:00.000Z,8838.2715,8868.2773,8816.1758,8821.6738,61292
2023-03-09T06:00:00.000Z,8821.6738,8850.6104,8799.2256,8839.2725,31968
2023-03-09T06:30:00.000Z,8839.2725,8845.9668,8775.0898,8785.6777,31042
2023-03-10T01:00:00.000Z,8785.6533,8825.8809,8781.3203,8808.2324,35622
2023-03-10T01:30:00.000Z,8808.2324,8821.3916,8788.4043,8798.2383,12135
2023-03-10T02:00:00.000Z,8798.2383,8848.6016,8797.7969,8845.373,17792
2023-03-10T02:30:00.000Z,8845.373,8955.6602,8838.7188,8948.3555,59215
2023-03-10T03:00:00.000Z,8948.3555,8979.4609,8934.3994,8952.0488,47858
2023-03-10T05:30:00.000Z,8952.0488,8983.2021,8930.6221,8962.5957,22056
2023-03-10T06:00:00.000Z,8962.5957,8972.1406,8940.3477,8959.2803,11789
2023-03-10T06:30:00.000Z,8959.2803,9025.458,8950.7324,9012.5078,29076
2023-03-13T01:00:00.000Z,8969.085,8969.085,8758.334,8768.3037,119829
2023-03-13T01:30:00.000Z,8768.3037,8792.9492,8752.4912,8758.8066,28159
2023-03-13T02:00:00.000Z,8758.8066,8769.2842,8732.7148,8754.9023,17117
2023-03-13T02:30:00.000Z,8754.9023,8778.4561,8743.042,8768.4248,13409
2023-03-13T03:00:00.000Z,8768.4248,8843.3984,8749.2354,8823.8252,29852
2023-03-13T05:30:00.000Z,8822.7646,8847.2461,8803.2959,8834.0098,26258
2023-03-13T06:00:00.000Z,8834.0098,8849.2695,8818.1484,8832.2295,13277
2023-03-13T06:30:00.000Z,8832.2295,8839.8125,8815.4111,8827.6475,14220
2023-03-14T01:00:00.000Z,8840.9893,8842.499,8779.4766,8793.2529,38381
2023-03-14T01:30:00.000Z,8793.2529,8812.0742,8772.127,8793.1504,19804
2023-03-14T02:00:00.000Z,8793.1504,8817.7305,8787.0859,8814.5918,6416
2023-03-14T02:30:00.000Z,8814.5918,8824.9414,8783.7559,8793.877,14040
2023-03-14T03:00:00.000Z,8793.877,8805.9424,8780.8613,8789.6084,7829
2023-03-14T05:30:00.000Z,8790.3633,8811.7529,8789.5645,8791.4238,8523
2023-03-14T06:00:00.000Z,8791.4238,8802.2988,8774.0215,8781.9951,10243
2023-03-14T06:30:00.000Z,8781.9951,8797.7314,8776.5869,8782.1533,12058
2023-03-15T01:00:00.000Z,8781.3906,8923.7021,8781.3906,8918.6943,80033
2023-03-15T01:30:00.000Z,8918.6943,8921.6631,8855.5996,8876.1875,35894
2023-03-15T02:00:00.000Z,8876.1875,8897.0322,8873.4014,8895.1719,7408
2023-03-15T02:30:00.000Z,8881.9971,8890.6816,8863.9004,8873.6631,10571
2023-03-15T03:00:00.000Z,8873.6631,8882.3291,8858.3301,8867.4844,8208
2023-03-15T05:30:00.000Z,8866.7422,8871.1943,8813.0664,8847.1846,26259
2023-03-15T06:00:00.000Z,8847.1846,8867.2471,8838.0225,8846.8555,10773
2023-03-15T06:30:00.000Z,8846.8555,8859.6895,8841.1377,8857.7305,9618
2023-03-16T01:00:00.000Z,8820.4102,8837.9287,8761.1035,8794.1699,60052
2023-03-16T01:30:00.000Z,8794.1699,8804.8438,8759.9141,8767.6826,17849
2023-03-16T02:00:00.000Z,8767.6826,8775.6699,8687.1396,8728.5254,24256
2023-03-16T02:30:00.000Z,8728.5254,8771.3018,8673.3281,8721.3564,45431
2023-03-16T03:00:00.000Z,8721.3564,8773.0107,8708.0107,8765.0479,23663
2023-03-16T05:30:00.000Z,8767.4717,8790.707,8760.54,8771.4336,20383
2023-03-16T06:00:00.000Z,8771.4336,8777.4307,8735.708,8740.7529,13500
2023-03-16T06:30:00.000Z,8740.7529,8751.166,8703.3916,8739.5449,21900
2023-03-17T01:00:00.000Z,8745.2207,8745.2207,8687.707,8700.335,42503
2023-03-17T01:30:00.000Z,8700.335,8723.7588,8664.5791,8683.71,26302
2023-03-17T02:00:00.000Z,8683.71,8697.7275,8658.0225,8668.5234,12127
2023-03-17T02:30:00.000Z,8668.5234,8685.4922,8651.2549,8677.0527,22596
2023-03-17T03:00:00.000Z,8677.0527,8714.7979,8669.4268,8682.2285,15392
2023-03-17T05:30:00.000Z,8682.2285,8707.9277,8680.7568,8689.7988,12456
2023-03-17T06:00:00.000Z,8689.7988,8691.6045,8648.5918,8659.3467,21993
2023-03-17T06:30:00.000Z,8659.3467,8661.2236,8630.1748,8632.5879,24688
2023-03-20T01:00:00.000Z,8647.6367,8784.751,8646.1768,8753.8115,81050
2023-03-20T01:30:00.000Z,8753.8115,8759.9551,8716.2969,8721.1553,20958
2023-03-20T02:00:00.000Z,8721.1553,8725.8232,8705.8828,8712.6064,4776
2023-03-20T02:30:00.000Z,8710.2119,8714.5293,8685.2988,8698.0977,15146
2023-03-20T03:00:00.000Z,8698.0977,8699.1475,8535.6865,8545.6885,65550
2023-03-20T05:30:00.000Z,8547.1475,8580.5986,8540.8984,8571.2148,25320
2023-03-20T06:00:00.000Z,8571.2148,8574.6016,8545.3018,8569.5156,15658
2023-03-20T06:30:00.000Z,8569.5156,8575.0313,8541.5088,8543.835,14382
2023-03-21T01:00:00.000Z,8580.748,8629.9111,8563.4189,8580.3682,43504
2023-03-21T01:30:00.000Z,8580.3682,8582.1084,8532.4561,8553.0264,22853
2023-03-21T02:00:00.000Z,8553.0264,8566.9297,8547.4453,8558.0059,4773
2023-03-21T02:30:00.000Z,8556.5322,8568.1152,8531.5029,8553.7021,12365
2023-03-21T03:00:00.000Z,8553.7021,8582.8105,8543.4375,8570.7178,10717
2023-03-21T05:30:00.000Z,8574.2656,8584.1465,8542.2549,8553.2607,11662
2023-03-21T06:00:00.000Z,8553.2607,8564.6621,8546.4248,8554.041,6028
2023-03-21T06:30:00.000Z,8554.041,8564.2559,8544.8691,8547.4307,12040
2023-03-22T01:00:00.000Z,8562.165,8649.0049,8559.4736,8641.6787,58852
2023-03-22T01:30:00.000Z,8641.6787,8643.1094,8541.167,8565.1904,34031
2023-03-22T02:00:00.000Z,8565.1904,8587.5557,8559.252,8572.4346,7625
2023-03-22T02:30:00.000Z,8573.8662,8613.8496,8564.7979,8589.626,15127
2023-03-22T03:00:00.000Z,8589.626,8596.1475,8575.168,8595.2119,7027
2023-03-22T05:30:00.000Z,8595.2119,8604.7549,8563.7148,8586.5195,14698
2023-03-22T06:00:00.000Z,8586.5195,8597.2158,8575.6855,8590.1504,6432
2023-03-22T06:30:00.000Z,8590.1504,8617.999,8580.1992,8597.3516,17725
2023-03-23T01:00:00.000Z,8624.0313,8659.959,8601.0225,8604.958,40870
2023-03-23T01:30:00.000Z,8604.958,8612.3164,8575.4531,8601.4873,18295
2023-03-23T02:00:00.000Z,8601.4873,8616.2539,8595.8359,8611.8467,3628
2023-03-23T02:30:00.000Z,8611.8467,8623.0781,8602.7852,8615.9463,8454
2023-03-23T03:00:00.000Z,8615.9463,8629.9346,8600.6172,8627.8242,8235
2023-03-23T05:30:00.000Z,8630.3438,8647.3545,8613.2969,8626.624,20536
2023-03-23T06:00:00.000Z,8626.624,8633.4951,8618.0869,8625.5186,8281
2023-03-23T06:30:00.000Z,8625.5186,8642.9463,8616.5918,8636.1377,14228
2023-03-24T01:00:00.000Z,8648.8242,8681.3887,8607.5859,8659.7207,47926
2023-03-24T01:30:00.000Z,8659.7207,8713.3828,8651.4824,8707.002,26141
2023-03-24T02:00:00.000Z,8707.002,8715.0596,8686.9678,8695.21,8450
2023-03-24T02:30:00.000Z,8695.9082,8721.9912,8671.416,8719.4678,16199
2023-03-24T03:00:00.000Z,8719.4678,8804.6563,8707.583,8804.1309,35693
2023-03-24T05:30:00.000Z,8802.501,8815.4219,8785.1943,8806.9238,28806
2023-03-24T06:00:00.000Z,8806.9238,8824.5303,8796.5898,8808.5713,15436
2023-03-24T06:30:00.000Z,8808.5713,8810.1387,8788.7627,8795.1982,19238
2023-03-27T01:00:00.000Z,8743.6572,8745.1191,8555.8467,8555.8467,108400
2023-03-27T01:30:00.000Z,8555.8467,8585.0313,8555.8467,8569.5527,17745
2023-03-27T02:00:00.000Z,8569.5527,8589.124,8566.0439,8578.1406,6989
2023-03-27T02:30:00.000Z,8578.1406,8591.5537,8574.168,8577.7344,8850
2023-03-27T03:00:00.000Z,8577.7344,8587.123,8567.4082,8584.0742,9114
2023-03-27T05:30:00.000Z,8583.3018,8595.9375,8482.4902,8498.1094,23106
2023-03-27T06:00:00.000Z,8498.1094,8498.1094,8433.7246,8448.3369,56586
2023-03-27T06:30:00.000Z,8448.3369,8448.8193,8401.8271,8418.7002,40206
2023-03-28T01:00:00.000Z,8391.7246,8436.5615,8384.8779,8385.3418,57527
2023-03-28T01:30:00.000Z,8385.3418,8393.3545,8367.2178,8381.7568,21826
2023-03-28T02:00:00.000Z,8381.7568,8402.1299,8351.0547,8376.1631,18274
2023-03-28T02:30:00.000Z,8376.8721,8404.8848,8359.9277,8364.1758,22706
2023-03-28T03:00:00.000Z,8364.1758,8380.9805,8357.9453,8367.0547,12418
2023-03-28T05:30:00.000Z,8367.041,8367.041,8315.1143,8322.4492,39098
2023-03-28T06:00:00.000Z,8322.4492,8330.1699,8310.2031,8327.3359,16695
2023-03-28T06:30:00.000Z,8327.3359,8338.3311,8305.3125,8306.7168,25387
2023-03-29T01:00:00.000Z,8303.0225,8341.9648,8291.3008,8311.7158,49208
2023-03-29T01:30:00.000Z,8311.7158,8314.7988,8267.6094,8278.1514,26727
2023-03-29T02:00:00.000Z,8278.1514,8289.8193,8272.4434,8273.1592,7769
2023-03-29T02:30:00.000Z,8273.1445,8281.7158,8227.4824,8266.8867,46288
2023-03-29T03:00:00.000Z,8266.8867,8317.542,8261.3379,8304.6582,39630
2023-03-29T05:30:00.000Z,8303.2559,8328.5869,8279.5498,8299.4561,24312
2023-03-29T06:00:00.000Z,8299.4561,8312.1133,8294.166,8307.8291,10676
2023-03-29T06:30:00.000Z,8307.8291,8323.2217,8297.292,8303.3467,14690
2023-03-30T01:00:00.000Z,8323.5488,8404.8203,8323.5488,8402.0518,59276
2023-03-30T01:30:00.000Z,8402.0518,8404.3184,8363.1084,8374.417,23191
2023-03-30T02:00:00.000Z,8374.417,8374.417,8343.2568,8360.3711,10842
2023-03-30T02:30:00.000Z,8360.4863,8364.5342,8339.3633,8351.1162,13924
2023-03-30T03:00:00.000Z,8351.1162,8364.0557,8331.9365,8345.001,11674
2023-03-30T05:30:00.000Z,8345.001,8351.2998,8317.793,8338.3076,20984
2023-03-30T06:00:00.000Z,8338.3076,8355.5508,8334.5215,8344.3955,9255
2023-03-30T06:30:00.000Z,8344.3955,8350.957,8329.2891,8336.3887,11949
2023-03-31T01:00:00.000Z,8356.8516,8399.584,8351.4355,8368.8867,44877
2023-03-31T01:30:00.000Z,8368.8867,8376.9902,8315.5059,8343.1426,30518
2023-03-31T02:00:00.000Z,8343.1426,8345.5898,8312.8125,8329.4912,13138
2023-03-31T02:30:00.000Z,8329.4912,8351.3271,8322.5938,8335.3213,12232
2023-03-31T03:00:00.000Z,8335.3213,8348.708,8303.668,8315.5898,13626
2023-03-31T05:30:00.000Z,8316.5225,8328.7979,8277.707,8300.5566,27556
2023-03-31T06:00:00.000Z,8300.5566,8327.6143,8297.7109,8314.3135,17988
2023-03-31T06:30:00.000Z,8314.3135,8356.4326,8309.4102,8344.2832,22031
2023-04-03T01:00:00.000Z,8329.8428,8369.3662,8307.9102,8332.4717,41328
2023-04-03T01:30:00.000Z,8332.4717,8365.709,8311.8086,8356.3672,18832
2023-04-03T02:00:00.000Z,8356.3672,8363.5508,8329.5361,8333.6836,5623
2023-04-03T02:30:00.000Z,8333.6836,8354.1523,8325.3232,8333.4561,15664
2023-04-03T03:00:00.000Z,8333.4561,8350.5049,8314.7275,8320.9844,8300
2023-04-03T05:30:00.000Z,8320.5996,8389.7285,8245.2041,8354.0918,74010
2023-04-03T06:00:00.000Z,8354.0918,8370.7246,8331.3926,8339.1914,12983
2023-04-03T06:30:00.000Z,8339.1914,8348.0527,8324.0605,8330.6055,17712
2023-04-04T01:00:00.000Z,8354.0352,8359.1475,8305.8936,8312.8672,35841
2023-04-04T01:30:00.000Z,8312.8672,8330.8623,8299.374,8313.6338,16876
2023-04-04T02:00:00.000Z,8313.6338,8313.7002,8296.0137,8296.0137,9415
2023-04-04T02:30:00.000Z,8296.6768,8300.5498,8259.0342,8261.1738,21216
2023-04-04T03:00:00.000Z,8261.1738,8272.9033,8207.5664,8223.1318,34804
2023-04-04T05:30:00.000Z,8224.375,8248.5977,8211.1299,8215.8408,21778
2023-04-04T06:00:00.000Z,8215.8408,8219.0586,8171.1528,8188.3652,32885
2023-04-04T06:30:00.000Z,8188.3652,8204.6914,8166.9321,8181.376,28111
2023-04-06T01:00:00.000Z,8188.1675,8188.1675,8110.9907,8158.7666,47565
2023-04-06T01:30:00.000Z,8158.7666,8197.9873,8145.1934,8165.1182,25885
2023-04-06T02:00:00.000Z,8165.1182,8171.9062,8148.2207,8156.9219,7817
2023-04-06T02:30:00.000Z,8156.2749,8169.457,8138.1079,8157.8926,13460
2023-04-06T03:00:00.000Z,8157.8926,8167.3467,8138.377,8149.5781,9136
2023-04-06T05:30:00.000Z,8150.2065,8161.8896,8134.6895,8135.9839,12382
2023-04-06T06:00:00.000Z,8135.9839,8150.27,8095.918,8125.9619,19471
2023-04-06T06:30:00.000Z,8125.9619,8126.4097,8089.0039,8113.9966,20446
2023-04-07T01:00:00.000Z,8139.8018,8163.7461,8104.1475,8127.749,33218
2023-04-07T01:30:00.000Z,8127.749,8130.3047,8107.4019,8118.2402,13142
2023-04-07T02:00:00.000Z,8118.2402,8153.8633,8117.6157,8149.2734,7798
2023-04-07T02:30:00.000Z,8149.2734,8180.9492,8148.6484,8165.8896,20345
2023-04-07T03:00:00.000Z,8165.8896,8207.4053,8165.8896,8187.229,20453
2023-04-07T05:30:00.000Z,8189.4072,8207.7148,8170.1929,8190.1357,15606
2023-04-07T06:00:00.000Z,8190.1357,8197.8984,8182.2241,8185.1479,6246
2023-04-07T06:30:00.000Z,8185.1479,8189.6626,8166.4033,8169.0981,10608
2023-04-10T01:00:00.000Z,8196.4375,8225.502,8179.5161,8188.873,39354
2023-04-10T01:30:00.000Z,8188.873,8197.4043,8174.1113,8193.6299,9270
2023-04-10T02:00:00.000Z,8193.6299,8239.127,8193.0293,8224.0811,13676
2023-04-10T02:30:00.000Z,8224.6826,8234.5986,8194.3379,8197.0664,13332
2023-04-10T03:00:00.000Z,8197.0664,8204.9121,8188.9414,8198.3164,8379
2023-04-10T05:30:00.000Z,8197.7158,8210.7803,8167.2407,8195.7793,17009
2023-04-10T06:00:00.000Z,8195.7793,8200.9766,8175.7412,8188.6768,6334
2023-04-10T06:30:00.000Z,8188.6768,8199.6865,8178.8066,8198.4121,8860
2023-04-11T01:00:00.000Z,8208.3164,8258.8838,8144.6455,8225.4053,51514
2023-04-11T01:30:00.000Z,8225.4053,8225.4053,8197.3535,8204.4443,15004
2023-04-11T02:00:00.000Z,8204.4443,8211.8252,8191.1562,8210.3115,5505
2023-04-11T02:30:00.000Z,8210.3115,8217.5674,8166.4805,8169.3423,14270
2023-04-11T03:00:00.000Z,8169.3423,8189.6255,8161.2778,8169.2217,11126
2023-04-11T05:30:00.000Z,8168.3472,8175.8936,8145.0444,8145.7559,13546
2023-04-11T06:00:00.000Z,8145.7559,8167.0122,8136.1416,8148.4092,18033
2023-04-11T06:30:00.000Z,8148.4092,8169.666,8144.8521,8154.1919,11479
2023-04-12T01:00:00.000Z,8168.2144,8193.0381,8076.0146,8089.5928,51714
2023-04-12T01:30:00.000Z,8089.5928,8122.0723,8065.894,8118.2534,26365
2023-04-12T02:00:00.000Z,8118.2534,8151.481,8117.6206,8137.8901,19727
2023-04-12T02:30:00.000Z,8137.8901,8138.4937,8049.7988,8059.4976,27042
2023-04-12T03:00:00.000Z,8059.4976,8065.7939,8012.6357,8039.8232,40361
2023-04-12T05:30:00.000Z,8041.8081,8044.6392,8011.7456,8037.0864,18217
2023-04-12T06:00:00.000Z,8037.0864,8040.5449,8021.7896,8023.8257,10315
2023-04-12T06:30:00.000Z,8023.8257,8037.9727,8016.3013,8030.5479,15958
2023-04-13T01:00:00.000Z,8027.5381,8051.0728,8013.8604,8025.8916,43505
2023-04-13T01:30:00.000Z,8025.8916,8047.3892,8018.8315,8029.4141,16639
2023-04-13T02:00:00.000Z,8029.4141,8039.7495,8014.9751,8032.1826,7692
2023-04-13T02:30:00.000Z,8031.6812,8038.0356,8021.5811,8026.0913,13379
2023-04-13T03:00:00.000Z,8026.0913,8032.7939,8010.1807,8015.8784,9027
2023-04-13T05:30:00.000Z,8016.8804,8016.8804,7960.3657,7970.6606,31637
2023-04-13T06:00:00.000Z,7970.6606,8018.5293,7968.1558,8011.8403,21317
2023-04-13T06:30:00.000Z,8011.8403,8055.6768,8006.7319,8029.0527,32562
2023-04-14T01:00:00.000Z,8036.1104,8197.5947,8036.1104,8193.1387,90346
2023-04-14T01:30:00.000Z,8193.1387,8195.0527,8159.7354,8166.7476,21414
2023-04-14T02:00:00.000Z,8166.7476,8172.8745,8157.9263,8163.8765,4706
2023-04-14T02:30:00.000Z,8162.5508,8167.6675,8138.9927,8162.2886,13459
2023-04-14T03:00:00.000Z,8162.2886,8166.6904,8126.8076,8140.5532,15834
2023-04-14T05:30:00.000Z,8140.6079,8143.8203,8093.2192,8120.5244,25018
2023-04-14T06:00:00.000Z,8120.5244,8130.1694,8107.2769,8124.7002,10992
2023-04-14T06:30:00.000Z,8124.7002,8125.6572,8094.4365,8099.9551,17325
2023-04-17T01:00:00.000Z,8099.2061,8154.5264,8081.3857,8144.3389,58200
2023-04-17T01:30:00.000Z,8144.3389,8152.397,8114.8975,8144.2568,13802
2023-04-17T02:00:00.000Z,8144.2568,8191.7261,8140.7192,8187.3262,15618
2023-04-17T02:30:00.000Z,8187.6455,8213.2764,8176.4023,8191.9292,18818
2023-04-17T03:00:00.000Z,8191.9292,8196.4795,8159.3037,8164.2485,10302
2023-04-17T05:30:00.000Z,8164.2485,8236.8018,8164.2485,8214.8418,28682
2023-04-17T06:00:00.000Z,8214.8418,8228.3174,8208.5605,8223.5459,8169
2023-04-17T06:30:00.000Z,8223.5459,8243.5039,8213.8838,8231.8838,13868
2023-04-18T01:00:00.000Z,8238.3115,8293.335,8215.7275,8267.8828,46063
2023-04-18T01:30:00.000Z,8267.8828,8269.7432,8238.5029,8251.7314,16326
2023-04-18T02:00:00.000Z,8251.7314,8253.5938,8235.2266,8246.2676,5008
2023-04-18T02:30:00.000Z,8246.2676,8248.751,8194.8809,8219.541,20879
2023-04-18T03:00:00.000Z,8219.541,8232.1826,8204.4297,8222.6338,12384
2023-04-18T05:30:00.000Z,8221.3926,8248.1084,8217.668,8244.4951,12354
2023-04-18T06:00:00.000Z,8244.4951,8248.0361,8233.9834,8245.334,4274
2023-04-18T06:30:00.000Z,8245.334,8245.9551,8229.9365,8238.6094,8448
2023-04-19T01:00:00.000Z,8240.6953,8274.0078,8216.0264,8258.5078,42721
2023-04-19T01:30:00.000Z,8258.5078,8275.2158,8242.7715,8267.4189,13700
2023-04-19T02:00:00.000Z,8267.4189,8286.5801,8254.998,8282.6357,8496
2023-04-19T02:30:00.000Z,8282.6357,8475.375,8282.6357,8472.4658,105748
2023-04-19T03:00:00.000Z,8472.4658,8500.6133,8447.6113,8465.5273,44814
2023-04-19T05:30:00.000Z,8463.4033,8463.4033,8385.8799,8405.1191,46427
2023-04-19T06:00:00.000Z,8405.1191,8426.0098,8395.8369,8415.4131,12716
2023-04-19T06:30:00.000Z,8415.4131,8436.1914,8399.4229,8403.9668,16285
2023-04-20T01:00:00.000Z,8407.9258,8436.4736,8387.2939,8423.5117,39922
2023-04-20T01:30:00.000Z,8423.5117,8447.0859,8419.2773,8434.207,13866
2023-04-20T02:00:00.000Z,8434.207,8451.418,8426.9678,8448.6475,6342
2023-04-20T02:30:00.000Z,8448.6475,8468.8867,8434.1973,8455.9375,20267
2023-04-20T03:00:00.000Z,8455.9375,8468.9287,8432.3584,8448.0342,13552
2023-04-20T05:30:00.000Z,8446.9541,8456.2559,8391.9414,8396.5576,21539
2023-04-20T06:00:00.000Z,8396.5576,8428.2783,8390.2324,8405.4082,13057
2023-04-20T06:30:00.000Z,8405.4082,8430.2725,8403.9971,8426.5381,11057
2023-04-21T01:00:00.000Z,8421.6504,8465.2109,8309.6221,8342.8799,64198
2023-04-21T01:30:00.000Z,8342.8799,8376.2373,8317.4922,8355.5215,22846
2023-04-21T02:00:00.000Z,8355.5215,8364.623,8340.0264,8349.2266,4175
2023-04-21T02:30:00.000Z,8349.0752,8368.1982,8341.4102,8353.0732,5887
2023-04-21T03:00:00.000Z,8353.0732,8375.6641,8335.8174,8340.9688,9536
2023-04-21T05:30:00.000Z,8339.5547,8527.0488,8339.5547,8466.5996,66307
2023-04-21T06:00:00.000Z,8466.5996,8492.9268,8448.0723,8478.1143,24360
2023-04-21T06:30:00.000Z,8478.1143,8488.1035,8425.9863,8443.8457,21619
2023-04-24T01:00:00.000Z,8575.3213,8691.0645,8547.8027,8641.6396,119301
2023-04-24T01:30:00.000Z,8641.6396,8650.2334,8598.3779,8620.3213,23461
2023-04-24T02:00:00.000Z,8620.3213,8639.2031,8618.0586,8628.3369,7919
2023-04-24T02:30:00.000Z,8628.3369,8645.4033,8511.9033,8525.0771,55560
2023-04-24T03:00:00.000Z,8525.0771,8571.5039,8519.2744,8562.0938,28913
2023-04-24T05:30:00.000Z,8562.0439,8589.5684,8525.5059,8543.3467,21908
2023-04-24T06:00:00.000Z,8543.3467,8564.5635,8532.6279,8548.6523,12675
2023-04-24T06:30:00.000Z,8548.6523,8548.6523,8496.3291,8509.0615,31395
2023-04-25T01:00:00.000Z,8460.8916,8498.5596,8386.1924,8488.7305,71935
2023-04-25T01:30:00.000Z,8488.7305,8543.1416,8475.6494,8515.2344,32219
2023-04-25T02:00:00.000Z,8515.2344,8549.251,8505.8125,8518.1133,17049
2023-04-25T02:30:00.000Z,8517.3506,8520.5352,8469.2969,8474.1348,17484
2023-04-25T03:00:00.000Z,8474.1348,8516.9063,8474.1348,8490.3369,13293
2023-04-25T05:30:00.000Z,8490.0303,8521.2559,8468.582,8506.4971,19546
2023-04-25T06:00:00.000Z,8506.4971,8518.5098,8490.9355,8500.1787,11909
2023-04-25T06:30:00.000Z,8500.1787,8501.8281,8459.2822,8480.2891,23625
2023-04-26T01:00:00.000Z,8490.0508,8498.001,8433.1533,8471.7119,43024
2023-04-26T01:30:00.000Z,8471.7119,8541.2178,8467.2881,8467.2881,34870
2023-04-26T02:00:00.000Z,8467.2881,8485.7578,8462.582,8472.7188,8607
2023-04-26T02:30:00.000Z,8472.5352,8483.8496,8450.3096,8465.4668,13511
2023-04-26T03:00:00.000Z,8465.4668,8468.0938,8438.1328,8464.3721,10773
2023-04-26T05:30:00.000Z,8464.3721,8511.3115,8464.3721,8495.7051,20402
2023-04-26T06:00:00.000Z,8495.7051,8504.4961,8484.3301,8491.5771,7874
2023-04-26T06:30:00.000Z,8491.5771,8500.459,8476.2178,8485.8789,12806
2023-04-27T01:00:00.000Z,8472.1387,8516.8486,8412.9717,8499.6074,60651
2023-04-27T01:30:00.000Z,8499.6074,8532.3428,8470.8486,8476.7266,34012
2023-04-27T02:00:00.000Z,8476.7266,8505.7324,8458.5352,8475.3975,15042
2023-04-27T02:30:00.000Z,8473.8643,8489.1953,8445.8545,8457.4727,21158
2023-04-27T03:00:00.000Z,8457.4727,8493.7705,8452.1064,8475.5947,14630
2023-04-27T05:30:00.000Z,8475.5947,8492.4121,8470.1836,8488.1445,7872
2023-04-27T06:00:00.000Z,8488.1445,8496.4688,8480.5127,8486.7656,6088
2023-04-27T06:30:00.000Z,8486.7656,8488.7412,8475.292,8481.2041,9847
2023-04-28T01:00:00.000Z,8511.1396,8529.8252,8471.5254,8501.9131,39379
2023-04-28T01:30:00.000Z,8501.9131,8512.2041,8476.373,8508.8516,12878
2023-04-28T02:00:00.000Z,8508.8516,8563.333,8488.7236,8498.8838,30314
2023-04-28T02:30:00.000Z,8498.1689,8518.1836,8483.2002,8502.7813,11756
2023-04-28T03:00:00.000Z,8502.7813,8554.1211,8501.2139,8551.3027,22162
2023-04-28T05:30:00.000Z,8551.3027,8598.9951,8551.3027,8587.6123,29577
2023-04-28T06:00:00.000Z,8587.6123,8592.1094,8561.082,8573.2627,14194
2023-04-28T06:30:00.000Z,8573.2627,8591.0439,8559.3896,8579.5117,26356
