time,open,high,low,close,volume
2022-06-24T00:00:00.000Z,3067.9841,3085.2961,3014.7749,3031.5042,154054
2022-06-24T04:00:00.000Z,3031.5042,3063.5686,3028.7424,3040.9866,66780
2022-06-24T12:00:00.000Z,3055.563,3067.8745,2980.7314,3062.5483,180833
2022-06-27T00:00:00.000Z,3039.4421,3078.9958,3020.7854,3062.0759,117645
2022-06-27T04:00:00.000Z,3061.1953,3068.3074,3046.9143,3053.1365,36575
2022-06-27T12:00:00.000Z,3057.0562,3077.6877,3029.2122,3068.5669,172485
2022-06-28T00:00:00.000Z,3070.2668,3092.0447,3059.4795,3083.7156,100838
2022-06-28T04:00:00.000Z,3084.9978,3097.8906,3072.3433,3095.2764,53969
2022-06-28T12:00:00.000Z,3062.8567,3087.0005,3033.0789,3070.9934,169550
2022-06-29T00:00:00.000Z,3066.7266,3075.0527,3040.9729,3041.5884,102405
2022-06-29T04:00:00.000Z,3042.145,3058.0781,3038.9753,3048.9976,65007
2022-06-29T12:00:00.000Z,3043.6978,3071.4321,3037.1421,3049.0017,146782
2022-06-30T00:00:00.000Z,3055.3088,3058.345,3028.1255,3036.8071,92804
2022-06-30T04:00:00.000Z,3036.8071,3055.0725,3032.8264,3046.291,61116
2022-06-30T12:00:00.000Z,3038.6335,3039.3684,3002.1265,3039.0417,181948
2022-07-01T00:00:00.000Z,3049.6262,3084.9089,3048.3989,3075.4021,186826
2022-07-01T04:00:00.000Z,3074.3586,3075.7495,2997.0251,3029.6035,189467
2022-07-01T12:00:00.000Z,3019.0454,3034.6638,2924.8738,2930.8167,237025
2022-07-04T00:00:00.000Z,2929.032,2977.2593,2905.9382,2946.1755,176205
2022-07-04T04:00:00.000Z,2946.1755,2962.2881,2945.74,2959.2312,50839
2022-07-04T12:00:00.000Z,2948.1973,2967.769,2901.0181,2961.9836,205676
2022-07-05T00:00:00.000Z,2961.9836,2993.2446,2949.4919,2966.178,143039
2022-07-05T04:00:00.000Z,2966.178,2968.0203,2928.5059,2948.4529,85565
2022-07-05T12:00:00.000Z,2926.2344,2926.2344,2852.6211,2879.7163,297946
2022-07-06T00:00:00.000Z,2861.6421,2876.4487,2802.1287,2806.4246,211600
2022-07-06T04:00:00.000Z,2808.8738,2874.7405,2771.6621,2868.9158,209666
2022-07-06T12:00:00.000Z,2875.3782,2899.6047,2854.9871,2862.8643,233705
2022-07-07T00:00:00.000Z,2896.657,2981.582,2883.6099,2970.1504,256761
2022-07-07T04:00:00.000Z,2971.6028,2977.3328,2944.5537,2949.127,103011
2022-07-07T12:00:00.000Z,2972.2336,3016.9456,2968.9307,3007.4536,228052
2022-07-08T00:00:00.000Z,3038.6541,3044.9485,2975.499,2991.2429,172086
2022-07-08T04:00:00.000Z,2990.8035,2995.6892,2971.2886,2983.3384,87646
2022-07-08T12:00:00.000Z,2969.8999,3019.5098,2945.0122,3013.9302,210864
2022-07-11T00:00:00.000Z,3063.7148,3104.0779,3031.1707,3042.2864,179257
2022-07-11T04:00:00.000Z,3040.0916,3042.2529,3020.7336,3033.0005,77941
2022-07-11T12:00:00.000Z,3024.2959,3047.5471,3004.8186,3023.0662,179344
2022-07-12T00:00:00.000Z,3009.8328,3041.0693,2994.5288,3018.9734,143084
2022-07-12T04:00:00.000Z,3020.5894,3021.3379,2999.4531,2999.8516,58050
2022-07-12T12:00:00.000Z,2970.5261,3004.1914,2949.4309,2966.8357,219727
2022-07-13T00:00:00.000Z,2912.4758,2942.3521,2907.5708,2913.717,183872
2022-07-13T04:00:00.000Z,2913.717,2969.6958,2904.2517,2964.5759,107794
2022-07-13T12:00:00.000Z,2935.4827,2987.9314,2911.6626,2987.9314,239145
2022-07-14T00:00:00.000Z,2980.5652,3000.0232,2957.9944,2997.3728,139480
2022-07-14T04:00:00.000Z,2995.8992,2997.0654,2973.698,2980.5972,69902
2022-07-14T12:00:00.000Z,2956.1794,2967.7522,2906.3911,2939.6042,263223
2022-07-15T00:00:00.000Z,2952.0693,2965.8428,2921.6292,2943.5806,180074
2022-07-15T04:00:00.000Z,2943.895,2944.8215,2898.7056,2899.0935,126435
2022-07-15T12:00:00.000Z,2906.6685,2941.2131,2880.2207,2924.2036,270995
2022-07-18T00:00:00.000Z,2912.3384,2988.6072,2912.3384,2982.5361,177370
2022-07-18T04:00:00.000Z,2984.6897,3007.0544,2974.491,2998.6438,100550
2022-07-18T12:00:00.000Z,2999.6792,3029.488,2966.2502,2979.1467,183198
2022-07-19T00:00:00.000Z,2968.1987,2971.626,2936.9421,2951.2126,124613
2022-07-19T04:00:00.000Z,2952.5942,2959.4575,2914.7864,2914.7864,99961
2022-07-19T12:00:00.000Z,2892.1289,2903.7781,2852.0291,2882.0938,263858
2022-07-20T00:00:00.000Z,2874.04,2878.541,2825.3669,2845.2063,246662
2022-07-20T04:00:00.000Z,2844.9822,2844.9822,2817.9487,2835.4426,127926
2022-07-20T12:00:00.000Z,2825.5281,2850.7554,2821.2488,2839.3821,165380
2022-07-21T00:00:00.000Z,2831.6052,2842.6858,2813.802,2816.5562,118591
2022-07-21T04:00:00.000Z,2816.5562,2828.9753,2808.3901,2818.0762,82355
2022-07-21T12:00:00.000Z,2798.4258,2816.3232,2779.6179,2801.5098,235818
2022-07-22T00:00:00.000Z,2778.3342,2780.1416,2736.6084,2744.4055,248958
2022-07-22T04:00:00.000Z,2744.4055,2759.8293,2734.6162,2755.4309,120834
2022-07-22T12:00:00.000Z,2754.4971,2843.7742,2750.3613,2832.9373,287624
2022-07-25T00:00:00.000Z,2828.2813,2828.2813,2736.3052,2738.4568,243385
2022-07-25T04:00:00.000Z,2736.8013,2756.3745,2733.9629,2745.7346,82290
2022-07-25T12:00:00.000Z,2766.0237,2780.1113,2733.7659,2735.0596,187850
2022-07-26T00:00:00.000Z,2791.1509,2832.446,2781.0728,2793.3594,293772
2022-07-26T04:00:00.000Z,2794.1304,2798.8188,2785.5659,2796.157,57987
2022-07-26T12:00:00.000Z,2809.3467,2851.9531,2796.7,2804.4526,293786
2022-07-27T00:00:00.000Z,2838.1855,2844.2358,2800.5103,2837.9897,185465
2022-07-27T04:00:00.000Z,2838.6797,2848.1821,2823.9875,2824.5803,97753
2022-07-27T12:00:00.000Z,2841.9001,2871.679,2820.2952,2868.1226,271715
2022-07-28T00:00:00.000Z,2880.5864,2900.7029,2867.3071,2875.0142,173847
2022-07-28T04:00:00.000Z,2873.6948,2883.1563,2868.7979,2879.3157,70132
2022-07-28T12:00:00.000Z,2857.4673,2859.8198,2810.5793,2846.7322,324332
2022-07-29T00:00:00.000Z,2859.1665,2885.9221,2845.6792,2860.7424,167799
2022-07-29T04:00:00.000Z,2859.8799,2865.9006,2846.1985,2862.4702,73125
2022-07-29T12:00:00.000Z,2897.3508,2962.7651,2894.8147,2956.9751,293956
2022-08-01T00:00:00.000Z,2939.7043,2939.7043,2865.0664,2867.5894,199797
2022-08-01T04:00:00.000Z,2865.707,2877.9622,2853.7659,2873.0608,85134
2022-08-01T12:00:00.000Z,2856.3958,2878.9399,2827.9094,2831.4456,251894
2022-08-02T00:00:00.000Z,2812.1162,2836.6323,2809.8943,2824.2075,156980
2022-08-02T04:00:00.000Z,2824.0977,2835.9258,2817.6362,2832.3303,69922
2022-08-02T12:00:00.000Z,2815.8096,2816.8723,2776.7966,2799.0269,239477
2022-08-03T00:00:00.000Z,2788.9265,2824.4954,2781.9651,2819.2427,133701
2022-08-03T04:00:00.000Z,2819.2427,2843.24,2818.5581,2822.7698,82524
2022-08-03T12:00:00.000Z,2825.8408,2834.4775,2803.7351,2803.7351,177836
2022-08-04T00:00:00.000Z,2802.9089,2838.5847,2797.1658,2820.9202,182467
2022-08-04T04:00:00.000Z,2820.9202,2850.5654,2812.7795,2832.6199,112492
2022-08-04T12:00:00.000Z,2851.5742,2891.5813,2841.9399,2884.2903,262694
2022-08-05T00:00:00.000Z,2907.5042,2935.1614,2896.2817,2928.0935,194550
2022-08-05T04:00:00.000Z,2928.7576,2958.3706,2926.6189,2952.0278,143415
2022-08-05T12:00:00.000Z,2921.1084,2936.1858,2904.3159,2921.8467,234613
2022-08-08T00:00:00.000Z,2916.8435,2929.4641,2890.5603,2891.5469,179712
2022-08-08T04:00:00.000Z,2890.8601,2913.2095,2890.29,2906.6406,75694
2022-08-08T12:00:00.000Z,2879.1226,2898.3088,2878.4587,2894.408,151104
2022-08-09T00:00:00.000Z,2897.3853,2907.7048,2880.585,2889.855,113335
2022-08-09T04:00:00.000Z,2889.855,2898.3792,2879.2273,2880.6794,74055
2022-08-09T12:00:00.000Z,2896.5098,2940.7144,2896.5098,2909.6865,230694
2022-08-10T00:00:00.000Z,2917.0386,2927.7129,2895.802,2921.7893,138633
2022-08-10T04:00:00.000Z,2920.9753,2927.4468,2912.9241,2920.6338,65499
2022-08-10T12:00:00.000Z,2943.4998,2971.2424,2943.4998,2970.5591,227484
2022-08-11T00:00:00.000Z,2915.3406,2942.7786,2898.4124,2910.4106,209843
2022-08-11T04:00:00.000Z,2908.6917,2930.2026,2903.364,2924.3389,79754
2022-08-11T12:00:00.000Z,2944.7485,2952.2437,2935.3452,2943.3755,194267
2022-08-12T00:00:00.000Z,2923.8511,2966.103,2923.8511,2962.2888,160303
2022-08-12T04:00:00.000Z,2961.3948,2981.2422,2956.78,2975.6511,123354
2022-08-12T12:00:00.000Z,2956.1243,2961.48,2929.2817,2957.0247,213424
2022-08-15T00:00:00.000Z,2938.3049,2939.0581,2893.9478,2899.9224,236221
2022-08-15T04:00:00.000Z,2899.9224,2903.5686,2887.6399,2895.842,69141
2022-08-15T12:00:00.000Z,2864.9697,2893.4619,2844.8997,2858.4868,227473
2022-08-16T00:00:00.000Z,2876.9861,2895.637,2857.6804,2891.7671,144841
2022-08-16T04:00:00.000Z,2891.5789,2894.3342,2880.8027,2887.6523,63769
2022-08-16T12:00:00.000Z,2875.3186,2887.9436,2860.447,2864.842,143963
2022-08-17T00:00:00.000Z,2864.0459,2889.1243,2858.6274,2873.1829,138738
2022-08-17T04:00:00.000Z,2873.9792,2892.519,2873.1313,2881.2908,84128
2022-08-17T12:00:00.000Z,2880.0208,2893.5959,2862.0552,2870.7568,174929
2022-08-18T00:00:00.000Z,2874.2407,2887.927,2829.7971,2830.7808,174715
2022-08-18T04:00:00.000Z,2830.7808,2850.1665,2822.8757,2823.1404,98859
2022-08-18T12:00:00.000Z,2830.0776,2830.0776,2784.9248,2826.1367,257991
2022-08-19T00:00:00.000Z,2826.1367,2883.2373,2819.0491,2878.76,269987
2022-08-19T04:00:00.000Z,2878.76,2894.2849,2868.1104,2877.9834,139243
2022-08-19T12:00:00.000Z,2864.5579,2878.3687,2845.1748,2855.3975,200896
2022-08-22T00:00:00.000Z,2865.3694,2897.9548,2860.2571,2884.1843,183376
2022-08-22T04:00:00.000Z,2885.0068,2891.0369,2880.5811,2886.0376,63263
2022-08-22T12:00:00.000Z,2899.3545,2929.9614,2896.3208,2912.199,238134
2022-08-23T00:00:00.000Z,2958.2405,3031.0715,2943.9272,3022.7856,334075
2022-08-23T04:00:00.000Z,3017.9563,3020.2617,3003.6138,3010.6633,144196
2022-08-23T12:00:00.000Z,3004.0171,3029.1094,2998.4741,3014.8831,236895
2022-08-24T00:00:00.000Z,3025.4434,3058.2971,3009.4958,3034.4993,211733
2022-08-24T04:00:00.000Z,3033.6101,3047.1096,3033.6101,3044.2131,80964
2022-08-24T12:00:00.000Z,3045.5413,3052.6592,3002.1619,3008.6157,244933
2022-08-25T00:00:00.000Z,3017.1758,3023.6802,2974.813,2980.4827,210830
2022-08-25T04:00:00.000Z,2981.488,3001.3035,2975.719,2999.7749,112801
2022-08-25T12:00:00.000Z,2978.8845,2979.2957,2935.8345,2937.7083,297916
2022-08-26T00:00:00.000Z,2929.6921,2950.5833,2915.0352,2933.7991,193336
2022-08-26T04:00:00.000Z,2930.9836,2939.5491,2918.7803,2933.792,108674
2022-08-26T12:00:00.000Z,2938.7229,2945.78,2909.0562,2925.0234,312180
2022-08-29T00:00:00.000Z,2920.9604,2938.8428,2899.387,2915.8108,178519
2022-08-29T04:00:00.000Z,2921.3169,2928.4602,2900.802,2914.395,108493
2022-08-29T12:00:00.000Z,2920.3752,2926.0637,2892.0239,2898.9858,175189
2022-08-30T00:00:00.000Z,2883.5112,2890.0381,2852.3318,2873.8875,200796
2022-08-30T04:00:00.000Z,2873.9695,2887.0078,2869.2861,2885.262,72949
2022-08-30T12:00:00.000Z,2862.4695,2890.72,2857.3584,2888.9312,164340
2022-08-31T00:00:00.000Z,2899.7742,2903.885,2879.1013,2899.8496,134895
2022-08-31T04:00:00.000Z,2903.6726,2922.7532,2903.6726,2917.1064,105482
2022-08-31T12:00:00.000Z,2890.2078,2917.4705,2886.3467,2908.5569,197968
2022-09-01T00:00:00.000Z,2900.6763,2907.635,2874.4607,2889.0537,177815
2022-09-01T04:00:00.000Z,2889.9951,2900.8115,2870.7744,2898.0676,122187
2022-09-01T12:00:00.000Z,2893.3008,2918.6487,2880.4868,2885.4714,260037
2022-09-02T00:00:00.000Z,2886.3821,2927.582,2876.6553,2918.1187,230762
2022-09-02T04:00:00.000Z,2919.0293,2942.1521,2909.8831,2935.312,152809
2022-09-02T12:00:00.000Z,2944.6516,2980.6704,2940.3647,2954.4194,301854
2022-09-05T00:00:00.000Z,2958.6958,2965.0586,2932.9277,2955.6394,189847
2022-09-05T04:00:00.000Z,2956.6147,2970.1882,2951.8052,2952.645,92723
2022-09-05T12:00:00.000Z,2959.9075,2987.5874,2959.9075,2972.4089,192579
2022-09-06T00:00:00.000Z,2961.437,2961.437,2910.4463,2922.8386,241776
2022-09-06T04:00:00.000Z,2922.0474,2928.1775,2915.9939,2921.2373,84883
2022-09-06T12:00:00.000Z,2907.7556,2937.249,2898.3118,2923.5066,244213
2022-09-07T00:00:00.000Z,2911.0933,2952.1348,2907.1804,2940.3152,204168
2022-09-07T04:00:00.000Z,2938.4602,2973.4236,2937.665,2958.1201,169744
2022-09-07T12:00:00.000Z,2976.634,3026.8906,2965.7808,3000.9163,347304
2022-09-08T00:00:00.000Z,2960.248,2980.8318,2947.5232,2954.7021,247240
2022-09-08T04:00:00.000Z,2952.9539,2963.0723,2943.8918,2945.8003,95614
2022-09-08T12:00:00.000Z,2947.0833,2960.8965,2915.9163,2924.2183,278037
2022-09-09T00:00:00.000Z,2945.7522,2976.606,2932.6567,2972.6541,222362
2022-09-09T04:00:00.000Z,2971.884,2974.7224,2961.03,2963.2886,112190
2022-09-13T00:00:00.000Z,3123.0171,3163.3306,3120.7715,3147.509,506527
2022-09-13T04:00:00.000Z,3151.5571,3166.8308,3147.8765,3154.3035,150288
2022-09-13T12:00:00.000Z,3147.8794,3151.5479,3134.1401,3139.3181,236399
2022-09-14T00:00:00.000Z,3110.158,3151.4302,3110.158,3143.821,192007
2022-09-14T04:00:00.000Z,3141.9426,3144.3918,3130.8411,3135.8408,96429
2022-09-14T12:00:00.000Z,3133.4517,3134.2129,3081.7502,3092.677,298289
2022-09-15T00:00:00.000Z,3081.8018,3098.6428,3079.032,3086.4751,170352
2022-09-15T04:00:00.000Z,3080.0225,3083.3223,3060.7222,3077.002,131612
2022-09-15T12:00:00.000Z,3071.1877,3099.3201,3065.4817,3084.874,224172
2022-09-16T00:00:00.000Z,3084.874,3093.5349,3068.6755,3072.6074,136591
2022-09-16T04:00:00.000Z,3073.3608,3089.8738,3066.5303,3084.2922,86946
2022-09-16T12:00:00.000Z,3068.0437,3077.0793,3036.5964,3069.9355,281728
2022-09-19T00:00:00.000Z,3075.5928,3102.1018,3058.1875,3090.7131,230723
2022-09-19T04:00:00.000Z,3090.3579,3092.448,3067.0054,3071.0129,84701
2022-09-19T12:00:00.000Z,3057.6262,3076.4063,3044.6343,3068.8181,252197
2022-09-20T00:00:00.000Z,3066.9709,3087.7737,3052.063,3056.0149,171870
2022-09-20T04:00:00.000Z,3052.9463,3062.7874,3048.3723,3048.6299,101603
2022-09-20T12:00:00.000Z,3036.239,3054.0889,3019.4126,3049.2878,259724
2022-09-21T00:00:00.000Z,3054.3342,3059.8765,3037.0447,3045.5413,136771
2022-09-21T04:00:00.000Z,3046.1741,3075.4871,3046.1741,3066.2334,166954
2022-09-21T12:00:00.000Z,3050.803,3103.7068,3050.803,3068.2195,335102
2022-09-22T00:00:00.000Z,3064.9021,3126.686,3060.7173,3125.0642,247662
2022-09-22T04:00:00.000Z,3123.5908,3134.6052,3100.7043,3107.0295,189178
2022-09-22T12:00:00.000Z,3112.7109,3112.7109,3072.9314,3080.1609,257672
2022-09-23T00:00:00.000Z,3076.781,3118.4871,3075.9031,3115.5984,208773
2022-09-23T04:00:00.000Z,3117.1902,3117.7686,3077.6196,3084.2981,170948
2022-09-23T12:00:00.000Z,3067.9993,3086.8489,3053.6091,3077.7288,272274
2022-09-26T00:00:00.000Z,3077.7288,3112.5002,3040.5664,3045.96,335559
2022-09-26T04:00:00.000Z,3045.2446,3059.3098,3036.0339,3053.5068,116510
2022-09-26T12:00:00.000Z,3067.6355,3089.4209,3055.3562,3083.9885,230085
2022-09-27T00:00:00.000Z,3078.5154,3102.9089,3062.2571,3098.176,265101
2022-09-27T04:00:00.000Z,3098.176,3110.2295,3089.8293,3100.083,127741
2022-09-27T12:00:00.000Z,3107.5352,3144.1992,3107.5352,3125.3062,370562
2022-09-28T00:00:00.000Z,3109.9556,3136.8669,3094.4795,3128.6594,225651
2022-09-28T04:00:00.000Z,3124.6809,3164.4094,3112.9136,3154.4233,255365
2022-09-28T12:00:00.000Z,3171.7234,3173.2532,3143.6665,3151.1455,235462
2022-09-29T00:00:00.000Z,3158.3369,3212.4094,3150.4438,3203.2749,305827
2022-09-29T04:00:00.000Z,3203.2749,3218.625,3191.8262,3215.2615,164225
2022-09-29T12:00:00.000Z,3214.0662,3244.9214,3183.0273,3188.9238,337830
2022-09-30T00:00:00.000Z,3188.1941,3209.1592,3148.3315,3161.3035,283550
2022-09-30T04:00:00.000Z,3160.9934,3179.4543,3146.8074,3179.4543,150015
2022-10-10T00:00:00.000Z,3218.6157,3224.7341,3141.3533,3149.1167,376910
2022-10-10T04:00:00.000Z,3147.1489,3151.9558,3124.1501,3144.1548,145556
2022-10-10T12:00:00.000Z,3153.1455,3162.6313,3115.4968,3115.4968,227763
2022-10-11T00:00:00.000Z,3114.7849,3141.6313,3112.384,3131.9338,199119
2022-10-11T04:00:00.000Z,3129.3606,3135.8716,3119.5039,3124.2454,123608
2022-10-11T12:00:00.000Z,3113.7124,3119.9165,3091.3279,3112.2534,263964
2022-10-12T00:00:00.000Z,3107.2056,3114.6541,3089.9861,3110.7903,194875
2022-10-12T04:00:00.000Z,3110.0996,3135.1152,3107.9741,3127.751,174323
2022-10-12T12:00:00.000Z,3114.6758,3131.6477,3109.9421,3118.1655,261500
2022-10-13T00:00:00.000Z,3134.092,3157.1379,3117.3616,3124.4915,295642
2022-10-13T04:00:00.000Z,3124.1787,3130.5281,3109.4641,3110.9431,114594
2022-10-13T12:00:00.000Z,3099.0955,3134.6604,3086.5396,3130.4468,327696
2022-10-14T00:00:00.000Z,3132.5645,3172.7498,3124.9536,3164.1951,262761
2022-10-14T04:00:00.000Z,3165.5044,3180.5334,3153.7786,3175.408,177443
2022-10-14T12:00:00.000Z,3168.5366,3193.5747,3161.8777,3175.8999,236310
2022-10-17T00:00:00.000Z,3164.0173,3171.646,3065.9482,3071.4893,483279
2022-10-17T04:00:00.000Z,3071.4893,3073.2571,3054.2805,3059.2107,200121
2022-10-17T12:00:00.000Z,3065.6013,3067.4951,3046.7759,3059.3604,298911
2022-10-18T00:00:00.000Z,3059.3604,3063.0464,3011.0068,3038.8198,298092
2022-10-18T04:00:00.000Z,3038.8198,3041.3108,3011.3994,3021.719,178924
2022-10-18T12:00:00.000Z,3022.3704,3041.729,2994.0127,3005.4348,319699
2022-10-19T00:00:00.000Z,3010.04,3027.886,3001.5774,3007.3022,281230
2022-10-19T04:00:00.000Z,3006.8228,3020.2046,2999.3064,3008.2988,148606
2022-10-19T12:00:00.000Z,2995.5344,3021.605,2974.2141,3001.0911,360655
2022-10-20T00:00:00.000Z,3016.2954,3027.1758,3005.9729,3022.095,215050
2022-10-20T04:00:00.000Z,3022.095,3029.1082,3001.1262,3012.6267,129699
2022-10-20T12:00:00.000Z,3023.8672,3052.9595,3008.5703,3036.6526,320182
2022-10-21T00:00:00.000Z,3036.363,3038.1858,3007.2622,3017.9424,216352
2022-10-21T04:00:00.000Z,3017.9424,3020.0522,2970.0947,2975.5298,271689
2022-10-21T12:00:00.000Z,2967.6958,2995.9551,2962.9971,2991.323,326758
2022-10-24T00:00:00.000Z,2994.9404,3005.7043,2965.5618,2983.8618,352289
2022-10-24T04:00:00.000Z,2983.0793,2998.2446,2977.0022,2993.7317,143984
2022-10-24T12:00:00.000Z,2987.3748,2998.6477,2957.2888,2962.2766,300606
2022-10-25T00:00:00.000Z,2961.9438,2988.0942,2944.5269,2981.283,320682
2022-10-25T04:00:00.000Z,2981.283,2984.0576,2964.0991,2974.6631,147813
2022-10-25T12:00:00.000Z,2974.1667,3007.7666,2966.6353,3007.1758,285736
2022-10-26T00:00:00.000Z,2998.5432,3011.647,2991.0593,3006.2581,210193
2022-10-26T04:00:00.000Z,3005.6672,3008.397,2997.6431,3003.2341,113738
2022-10-26T12:00:00.000Z,3007.1445,3012.2083,2954.1438,2969.0129,332600
2022-10-27T00:00:00.000Z,2963.3206,2971.8464,2950.24,2961.2927,175834
2022-10-27T04:00:00.000Z,2959.3582,2967.5198,2943.0049,2953.4768,142819
2022-10-27T12:00:00.000Z,2962.3442,2977.7529,2952.8315,2976.4907,255676
2022-10-28T00:00:00.000Z,2975.9126,2995.3596,2953.8472,2959.5229,281220
2022-10-28T04:00:00.000Z,2958.7722,2968.0859,2945.8872,2954.4033,183524
2022-10-28T12:00:00.000Z,2945.6963,2959.1257,2882.3582,2883.9546,437714
2022-10-31T00:00:00.000Z,2924.9087,2979.3032,2924.9087,2961.0881,460976
2022-10-31T04:00:00.000Z,2960.5176,2968.4128,2952.9385,2964.2263,141406
2022-10-31T12:00:00.000Z,2956.8333,3009.833,2933.0122,3002.8809,487292
2022-11-01T00:00:00.000Z,3009.3833,3086.6675,3004.4033,3078.2542,561099
2022-11-01T04:00:00.000Z,3078.2542,3088.5283,3070.4011,3074.1621,174028
2022-11-01T12:00:00.000Z,3083.1541,3100.5259,3069.1523,3088.21,403335
2022-11-02T00:00:00.000Z,3091.5845,3099.6577,3077.8909,3091.6428,237941
2022-11-02T04:00:00.000Z,3092.791,3108.5981,3023.6172,3040.4561,449236
2022-11-02T12:00:00.000Z,3027.6616,3028.3076,2991.0378,3010.073,488809
2022-11-03T00:00:00.000Z,3015.375,3044.2058,3005.6628,3016.1921,340670
2022-11-03T04:00:00.000Z,3015.6292,3022.4744,3008.5747,3014.9841,127332
2022-11-03T12:00:00.000Z,2997.7629,3025.8999,2988.6021,3025.6917,333160
2022-11-04T00:00:00.000Z,3023.5186,3081.6626,2998.0754,3071.8574,500105
2022-11-04T04:00:00.000Z,3072.1887,3081.9902,3034.4858,3049.6909,280094
2022-11-04T12:00:00.000Z,3058.4421,3085.1716,3054.0403,3071.9612,382897
2022-11-07T00:00:00.000Z,3070.8708,3072.2822,3027.3594,3031.9307,413861
2022-11-07T04:00:00.000Z,3031.5557,3053.0518,3030.4846,3048.6416,145142
2022-11-07T12:00:00.000Z,3054.9165,3105.4993,3050.0229,3082.4053,387842
2022-11-08T00:00:00.000Z,3080.0283,3084.1672,3062.6702,3076.9055,218897
2022-11-08T04:00:00.000Z,3076.5293,3122.9434,3070.9946,3121.2883,294315
2022-11-08T12:00:00.000Z,3116.1116,3123.6331,3103.9922,3112.7747,259350
2022-11-09T00:00:00.000Z,3112.7747,3144.9431,3099.6401,3106.9177,342122
2022-11-09T04:00:00.000Z,3107.0862,3143.4497,3104.1257,3142.4441,197316
2022-11-09T12:00:00.000Z,3140.25,3160.95,3137.6787,3153.6963,307634
2022-11-10T00:00:00.000Z,3153.6963,3178.7178,3135.7334,3178.5459,382025
2022-11-10T04:00:00.000Z,3179.0718,3187.1851,3159.2119,3169.718,212363
2022-11-10T12:00:00.000Z,3152.1458,3189.5559,3150.9004,3158.2664,332181
2022-11-11T00:00:00.000Z,3140.1865,3165.3882,3115.0012,3120.5393,418903
2022-11-11T04:00:00.000Z,3119.9778,3137.8643,3110.2417,3124.2896,233933
2022-11-11T12:00:00.000Z,3115.7053,3129.6426,3103.292,3120.2563,279388
2022-11-14T00:00:00.000Z,3119.717,3122.1187,3043.8694,3048.0635,455983
2022-11-14T04:00:00.000Z,3047.5242,3050.3647,3026.3262,3037.9297,223493
2022-11-14T12:00:00.000Z,3038.8162,3047.9836,3022.4846,3035.6528,291309
2022-11-15T00:00:00.000Z,3034.0759,3045.988,3019.5593,3021.8665,180543
2022-11-15T04:00:00.000Z,3021.8665,3022.707,3006.5408,3008.7378,212389
2022-11-15T12:00:00.000Z,3004.5647,3005.8206,2971.7754,2990.2222,387911
2022-11-16T00:00:00.000Z,3002.0398,3011.3081,2976.3691,2977.478,243847
2022-11-16T04:00:00.000Z,2978.001,3007.6621,2977.4995,2988.7148,233040
2022-11-16T12:00:00.000Z,2986.4436,2995.2124,2971.3474,2976.9927,297616
2022-11-17T00:00:00.000Z,2976.6846,2991.3232,2959.5444,2971.0415,304553
2022-11-17T04:00:00.000Z,2970.5305,2975.0066,2961.373,2970.3921,129259
2022-11-17T12:00:00.000Z,2959.0793,2981.4604,2955.948,2976.8723,287791
2022-11-18T00:00:00.000Z,2976.8723,2981.2793,2929.0779,2938.1187,432392
2022-11-18T04:00:00.000Z,2938.1187,2939.6284,2917.3674,2923.7603,222125
2022-11-18T12:00:00.000Z,2927.8101,2957.3494,2927.8101,2955.532,340120
2022-11-21T00:00:00.000Z,2956.675,2971.9688,2949.9895,2955.5193,248865
2022-11-21T04:00:00.000Z,2956.0027,2961.6819,2941.6768,2951.002,163537
2022-11-21T12:00:00.000Z,2949.6692,2985.2068,2944.3203,2970.7109,294615
2022-11-22T00:00:00.000Z,2976.1421,2982.4048,2958.1765,2975.9658,199783
2022-11-22T04:00:00.000Z,2975.4983,2976.4055,2963.4019,2965.0283,118659
2022-11-22T12:00:00.000Z,2967.0674,2979.8682,2958.4644,2967.0859,295582
2022-11-23T00:00:00.000Z,2962.4399,2973.2908,2938.7087,2968.478,337190
2022-11-23T04:00:00.000Z,2968.1523,2985.7676,2967.0088,2976.4663,233909
2022-11-23T12:00:00.000Z,2970.311,2977.1531,2953.8345,2957.3657,239819
2022-11-24T00:00:00.000Z,2962.6099,2992.5649,2960.573,2970.7261,278667
2022-11-24T04:00:00.000Z,2971.1797,2976.8008,2960.7202,2966.6335,141264
2022-11-24T12:00:00.000Z,2967.7773,2982.2834,2942.0288,2982.2834,351935
2022-11-25T00:00:00.000Z,2982.7341,2999.2302,2979.3252,2991.2109,279633
2022-11-25T04:00:00.000Z,2991.2109,2996.8567,2984.8171,2995.0586,140087
2022-11-25T12:00:00.000Z,2995.4731,2998.5303,2937.0115,2941.7783,449010
2022-11-28T00:00:00.000Z,2939.0681,2984.8137,2909.9075,2972.1621,442817
2022-11-28T04:00:00.000Z,2972.5601,2991.2253,2966.345,2977.554,196563
2022-11-28T12:00:00.000Z,2981.1685,3000.7253,2970.4705,2988.4702,285152
2022-11-29T00:00:00.000Z,3001.3247,3035.4641,3001.0383,3032.9495,292987
2022-11-29T04:00:00.000Z,3032.6096,3033.9521,3011.8394,3013.1104,139774
2022-11-29T12:00:00.000Z,3011.4985,3016.3442,2985.8989,2989.417,277123
2022-11-30T00:00:00.000Z,2987.9919,2995.6936,2974.4854,2991.7686,242753
2022-11-30T04:00:00.000Z,2991.7686,2995.397,2980.2061,2989.0547,118333
2022-11-30T12:00:00.000Z,2994.4312,2999.8665,2980.344,2989.4194,258679
2022-12-01T00:00:00.000Z,2991.749,2995.3762,2961.1094,2967.9771,228829
2022-12-01T04:00:00.000Z,2967.5784,2978.24,2964.3704,2975.675,122561
2022-12-01T12:00:00.000Z,2964.437,3004.9399,2964.0081,2997.1255,316482
2022-12-02T00:00:00.000Z,2974.8254,3011.094,2971.3369,2996.8911,294107
2022-12-02T04:00:00.000Z,2996.8911,3009.5212,2995.1738,3001.4912,152792
2022-12-02T12:00:00.000Z,3001.0588,3002.1396,2966.0376,2983.418,381030
2022-12-05T00:00:00.000Z,2988.5642,2992.7485,2955.2483,2958.9592,275624
2022-12-05T04:00:00.000Z,2958.5784,2980.1968,2952.842,2979.2107,195603
2022-12-05T12:00:00.000Z,2981.2598,2997.208,2979.8838,2992.0886,287931
2022-12-06T00:00:00.000Z,2990.6565,3034.6829,2987.417,3025.3633,323820
2022-12-06T04:00:00.000Z,3025.3633,3028.5752,3016.2327,3019.76,178199
2022-12-06T12:00:00.000Z,3032.9094,3038.7979,3018.3691,3037.5098,249322
2022-12-07T00:00:00.000Z,3030.7212,3046.4512,3025.5444,3030.8584,211771
2022-12-07T04:00:00.000Z,3031.739,3042.8469,3023.9534,3027.0122,149495
2022-12-07T12:00:00.000Z,3031.759,3057.1296,3031.134,3048.1836,293750
2022-12-08T00:00:00.000Z,3052.4946,3102.5408,3052.4946,3090.7952,311802
2022-12-08T04:00:00.000Z,3090.0498,3110.6897,3089.2869,3110.6897,179235
2022-12-08T12:00:00.000Z,3102.8557,3114.4165,3091.9114,3102.4028,320092
2022-12-09T00:00:00.000Z,3114.7747,3137.5859,3106.2371,3136.2117,197985
2022-12-09T04:00:00.000Z,3135.896,3137.5618,3120.1106,3129.2261,143181
2022-12-09T12:00:00.000Z,3123.3,3129.4746,3084.3369,3099.1069,399487
2022-12-12T00:00:00.000Z,3100.092,3101.1519,3039.8723,3047.9175,353730
2022-12-12T04:00:00.000Z,3049.0007,3056.5193,3040.5552,3042.2534,129956
2022-12-12T12:00:00.000Z,3028.25,3043.0857,3008.2883,3016.3655,258558
2022-12-13T00:00:00.000Z,3013.209,3036.2046,3011.2249,3020.8269,172967
2022-12-13T04:00:00.000Z,3021.0452,3032.4468,3015.2126,3027.562,106850
2022-12-13T12:00:00.000Z,3031.2065,3053.1382,3024.9146,3048.2209,254768
2022-12-14T00:00:00.000Z,3047.6379,3050.603,3011.3164,3016.8206,206040
2022-12-14T04:00:00.000Z,3017.4927,3021.4004,2975.0647,2981.8325,319649
2022-12-14T12:00:00.000Z,2988.3779,2998.4434,2982.3672,2992.5098,240958
2022-12-15T00:00:00.000Z,2994.3103,3007.7461,2973.814,2989.0276,186704
2022-12-15T04:00:00.000Z,2989.0869,2996.186,2979.4131,2994.1995,93968
2022-12-15T12:00:00.000Z,2994.6455,3027.2402,2994.6455,3007.2605,279287
2022-12-16T00:00:00.000Z,3006.4001,3024.4587,3000.9141,3013.1431,191262
2022-12-16T04:00:00.000Z,3013.1431,3027.1753,3009.3682,3010.7522,113448
2022-12-16T12:00:00.000Z,3001.9268,3039.946,2987.8245,3035.1167,293054
2022-12-19T00:00:00.000Z,3034.5608,3034.5608,2946.2444,2959.7908,338724
2022-12-19T04:00:00.000Z,2960.3467,2975.9058,2957.947,2972.7031,117900
2022-12-19T12:00:00.000Z,2978.728,2986.0684,2960.894,2962.2434,176551
2022-12-20T00:00:00.000Z,2961.0859,2983.3748,2955.8972,2971.1338,189799
2022-12-20T04:00:00.000Z,2970.9297,2978.2607,2963.1956,2975.0305,86246
2022-12-20T12:00:00.000Z,2972.0637,3023.606,2971.8601,3019.3784,233902
2022-12-21T00:00:00.000Z,3013.4675,3031.1394,3008.4731,3011.3569,156157
2022-12-21T04:00:00.000Z,3011.3569,3015.9639,3000.0842,3014.7798,102508
2022-12-21T12:00:00.000Z,3019.1892,3038.6177,3017.7717,3027.2942,149013
2022-12-22T00:00:00.000Z,3027.8933,3043.5537,3022.7231,3033.4783,109254
2022-12-22T04:00:00.000Z,3033.4783,3041.5215,3027.5513,3029.5386,72152
2022-12-22T12:00:00.000Z,3032.3223,3051.3538,3007.4133,3020.7622,264724
2022-12-23T00:00:00.000Z,3020.7622,3039.6899,3003.8677,3035.8896,142289
2022-12-23T04:00:00.000Z,3035.9468,3044.7961,3035.3816,3038.7175,72308
2022-12-23T12:00:00.000Z,3040.3887,3066.4121,3031.8545,3064.0164,203187
2022-12-26T00:00:00.000Z,3064.0542,3149.2908,3064.0542,3137.0034,302649
2022-12-26T04:00:00.000Z,3137.0034,3138.4128,3118.7236,3121.1741,103686
2022-12-26T12:00:00.000Z,3127.3313,3139.0737,3113.7473,3134.3477,136532
2022-12-27T00:00:00.000Z,3134.3477,3155.9795,3125.7498,3138.8665,145058
2022-12-27T04:00:00.000Z,3138.8938,3158.9199,3136.8794,3144.7112,110716
2022-12-27T12:00:00.000Z,3145.1587,3145.9036,3106.8853,3118.6501,264439
2022-12-28T00:00:00.000Z,3097.5591,3132.8904,3094.7708,3123.1675,181418
2022-12-28T04:00:00.000Z,3123.1675,3126.8706,3114.7427,3122.0178,71106
2022-12-28T12:00:00.000Z,3120.0295,3134.022,3109.5344,3121.4324,149853
2022-12-29T00:00:00.000Z,3134.4971,3161.9424,3133.9031,3138.1826,226298
2022-12-29T04:00:00.000Z,3139.3337,3147.0652,3136.7417,3141.5,84133
2022-12-29T12:00:00.000Z,3135.4084,3161.4099,3114.1714,3153.3403,231258
2022-12-30T00:00:00.000Z,3148.9941,3181.2395,3143.7966,3180.9006,200853
2022-12-30T04:00:00.000Z,3180.9006,3215.9094,3180.1829,3213.8418,159537
2023-01-03T00:00:00.000Z,3218.3816,3257.1465,3190.3938,3224.6536,367781
2023-01-03T04:00:00.000Z,3224.5962,3230.1145,3211.0603,3211.0603,97045
2023-01-03T12:00:00.000Z,3208.5903,3230.3918,3191.7971,3200.0679,230887
2023-01-04T00:00:00.000Z,3175.929,3192.4336,3160.3315,3176.626,253627
2023-01-04T04:00:00.000Z,3176.626,3184.199,3171.9998,3175.7871,95124
2023-01-04T12:00:00.000Z,3170.6982,3181.8594,3148.8777,3162.4316,194135
2023-01-05T00:00:00.000Z,3154.1895,3167.7134,3144.4551,3152.7136,146554
2023-01-05T04:00:00.000Z,3154.6809,3160.375,3145.3552,3152.3118,86347
2023-01-05T12:00:00.000Z,3149.481,3149.8137,3113.145,3113.145,212069
2023-01-06T00:00:00.000Z,3116.0508,3126.4451,3098.2549,3114.969,178029
2023-01-06T04:00:00.000Z,3114.969,3139.5713,3111.1277,3137.3271,121300
2023-01-06T12:00:00.000Z,3129.918,3165.9075,3126.2024,3157.3118,227663
2023-01-09T00:00:00.000Z,3164.9612,3185.4268,3139.8779,3140.8008,215257
2023-01-09T04:00:00.000Z,3140.8699,3152.146,3139.8955,3150.5522,72816
2023-01-09T12:00:00.000Z,3146.1887,3161.3511,3112.9561,3121.8289,241497
2023-01-10T00:00:00.000Z,3121.8289,3137.3347,3113.3181,3129.2644,147135
2023-01-10T04:00:00.000Z,3128.6096,3138.4902,3118.4324,3136.178,97421
2023-01-10T12:00:00.000Z,3143.0117,3161.7476,3125.8723,3154.5701,193359
2023-01-11T00:00:00.000Z,3153.8416,3170.1577,3134.5649,3161.5557,189331
2023-01-11T04:00:00.000Z,3161.5254,3171.0164,3154.4758,3166.7478,86079
2023-01-11T12:00:00.000Z,3172.3276,3177.0537,3154.1926,3171.2317,207038
2023-01-12T00:00:00.000Z,3170.5676,3225.7507,3167.0684,3216.4424,249591
2023-01-12T04:00:00.000Z,3217.2815,3223.1238,3197.1248,3201.1685,93357
2023-01-12T12:00:00.000Z,3209.8069,3224.1106,3200.5645,3221.3528,193974
2023-01-13T00:00:00.000Z,3234.5569,3251.2637,3207.8909,3214.019,249247
2023-01-13T04:00:00.000Z,3215.9368,3237.9124,3214.301,3233.74,98264
2023-01-13T12:00:00.000Z,3223.3533,3231.4746,3209.405,3220.239,175018
2023-01-16T00:00:00.000Z,3216.1506,3230.7583,3187.6514,3220.823,192780
2023-01-16T04:00:00.000Z,3220.823,3221.4443,3204.897,3207.2219,76472
2023-01-16T12:00:00.000Z,3210.2813,3213.7156,3185.554,3200.3711,170451
2023-01-17T00:00:00.000Z,3200.3711,3207.7151,3167.3088,3194.2502,248128
2023-01-17T04:00:00.000Z,3192.6643,3207.9675,3191.3145,3202.1814,97110
2023-01-17T12:00:00.000Z,3210.7344,3229.9492,3201.2983,3211.2625,216057
2023-01-18T00:00:00.000Z,3232.2983,3291.8792,3232.2983,3288.2085,282949
2023-01-18T04:00:00.000Z,3288.1343,3291.1533,3274.134,3283.1394,115512
2023-01-18T12:00:00.000Z,3279.772,3279.772,3213.8674,3226.5371,286848
2023-01-19T00:00:00.000Z,3222.4297,3222.4297,3197.561,3198.1394,168978
2023-01-19T04:00:00.000Z,3198.1394,3206.6379,3194.4299,3198.4314,72382
2023-01-19T12:00:00.000Z,3198.5195,3206.7161,3175.8801,3181.2522,211473
2023-01-20T00:00:00.000Z,3181.2522,3181.2522,3148.812,3159.2366,179318
2023-01-20T04:00:00.000Z,3159.2366,3162.051,3146.1548,3147.7883,87661
2023-01-30T00:00:00.000Z,3164.6094,3201.6953,3154.9382,3180.9353,269842
2023-01-30T04:00:00.000Z,3178.5256,3204.2158,3178.5256,3194.4033,89245
2023-01-30T12:00:00.000Z,3204.4377,3235.6995,3204.4377,3215.5947,265714
2023-01-31T00:00:00.000Z,3232.9546,3232.9546,3212.4719,3223.4717,156333
2023-01-31T04:00:00.000Z,3223.4717,3242.8972,3216.147,3221.752,145777
2023-01-31T12:00:00.000Z,3213.6487,3213.6487,3171.4993,3205.667,292331
2023-02-01T00:00:00.000Z,3206.3691,3216.9978,3197.8203,3210.7319,154041
2023-02-01T04:00:00.000Z,3210.7319,3230.1079,3209.3364,3222.6831,116524
2023-02-01T12:00:00.000Z,3228.7864,3241.2056,3200.4136,3204.6978,257681
2023-02-02T00:00:00.000Z,3196.0603,3231.1733,3191.6755,3229.2463,216441
2023-02-02T04:00:00.000Z,3231.009,3236.509,3213.9746,3219.0449,142514
2023-02-02T12:00:00.000Z,3217.6458,3230.6301,3194.1194,3208.2207,280442
2023-02-03T00:00:00.000Z,3207.5242,3215.7725,3158.2847,3175.1018,311002
2023-02-03T04:00:00.000Z,3175.1018,3218.0249,3169.3748,3216.9829,177386
2023-02-03T12:00:00.000Z,3218.896,3255.0886,3216.1418,3253.7764,326597
2023-02-06T00:00:00.000Z,3250.6025,3270.4832,3242.2764,3257.1379,255620
2023-02-06T04:00:00.000Z,3257.1379,3262.0544,3234.7754,3248.2756,158943
2023-02-06T12:00:00.000Z,3246.3704,3246.3704,3189.8271,3194.0276,287048
2023-02-07T00:00:00.000Z,3193.6152,3195.0764,3172.8455,3185.499,282482
2023-02-07T04:00:00.000Z,3184.054,3191.3069,3178.2576,3185.584,114721
2023-02-07T12:00:00.000Z,3182.7371,3189.8877,3163.9451,3170.4058,242524
2023-02-08T00:00:00.000Z,3169.7444,3185.9167,3166.8276,3174.644,146118
2023-02-08T04:00:00.000Z,3175.9436,3184.7761,3170.3333,3180.4485,97586
2023-02-08T12:00:00.000Z,3186.5605,3206.0459,3165.1963,3170.1179,250777
2023-02-09T00:00:00.000Z,3170.1179,3209.2905,3147.4966,3152.9336,419277
2023-02-09T04:00:00.000Z,3153.8318,3156.9265,3141.7656,3145.4927,135685
2023-02-09T12:00:00.000Z,3159.9331,3160.4236,3132.9473,3134.2427,261858
2023-02-10T00:00:00.000Z,3147.5403,3184.8328,3140.7615,3177.0518,275750
2023-02-10T04:00:00.000Z,3177.1602,3184.6445,3167.6724,3169.4626,129611
2023-02-10T12:00:00.000Z,3164.6199,3184.2097,3158.8118,3183.9512,215943
2023-02-13T00:00:00.000Z,3204.0769,3240.6482,3201.9443,3221.8877,363288
2023-02-13T04:00:00.000Z,3222.1501,3226.5957,3203.0701,3210.5149,120576
2023-02-13T12:00:00.000Z,3207.3408,3210.1641,3189.8174,3205.9348,213845
2023-02-14T00:00:00.000Z,3204.7773,3220.3706,3195.6665,3212.1252,181491
2023-02-14T04:00:00.000Z,3212.7717,3223.3059,3209.0408,3216.7009,89852
2023-02-14T12:00:00.000Z,3215.082,3222.4026,3204.094,3212.4961,196230
2023-02-15T00:00:00.000Z,3212.4961,3212.4961,3152.1892,3166.5205,383274
2023-02-15T04:00:00.000Z,3165.7007,3167.2896,3155.4167,3160.5652,97698
2023-02-15T12:00:00.000Z,3147.6694,3156.104,3137.4705,3138.376,188017
2023-02-16T00:00:00.000Z,3138.5513,3152.8872,3124.2607,3148.3577,194966
2023-02-16T04:00:00.000Z,3148.3577,3157.8293,3139.2371,3155.4907,113866
2023-02-16T12:00:00.000Z,3153.7639,3156.4404,3141.0676,3146.4258,158078
2023-02-17T00:00:00.000Z,3145.7854,3169.105,3138.9021,3160.9534,241468
2023-02-17T04:00:00.000Z,3160.313,3160.8906,3152.2285,3156.9658,80814
2023-02-17T12:00:00.000Z,3164.9106,3172.0784,3121.1433,3128.3643,241877
2023-02-20T00:00:00.000Z,3126.6084,3200.9514,3126.6084,3190.6409,319920
2023-02-20T04:00:00.000Z,3191.2791,3196.355,3182.7568,3188.7466,89710
2023-02-20T12:00:00.000Z,3194.4238,3199.7622,3182.2271,3186.969,141455
2023-02-21T00:00:00.000Z,3187.1777,3190.729,3170.4524,3180.3193,172936
2023-02-21T04:00:00.000Z,3180.3193,3190.645,3178.4014,3184.6836,90200
2023-02-21T12:00:00.000Z,3181.7566,3204.9104,3176.3088,3179.6694,259724
2023-02-22T00:00:00.000Z,3184.7693,3224.2244,3184.7693,3207.2383,258912
2023-02-22T04:00:00.000Z,3207.2383,3209.6912,3195.9133,3200.0715,98999
2023-02-22T12:00:00.000Z,3195.6448,3198.3311,3159.1548,3171.9888,250217
2023-02-23T00:00:00.000Z,3171.4436,3183.1501,3162.9016,3171.8992,154040
2023-02-23T04:00:00.000Z,3170.9221,3171.4202,3159.9587,3165.7351,108241
2023-02-23T12:00:00.000Z,3164.6672,3167.1714,3150.3179,3153.4871,176607
2023-02-24T00:00:00.000Z,3151.1624,3184.0422,3143.45,3173.7224,225412
2023-02-24T04:00:00.000Z,3173.5232,3182.1038,3169.8359,3177.5596,82156
2023-02-24T12:00:00.000Z,3173.9456,3173.9456,3141.4153,3147.3901,277658
2023-02-27T00:00:00.000Z,3149.7693,3155.272,3127.0483,3130.865,217120
2023-02-27T04:00:00.000Z,3130.865,3143.3069,3124.0515,3141.7527,123734
2023-02-27T12:00:00.000Z,3142.9971,3149.2141,3118.2229,3126.7605,202130
2023-02-28T00:00:00.000Z,3125.6506,3127.886,3092.0791,3095.0703,236523
2023-02-28T04:00:00.000Z,3094.459,3096.7097,3083.2231,3092.553,132438
2023-02-28T12:00:00.000Z,3090.4438,3091.542,3065.6062,3072.2434,241398
2023-03-01T00:00:00.000Z,3067.0671,3067.8645,3043.3928,3054.9583,236239
2023-03-01T04:00:00.000Z,3055.8569,3058.0457,3048.0774,3049.4307,101476
2023-03-01T12:00:00.000Z,3048.9321,3051.9636,3034.7156,3034.7156,230657
2023-03-02T00:00:00.000Z,3041.5146,3052.6995,3031.1716,3036.6782,182176
2023-03-02T04:00:00.000Z,3036.6782,3040.1729,3028.53,3030.4189,110169
2023-03-02T12:00:00.000Z,3028.4883,3043.9468,3025.8728,3040.2192,242434
2023-03-03T00:00:00.000Z,3050.658,3053.4502,3021.0012,3026.165,248734
2023-03-03T04:00:00.000Z,3026.165,3034.6494,3023.4561,3026.865,145666
2023-03-03T12:00:00.000Z,3033.1465,3043.4878,3027.6069,3037.3882,225368
2023-03-06T00:00:00.000Z,3040.2031,3046.9661,3028.9971,3036.3276,184886
2023-03-06T04:00:00.000Z,3035.615,3042.1099,3033.8059,3039.3582,92388
2023-03-06T12:00:00.000Z,3037.9468,3059.2478,3037.7925,3058.5227,238249
2023-03-07T00:00:00.000Z,3059.1125,3079.4817,3059.1125,3073.3877,208831
2023-03-07T04:00:00.000Z,3073.3877,3073.8896,3060.0867,3061.3069,92876
2023-03-07T12:00:00.000Z,3055.4314,3061.5574,3040.064,3055.9341,224788
2023-03-08T00:00:00.000Z,3047.0203,3075.1731,3039.1394,3046.1609,228367
2023-03-08T04:00:00.000Z,3046.1609,3056.8591,3041.8525,3055.0415,105992
2023-03-08T12:00:00.000Z,3052.335,3074.3503,3047.1404,3062.8044,242230
2023-03-09T00:00:00.000Z,3061.5029,3072.251,3049.1357,3067.957,180657
2023-03-09T04:00:00.000Z,3067.957,3069.6011,3056.9158,3065.6765,101808
2023-03-09T12:00:00.000Z,3071.4707,3086.8855,3050.3914,3051.104,273793
2023-03-10T00:00:00.000Z,3051.104,3072.4778,3039.5015,3060.2734,257931
2023-03-10T04:00:00.000Z,3060.2734,3063.8962,3030.823,3039.5508,178094
2023-03-10T12:00:00.000Z,3027.1421,3040.7466,2993.6616,3033.2219,442742
2023-03-13T00:00:00.000Z,3040.4814,3059.9573,3032.3691,3045.0605,223020
2023-03-13T04:00:00.000Z,3045.0605,3054.46,3044.5103,3052.6743,86401
2023-03-13T12:00:00.000Z,3034.6763,3058.0552,3030.2136,3035.0981,328343
2023-03-14T00:00:00.000Z,3018.5815,3046.937,3006.8081,3027.2131,362089
2023-03-14T04:00:00.000Z,3025.9414,3044.1597,3024.9768,3038.1035,116004
2023-03-14T12:00:00.000Z,3035.7532,3038.7676,3011.637,3013.7876,266997
2023-03-15T00:00:00.000Z,3028.0723,3044.7092,3009.2903,3014.208,290315
2023-03-15T04:00:00.000Z,3014.0671,3026.2327,3014.0483,3017.1418,119663
2023-03-15T12:00:00.000Z,3002.2471,3008.5349,2974.7932,2985.6287,358714
2023-03-16T00:00:00.000Z,2995.2002,3009.0852,2980.8501,2992.1433,258638
2023-03-16T04:00:00.000Z,2993.1792,2997.2283,2983.9788,2986.0808,91997
2023-03-16T12:00:00.000Z,2992.6438,3011.991,2975.6394,3003.9221,340902
2023-03-17T00:00:00.000Z,3006.5208,3021.304,2982.0757,2990.7334,361927
2023-03-17T04:00:00.000Z,2990.9434,2995.5413,2968.5103,2971.7837,165804
2023-03-17T12:00:00.000Z,2974.1218,2976.8066,2947.5066,2952.4839,259102
2023-03-20T00:00:00.000Z,2950.925,2958.8079,2923.3232,2932.3044,282498
2023-03-20T04:00:00.000Z,2932.3044,2936.386,2901.0049,2905.2139,164116
2023-03-20T12:00:00.000Z,2908.5349,2921.0413,2886.3755,2915.9612,332360
2023-03-21T00:00:00.000Z,2922.6836,2928.7026,2898.5381,2909.0503,194810
2023-03-21T04:00:00.000Z,2909.0503,2913.3535,2895.561,2903.5979,110844
2023-03-21T12:00:00.000Z,2919.3994,2928.9971,2899.3933,2905.4822,244300
2023-03-22T00:00:00.000Z,2890.1133,2890.1133,2829.9414,2844.6023,380886
2023-03-22T04:00:00.000Z,2845.1172,2874.386,2844.5852,2871.8186,210475
2023-03-22T12:00:00.000Z,2865.2075,2867.7249,2839.0056,2849.3691,289582
2023-03-23T00:00:00.000Z,2849.1812,2852.1155,2808.5872,2817.3904,304267
2023-03-23T04:00:00.000Z,2818.0505,2826.2417,2811.9492,2820.9626,127976
2023-03-23T12:00:00.000Z,2816.6882,2819.1582,2775.217,2778.4897,439596
2023-03-24T00:00:00.000Z,2761.9949,2768.8757,2736.4688,2759.3921,446462
2023-03-24T04:00:00.000Z,2759.8896,2793.8889,2759.8896,2781.1018,269792
2023-03-24T12:00:00.000Z,2764.7302,2809.3496,2763.6497,2788.4473,389160
2023-03-27T00:00:00.000Z,2804.3447,2805.5737,2764.9978,2772.6038,303157
2023-03-27T04:00:00.000Z,2772.646,2779.2734,2762.1121,2777.4294,152671
2023-03-27T12:00:00.000Z,2788.5132,2797.0002,2774.4678,2783.6299,342565
2023-03-28T00:00:00.000Z,2793.2625,2809.0586,2777.9905,2794.2439,316040
2023-03-28T04:00:00.000Z,2793.5933,2814.865,2789.1086,2806.3228,164545
2023-03-28T12:00:00.000Z,2820.4941,2835.0525,2816.3938,2829.6597,298969
2023-03-29T00:00:00.000Z,2838.2368,2844.0898,2805.9587,2807.1106,250699
2023-03-29T04:00:00.000Z,2807.8926,2810.4875,2791.4111,2797.6296,178302
2023-03-29T12:00:00.000Z,2807.2871,2817.0378,2798.6926,2807.4128,260232
2023-03-30T00:00:00.000Z,2807.4128,2816.9878,2797.854,2802.9475,194644
2023-03-30T04:00:00.000Z,2803.3523,2812.2886,2798.0618,2801.7175,101843
2023-03-30T12:00:00.000Z,2806.6531,2817.3665,2770.2822,2795.5791,452174
2023-03-31T00:00:00.000Z,2793.6848,2805.8879,2773.5874,2775.1914,242009
2023-03-31T04:00:00.000Z,2774.5522,2776.7725,2761.0593,2765.3831,190780
2023-03-31T12:00:00.000Z,2769.7983,2817.4509,2757.0332,2815.8357,572452
2023-04-03T00:00:00.000Z,2839.6477,2894.6995,2839.6477,2886.1567,499866
2023-04-03T04:00:00.000Z,2885.7227,2887.2668,2876.2148,2886.2134,153262
2023-04-03T12:00:00.000Z,2891.4084,2910.4409,2887.8245,2896.3921,310244
2023-04-04T00:00:00.000Z,2897.0059,2909.5178,2891.0598,2907.0652,171700
2023-04-04T04:00:00.000Z,2907.0652,2918.2512,2902.0081,2903.1353,173047
2023-04-06T00:00:00.000Z,2879.0498,2898.0786,2867.8948,2885.8777,314116
2023-04-06T04:00:00.000Z,2884.6633,2888.0664,2870.1765,2876.491,170096
2023-04-06T12:00:00.000Z,2868.636,2870.042,2829.7925,2834.4485,371679
2023-04-07T00:00:00.000Z,2835.5623,2846.4326,2828.7656,2840.7305,186316
2023-04-07T04:00:00.000Z,2840.7305,2852.6445,2838.0574,2846.676,111401
2023-04-07T12:00:00.000Z,2852.2229,2856.022,2836.9153,2846.667,146837
2023-04-10T00:00:00.000Z,2846.7839,2850.134,2823.6196,2837.6179,244453
2023-04-10T04:00:00.000Z,2839.2737,2846.5227,2836.4983,2839.0078,97098
2023-04-10T12:00:00.000Z,2833.7942,2838.9319,2820.6182,2834.916,229319
2023-04-11T00:00:00.000Z,2829.3809,2847.9053,2813.9944,2836.3586,239359
2023-04-11T04:00:00.000Z,2836.3586,2865.2825,2836.3586,2858.2112,199186
2023-04-11T12:00:00.000Z,2858.0215,2865.4619,2853.28,2855.6519,238189
2023-04-12T00:00:00.000Z,2855.363,2855.363,2815.304,2829.7566,353558
2023-04-12T04:00:00.000Z,2829.4675,2838.0952,2827.4016,2834.5452,114203
2023-04-12T12:00:00.000Z,2843.8459,2861.8921,2839.8096,2845.0146,279020
2023-04-13T00:00:00.000Z,2858.0439,2880.8206,2851.9336,2878.4453,277791
2023-04-13T04:00:00.000Z,2878.4453,2895.2585,2878.085,2886.123,154183
2023-04-13T12:00:00.000Z,2893.4167,2901.106,2878.427,2879.3113,269664
2023-04-14T00:00:00.000Z,2874.0981,2882.8364,2858.7344,2867.9028,220512
2023-04-14T04:00:00.000Z,2867.5752,2871.9834,2858.0527,2858.7832,151328
2023-04-14T12:00:00.000Z,2858.186,2865.97,2829.4185,2835.3008,256686
2023-04-17T00:00:00.000Z,2842.0637,2853.8411,2813.4238,2850.6919,312544
2023-04-17T04:00:00.000Z,2850.6919,2877.26,2849.7896,2877.26,151033
2023-04-17T12:00:00.000Z,2882.2319,2930.22,2880.4448,2917.4756,416147
2023-04-18T00:00:00.000Z,2922.429,2944.2224,2913.9736,2926.8157,288859
2023-04-18T04:00:00.000Z,2925.9238,2935.0884,2921.2534,2929.0139,133310
2023-04-18T12:00:00.000Z,2920.4861,2923.2007,2896.5061,2909.4932,305596
2023-04-19T00:00:00.000Z,2909.4932,2912.2148,2882.9238,2889.5559,216717
2023-04-19T04:00:00.000Z,2889.5559,2905.1812,2882.2053,2892.48,187382
2023-04-19T12:00:00.000Z,2890.303,2898.8079,2867.5288,2873.6777,286169
2023-04-20T00:00:00.000Z,2859.937,2859.937,2796.0239,2801.4438,372983
2023-04-20T04:00:00.000Z,2801.8416,2824.3728,2800.0698,2814.1936,185945
2023-04-20T12:00:00.000Z,2800.5059,2815.5955,2789.6023,2798.9119,242289
2023-04-21T00:00:00.000Z,2798.4399,2819.5686,2797.5854,2801.8926,268449
2023-04-21T04:00:00.000Z,2801.4207,2803.5969,2762.8181,2767.2478,275124
2023-04-21T12:00:00.000Z,2762.3782,2768.6768,2731.1152,2754.1697,318330
2023-04-24T00:00:00.000Z,2745.8647,2781.0376,2734.2598,2779.1287,257071
2023-04-24T04:00:00.000Z,2778.6494,2839.4666,2775.8408,2830.1697,347976
2023-04-24T12:00:00.000Z,2827.5681,2855.2776,2818.8696,2838.8916,370120
2023-04-25T00:00:00.000Z,2817.7866,2831.7092,2809.8103,2825.637,258850
2023-04-25T04:00:00.000Z,2825.637,2861.427,2820.1204,2852.0601,213376
2023-04-25T12:00:00.000Z,2847.376,2859.7039,2827.8362,2850.5134,366210
2023-04-26T00:00:00.000Z,2854.0208,2893.5122,2851.7917,2870.7422,360645
2023-04-26T04:00:00.000Z,2869.759,2903.6985,2864.1575,2902.1907,196448
2023-04-26T12:00:00.000Z,2898.4468,2915.4368,2877.1328,2909.9458,388037
2023-04-27T00:00:00.000Z,2908.8687,2915.46,2893.9021,2905.2046,220017
2023-04-27T04:00:00.000Z,2905.2046,2913.9983,2897.2375,2898.6592,128903
2023-04-27T12:00:00.000Z,2892.5981,2945.4788,2875.8545,2941.54,394291
2023-04-28T00:00:00.000Z,2943.8923,2959.8469,2929.2119,2955.812,324053
2023-04-28T04:00:00.000Z,2956.9773,2982.2026,2948.5835,2965.5115,245169
2023-05-04T00:00:00.000Z,2950.7537,2974.062,2897.5911,2902.23,611744
2023-05-04T04:00:00.000Z,2902.23,2909.0903,2883.49,2885.7727,198861
2023-05-04T12:00:00.000Z,2881.4258,2915.1355,2852.2581,2855.3882,415973
2023-05-05T00:00:00.000Z,2862.3069,2934.5508,2862.3069,2926.8567,359417
2023-05-05T04:00:00.000Z,2927.8828,2954.5432,2926.0796,2952.0132,181102
2023-05-05T12:00:00.000Z,2952.8372,2998.1055,2947.7864,2988.6833,456308
2023-05-08T00:00:00.000Z,2987.7207,3011.4519,2959.1255,3005.4028,461598
2023-05-08T04:00:00.000Z,3004.8867,3022.624,2997.2007,3001.7275,216641
2023-05-08T12:00:00.000Z,3005.751,3016.0754,2981.5583,3010.3184,347589
2023-05-09T00:00:00.000Z,3002.9111,3050.2756,2996.5452,3044.0139,408794
2023-05-09T04:00:00.000Z,3045.1934,3055.5229,3025.9067,3027.302,261103
2023-05-09T12:00:00.000Z,3020.6375,3030.5037,2984.4087,3012.5896,429497
2023-05-10T00:00:00.000Z,3012.5896,3024.2642,2956.9487,2964.7524,473813
2023-05-10T04:00:00.000Z,2964.5161,2982.8408,2949.3289,2975.3389,209908
2023-05-10T12:00:00.000Z,2983.3076,2986.498,2962.3909,2979.1501,258754
2023-05-11T00:00:00.000Z,2974.0898,3007.166,2970.2422,2996.5227,379931
2023-05-11T04:00:00.000Z,2996.5227,2997.6001,2965.2954,2965.2954,182250
2023-05-11T12:00:00.000Z,2947.0554,3015.7676,2925.1143,3008.6304,567472
2023-05-12T00:00:00.000Z,3009.8643,3035.4778,2997.0422,3026.7957,318873
2023-05-12T04:00:00.000Z,3028.1543,3044.1475,3022.8579,3034.1555,156767
2023-05-12T12:00:00.000Z,3039.728,3040.2432,2989.1082,3007.134,325860
2023-05-15T00:00:00.000Z,3008.7734,3017.3989,2956.4272,2983.5374,478702
2023-05-15T04:00:00.000Z,2984.2046,3037.1699,2984.2046,3019.4197,340013
2023-05-15T12:00:00.000Z,3031.1311,3061.6174,3025.9417,3038.343,384219
2023-05-16T00:00:00.000Z,3032.5215,3065.3516,3014.7004,3056.2056,323697
2023-05-16T04:00:00.000Z,3052.7961,3057.6873,3039.116,3056.9094,144994
2023-05-16T12:00:00.000Z,3049.3147,3049.3147,3015.3821,3026.8008,344140
2023-05-17T00:00:00.000Z,3018.7666,3019.7173,2977.5164,2998.7974,422292
2023-05-17T04:00:00.000Z,2998.2773,3006.6497,2987.2932,3001.5916,136490
2023-05-17T12:00:00.000Z,2996.4968,3021.1191,2987.6096,2999.8799,385174
2023-05-18T00:00:00.000Z,2988.2317,3064.2625,2982.3926,3055.9229,535553
2023-05-18T04:00:00.000Z,3054.5344,3074.1521,3049.4138,3061.512,245003
2023-05-18T12:00:00.000Z,3055.3235,3092.3867,3048.3804,3057.6968,549903
2023-05-19T00:00:00.000Z,3051.6621,3065.8372,3034.0647,3057.1792,358126
2023-05-19T04:00:00.000Z,3057.2625,3068.3137,3011.4705,3019.8433,287716
2023-05-19T12:00:00.000Z,3023.4944,3043.1277,3010.0791,3032.2361,386543
2023-05-22T00:00:00.000Z,2997.0737,3007.3374,2973.9529,2978.3064,350027
2023-05-22T04:00:00.000Z,2978.6555,3041.6536,2971.4836,3008.126,295266
2023-05-22T12:00:00.000Z,3022.6951,3101.4358,3022.3379,3087.7749,588515
2023-05-23T00:00:00.000Z,3086.6335,3111.2952,3077.6614,3084.4558,284202
2023-05-23T04:00:00.000Z,3085.2666,3086.3611,3070.7366,3074.5559,157480
2023-05-23T12:00:00.000Z,3087.196,3088.5867,3034.3003,3043.6033,393333
2023-05-24T00:00:00.000Z,3044.1992,3070.1587,3035.4561,3042.8762,297393
2023-05-24T04:00:00.000Z,3042.9648,3047.5615,2996.8223,3007.2959,244604
2023-05-24T12:00:00.000Z,3006.4751,3031.9482,2991.2388,3029.0754,337865
2023-05-25T00:00:00.000Z,3017.4634,3021.5493,2971.6548,2984.7954,378952
2023-05-25T04:00:00.000Z,2985.29,2996.1575,2963.2678,2983.3223,188640
2023-05-25T12:00:00.000Z,2982.5828,2988.5002,2939.2988,2947.0239,418959
2023-05-26T00:00:00.000Z,2944.4707,2964.4043,2929.1689,2960.6687,293165
2023-05-26T04:00:00.000Z,2963.3079,2983.9187,2956.5093,2976.8506,168805
2023-05-26T12:00:00.000Z,2977.3845,2990.2039,2958.6997,2970.1411,295710
2023-05-29T00:00:00.000Z,2970.1411,3003.9265,2929.1707,2936.1479,533012
2023-05-29T04:00:00.000Z,2936.1479,2941.5239,2912.677,2918.7158,210968
2023-05-29T12:00:00.000Z,2909.3677,2925.8367,2891.4668,2903.4414,358747
2023-05-30T00:00:00.000Z,2902.7612,2922.9731,2898.5286,2906.7839,234062
2023-05-30T04:00:00.000Z,2904.1882,2920.6458,2897.8271,2910.7473,150963
2023-05-30T12:00:00.000Z,2906.8513,2925.4985,2892.855,2907.7886,407953
2023-05-31T00:00:00.000Z,2892.2236,2915.8762,2877.0627,2885.1646,386601
2023-05-31T04:00:00.000Z,2884.5681,2910.0935,2881.6956,2907.0576,156115
2023-05-31T12:00:00.000Z,2883.1372,2927.9717,2867.6582,2925.6272,368644
2023-06-01T00:00:00.000Z,2929.9641,2952.5947,2920.0315,2952.2158,243641
2023-06-01T04:00:00.000Z,2952.2158,2967.9036,2943.679,2954.0881,173402
2023-06-01T12:00:00.000Z,2958.6125,2963.5,2925.0342,2930.1392,337476
2023-06-02T00:00:00.000Z,2925.5652,2925.5652,2857.1899,2873.8657,524931
2023-06-02T04:00:00.000Z,2873.8657,2882.3682,2869.0874,2877.99,173275
2023-06-02T12:00:00.000Z,2874.8999,2939.7007,2872.7881,2926.3767,501368
2023-06-05T00:00:00.000Z,2934.218,3012.2373,2934.218,3006.1699,519458
2023-06-05T04:00:00.000Z,3005.573,3007.6636,2980.6677,2985.3027,186704
2023-06-05T12:00:00.000Z,2990.9094,3014.957,2984.5374,2997.4814,347624
2023-06-06T00:00:00.000Z,3009.6968,3010.271,2966.0737,2973.0037,331669
2023-06-06T04:00:00.000Z,2973.1235,2975.2817,2947.4998,2952.0007,245524
2023-06-06T12:00:00.000Z,2948.9651,2965.1411,2938.238,2957.1707,337053
2023-06-07T00:00:00.000Z,2958.6602,2966.397,2927.3567,2936.605,281311
2023-06-07T04:00:00.000Z,2936.1453,2951.376,2930.916,2949.4749,144427
2023-06-07T12:00:00.000Z,2951.9551,2981.1936,2951.0474,2972.0481,312411
2023-06-08T00:00:00.000Z,2971.1538,2975.6377,2937.0061,2938.3911,319910
2023-06-08T04:00:00.000Z,2938.8394,2945.0195,2926.6057,2934.8013,203467
2023-06-08T12:00:00.000Z,2947.4211,2957.688,2931.5857,2952.8064,281365
2023-06-09T00:00:00.000Z,2941.7219,2981.511,2939.7937,2964.5505,343455
2023-06-09T04:00:00.000Z,2963.8147,2973.6541,2959.9185,2971.4358,103122
2023-06-09T12:00:00.000Z,2974.4814,2996.1917,2967.1965,2983.6228,345722
2023-06-12T00:00:00.000Z,2985.2246,3013.0447,2972.7019,3000.438,316683
2023-06-12T04:00:00.000Z,3003.7283,3003.7283,2978.677,2982.1743,138751
2023-06-12T12:00:00.000Z,2984.2031,2991.5105,2968.8276,2988.8438,279474
2023-06-13T00:00:00.000Z,2979.7896,3004.8269,2971.8901,2995.0437,270581
2023-06-13T04:00:00.000Z,2996.988,3036.0505,2995.4717,3025.1184,287259
2023-06-13T12:00:00.000Z,3039.2258,3043.4966,3020.7402,3023.9805,246146
2023-06-14T00:00:00.000Z,3023.9805,3031.3269,3010.9763,3019.6047,215304
2023-06-14T04:00:00.000Z,3019.7407,3029.114,3002.8655,3009.5208,146095
2023-06-14T12:00:00.000Z,3002.209,3031.5701,2994.5022,3020.1772,324691
2023-06-15T00:00:00.000Z,3019.489,3050.1802,3014.5029,3042.7295,285185
2023-06-15T04:00:00.000Z,3043.9072,3069.4578,3039.3381,3057.9463,198658
2023-06-15T12:00:00.000Z,3062.8762,3110.6899,3059.697,3103.8176,451590
2023-06-16T00:00:00.000Z,3122.3179,3144.3071,3120.4365,3135.6667,360309
2023-06-16T04:00:00.000Z,3134.2749,3139.4607,3116.4573,3126.8044,158458
2023-06-16T12:00:00.000Z,3144.7014,3187.7822,3125.2341,3187.7822,475836
2023-06-19T00:00:00.000Z,3188.3438,3190.3762,3124.5146,3160.4885,387566
2023-06-19T04:00:00.000Z,3160.4885,3177.9792,3156.595,3172.0425,172578
2023-06-19T12:00:00.000Z,3165.2051,3230.5674,3162.7424,3226.4419,388985
2023-06-20T00:00:00.000Z,3230.967,3254.9673,3220.7332,3234.2637,427916
2023-06-20T04:00:00.000Z,3226.5088,3227.3586,3200.5828,3223.7476,236418
2023-06-20T12:00:00.000Z,3209.1294,3239.9856,3199.9514,3236.4861,420518
2023-06-21T00:00:00.000Z,3240.5952,3285.9739,3226.2085,3269.8889,518974
2023-06-21T04:00:00.000Z,3270.8242,3288.7813,3268.0828,3287.0269,199431
2023-06-26T00:00:00.000Z,3207.665,3264.9995,3201.1565,3259.9023,523374
2023-06-26T04:00:00.000Z,3260.1216,3266.1726,3248.7983,3264.0461,151020
2023-06-26T12:00:00.000Z,3265.8259,3286.1738,3252.9609,3256.6001,394674
2023-06-27T00:00:00.000Z,3253.6943,3253.6943,3200.5315,3222.7266,458815
2023-06-27T04:00:00.000Z,3221.4631,3240.0417,3212.364,3219.7043,215771
2023-06-27T12:00:00.000Z,3181.9451,3187.886,3152.3257,3178.3994,453695
2023-06-28T00:00:00.000Z,3177.4836,3218.7847,3162.7065,3204.8809,326934
2023-06-28T04:00:00.000Z,3209.0349,3219.1025,3198.3625,3206.1189,140054
2023-06-28T12:00:00.000Z,3176.2087,3210.5415,3170.6614,3188.5391,578425
2023-06-29T00:00:00.000Z,3195.9504,3211.7366,3185.7083,3200.0347,266479
2023-06-29T04:00:00.000Z,3199.2336,3235.3652,3194.175,3228.3059,310447
2023-06-29T12:00:00.000Z,3210.2671,3214.4246,3185.2915,3192.2773,435255
2023-06-30T00:00:00.000Z,3199.4202,3244.3389,3198.5073,3214.6487,468633
2023-06-30T04:00:00.000Z,3214.6487,3240.8169,3214.6487,3229.593,276833
2023-06-30T12:00:00.000Z,3216.6069,3244.9778,3208.835,3244.3926,397420
2023-07-03T00:00:00.000Z,3378.481,3440.5867,3360.2952,3436.5198,660596
2023-07-03T04:00:00.000Z,3440.6509,3452.4814,3439.4753,3450.7068,85399
2023-07-03T12:00:00.000Z,3453.9817,3456.1606,3375.0317,3382.3047,700551
2023-07-04T00:00:00.000Z,3373.4141,3411.8357,3357.7109,3374.8855,408885
2023-07-04T04:00:00.000Z,3374.8855,3394.9639,3367.4353,3383.4053,176082
2023-07-04T12:00:00.000Z,3358.8237,3371.9053,3346.3516,3366.2773,323236
2023-07-05T00:00:00.000Z,3365.4102,3390.3931,3350.873,3366.0383,350197
2023-07-05T04:00:00.000Z,3366.0383,3375.4565,3360.9241,3367.3279,150891
2023-07-05T12:00:00.000Z,3349.9585,3377.9199,3340.7024,3346.6072,441312
2023-07-06T00:00:00.000Z,3333.8132,3413.8792,3329.2581,3402.4314,593801
2023-07-06T04:00:00.000Z,3397.9458,3433.5034,3393.0164,3432.6633,294480
2023-07-06T12:00:00.000Z,3418.3499,3457.1074,3417.3574,3449.2461,782478
2023-07-07T00:00:00.000Z,3449.0471,3454.1936,3389.6328,3405.9099,631162
2023-07-07T04:00:00.000Z,3407.2891,3411.6899,3384.2107,3404.8667,271088
2023-07-07T12:00:00.000Z,3394.9629,3396.5254,3354.6321,3370.7351,445955
2023-07-10T00:00:00.000Z,3371.2097,3398.7153,3344.6404,3362.9885,475908
2023-07-10T04:00:00.000Z,3363.4988,3394.8743,3361.7939,3392.5149,248021
2023-07-10T12:00:00.000Z,3397.4063,3439.3604,3392.9038,3425.4409,649086
2023-07-11T00:00:00.000Z,3436.3484,3440.1262,3389.6965,3396.8523,391290
2023-07-11T04:00:00.000Z,3399.0769,3403.9246,3378.1936,3395.8315,224687
2023-07-11T12:00:00.000Z,3409.0613,3411.6223,3388.2637,3403.4631,330998
2023-07-12T00:00:00.000Z,3422.8015,3474.3652,3420.7573,3463.1179,479189
2023-07-12T04:00:00.000Z,3463.6846,3464.0098,3434.0623,3437.1389,246856
2023-07-12T12:00:00.000Z,3448.2908,3488.9685,3434.0916,3486.7529,497127
2023-07-13T00:00:00.000Z,3425.3252,3438.3081,3389.4912,3434.7036,544523
2023-07-13T04:00:00.000Z,3433.248,3487.7966,3430.4058,3485.6677,360133
2023-07-13T12:00:00.000Z,3495.2778,3529.8328,3489.6226,3512.5811,701980
2023-07-14T00:00:00.000Z,3527.7732,3539.8005,3486.104,3514.4861,446954
2023-07-14T04:00:00.000Z,3513.5664,3513.5664,3471.3081,3482.6423,283360
2023-07-14T12:00:00.000Z,3489.6194,3516.0718,3459.0581,3497.605,578476
2023-07-17T00:00:00.000Z,3523.3611,3531.001,3470.4802,3477.832,565360
2023-07-17T04:00:00.000Z,3479.698,3482.2385,3448.9011,3456.9526,299413
2023-07-17T12:00:00.000Z,3465.9512,3479.2661,3452.2854,3470.7695,467673
2023-07-18T00:00:00.000Z,3477.9182,3515.6658,3470.46,3507.5679,370661
2023-07-18T04:00:00.000Z,3506.9954,3506.9954,3421.689,3430.0894,535703
2023-07-18T12:00:00.000Z,3446.9958,3476.219,3436.1077,3469.8167,537703
2023-07-19T00:00:00.000Z,3472.0859,3508.1812,3459.0779,3492.1243,563379
2023-07-19T04:00:00.000Z,3492.3914,3497.896,3472.2388,3497.0361,300594
2023-07-19T12:00:00.000Z,3525.3462,3573.959,3522.6755,3545.2202,704590
2023-07-20T00:00:00.000Z,3537.2966,3541.1262,3493.1235,3508.2178,549432
2023-07-20T04:00:00.000Z,3508.6008,3540.0349,3501.0645,3535.168,281178
2023-07-20T12:00:00.000Z,3528.489,3530.936,3454.8879,3469.5996,815502
2023-07-21T00:00:00.000Z,3467.3337,3518.4109,3461.2368,3503.9153,458375
2023-07-21T04:00:00.000Z,3498.1802,3498.1802,3459.2776,3484.699,345566
2023-07-21T12:00:00.000Z,3463.9043,3515.894,3459.2346,3500.9712,528764
2023-07-24T00:00:00.000Z,3511.7676,3515.9607,3450.9192,3491.5137,645905
2023-07-24T04:00:00.000Z,3490.7134,3493.2397,3433.5422,3442.7529,334369
2023-07-24T12:00:00.000Z,3454.1541,3462.7651,3428.5027,3453.3687,439811
2023-07-25T00:00:00.000Z,3463.6621,3510.4912,3450.8447,3510.2014,523365
2023-07-25T04:00:00.000Z,3505.6353,3509.6411,3484.1851,3496.8237,283687
2023-07-25T12:00:00.000Z,3480.8958,3497.3005,3471.5369,3485.4009,365051
2023-07-26T00:00:00.000Z,3485.7893,3486.3557,3436.2317,3466.8152,572180
2023-07-26T04:00:00.000Z,3464.7385,3479.3582,3452.8035,3472.0276,229540
2023-07-26T12:00:00.000Z,3462.5442,3514.3965,3448.8525,3505.1182,486143
2023-07-27T00:00:00.000Z,3506.4827,3563.6299,3483.5164,3495.7224,722871
2023-07-27T04:00:00.000Z,3496.8979,3505.4255,3476.7703,3484.3943,335096
2023-07-27T12:00:00.000Z,3481.0911,3505.3176,3466.5703,3496.0454,435328
2023-07-28T00:00:00.000Z,3468.0334,3474.1702,3428.8406,3443.2058,476201
2023-07-28T04:00:00.000Z,3442.8508,3452.7102,3435.696,3442.4688,205420
2023-07-28T12:00:00.000Z,3424.9578,3429.5879,3362.3799,3363.3699,523374
2023-07-31T00:00:00.000Z,3336.4761,3340.9255,3310.2136,3321.4453,484404
2023-07-31T04:00:00.000Z,3319.5691,3350.012,3316.3848,3346.0054,260549
2023-07-31T12:00:00.000Z,3330.9521,3380.7332,3327.4104,3363.8938,455487
2023-08-01T00:00:00.000Z,3355.1899,3396.3379,3355.0967,3378.7097,402729
2023-08-01T04:00:00.000Z,3376.4575,3390.1267,3356.7808,3375.5486,247188
2023-08-01T12:00:00.000Z,3360.4285,3374.1768,3336.5479,3361.751,461528
2023-08-02T00:00:00.000Z,3371.6875,3394.5813,3358.6338,3361.8293,395579
2023-08-02T04:00:00.000Z,3362.6636,3397.531,3360.6685,3381.5061,213260
2023-08-02T12:00:00.000Z,3349.041,3362.2114,3315.478,3320.2751,462798
2023-08-03T00:00:00.000Z,3326.5271,3361.2651,3305.054,3340.0491,449104
2023-08-03T04:00:00.000Z,3339.6682,3412.3486,3339.6682,3405.2246,472317
2023-08-03T12:00:00.000Z,3411.9429,3445.3655,3404.2046,3438.5376,459960
2023-08-04T00:00:00.000Z,3441.9216,3441.9216,3403.3413,3425.9426,389940
2023-08-04T04:00:00.000Z,3425.9426,3436.1738,3417.3643,3430.2722,185584
2023-08-04T12:00:00.000Z,3419.5732,3435.6257,3385.2334,3418.8245,404769
2023-08-07T00:00:00.000Z,3390.0798,3448.8235,3381.0254,3411.9299,535407
2023-08-07T04:00:00.000Z,3409.2874,3426.698,3401.5415,3418.9204,209660
2023-08-07T12:00:00.000Z,3397.2368,3399.155,3327.9373,3338.1152,509610
2023-08-08T00:00:00.000Z,3351.8606,3380.1221,3344.2976,3369.4705,418784
2023-08-08T04:00:00.000Z,3368.7622,3389.2808,3362.9656,3375.1145,217847
2023-08-08T12:00:00.000Z,3344.3599,3393.5239,3329.4282,3390.127,450843
2023-08-09T00:00:00.000Z,3409.0046,3461.7917,3402.7791,3410.7917,645477
2023-08-09T04:00:00.000Z,3410.5754,3415.3079,3393.521,3408.5288,244961
2023-08-09T12:00:00.000Z,3396.1233,3405.0818,3383.0837,3397.2366,311626
2023-08-10T00:00:00.000Z,3392.9321,3397.9758,3340.6311,3366.2085,446403
2023-08-10T04:00:00.000Z,3366.74,3430.0874,3364.3196,3427.1284,359434
2023-08-10T12:00:00.000Z,3424.7141,3465.2122,3421.9824,3429.1528,553610
2023-08-11T00:00:00.000Z,3428.8796,3433.3708,3384.0337,3414.8464,520227
2023-08-11T04:00:00.000Z,3414.7583,3433.5676,3410.6528,3425.418,259804
2023-08-11T12:00:00.000Z,3415.3616,3415.573,3363.4531,3381.3582,399382
2023-08-14T00:00:00.000Z,3379.8174,3454.0103,3372.9766,3441.021,576016
2023-08-14T04:00:00.000Z,3441.021,3465.8792,3433.6062,3455.1377,215615
2023-08-14T12:00:00.000Z,3437.5186,3470.833,3425.9185,3464.8298,404363
2023-08-15T00:00:00.000Z,3458.3975,3464.8804,3422.156,3454.9863,433621
2023-08-15T04:00:00.000Z,3449.7437,3468.5146,3444.0898,3453.6858,230304
2023-08-15T12:00:00.000Z,3423.6196,3452.2944,3423.0405,3434.6108,357648
2023-08-16T00:00:00.000Z,3423.2217,3459.4414,3414.4685,3459.1418,333711
2023-08-16T04:00:00.000Z,3458.5137,3489.2944,3458.5137,3480.1282,276707
2023-08-16T12:00:00.000Z,3466.5742,3512.8445,3460.8904,3503.6736,475952
2023-08-17T00:00:00.000Z,3502.8933,3535.9583,3490.0874,3535.3833,495971
2023-08-17T04:00:00.000Z,3534.7224,3560.7937,3531.1938,3537.677,350363
2023-08-17T12:00:00.000Z,3522.2407,3569.2791,3520.8848,3561.5303,422271
2023-08-18T00:00:00.000Z,3565.6567,3583.9241,3553.2141,3577.5752,419366
2023-08-18T04:00:00.000Z,3576.6655,3587.5293,3562.1777,3584.76,225771
2023-08-18T12:00:00.000Z,3574.0935,3633.3386,3563.3164,3619.0142,573180
2023-08-21T00:00:00.000Z,3659.5732,3686.8267,3629.9597,3659.6348,647452
2023-08-21T04:00:00.000Z,3659.1653,3666.0947,3646.9739,3660.6721,221868
2023-08-21T12:00:00.000Z,3645.4976,3647.0649,3568.8003,3568.8003,620250
2023-08-22T00:00:00.000Z,3583.0776,3602.9438,3507.4717,3514.2888,542954
2023-08-22T04:00:00.000Z,3513.5176,3513.5176,3470.6685,3491.5359,407065
2023-08-22T12:00:00.000Z,3490.5029,3496.2449,3456.6411,3472.2322,460419
2023-08-23T00:00:00.000Z,3467.3506,3510.5234,3459.842,3495.24,348185
2023-08-23T04:00:00.000Z,3494.8628,3495.7991,3436.3838,3443.4578,300081
2023-08-23T12:00:00.000Z,3435.5212,3442.509,3414.7888,3431.8618,393105
2023-08-24T00:00:00.000Z,3458.1492,3467.1816,3425.4695,3446.5698,382906
2023-08-24T04:00:00.000Z,3447.3916,3450.5117,3418.0776,3430.0632,212513
2023-08-24T12:00:00.000Z,3420.5798,3464.3467,3398.967,3455.1953,435276
2023-08-25T00:00:00.000Z,3462.1868,3539.0554,3449.3506,3535.0767,497906
2023-08-25T04:00:00.000Z,3535.032,3535.032,3481.478,3486.5452,275530
2023-08-25T12:00:00.000Z,3497.0195,3503.5879,3466.8608,3474.7002,382386
2023-08-28T00:00:00.000Z,3505.1638,3569.6387,3497.5251,3543.1519,640176
2023-08-28T04:00:00.000Z,3543.175,3554.0632,3497.3225,3500.9673,307622
2023-08-28T12:00:00.000Z,3498.8813,3551.5828,3498.8413,3532.2134,441249
2023-08-29T00:00:00.000Z,3524.4028,3530.5952,3484.5181,3528.5369,455656
2023-08-29T04:00:00.000Z,3528.5369,3535.3657,3482.4768,3485.1406,243795
2023-08-29T12:00:00.000Z,3471.7612,3501.1631,3447.8098,3498.9995,449788
2023-08-30T00:00:00.000Z,3486.8721,3502.3113,3445.9807,3487.8108,413933
2023-08-30T04:00:00.000Z,3487.8108,3493.0303,3464.3521,3482.4292,174579
2023-08-30T12:00:00.000Z,3498.3706,3519.5996,3471.3247,3487.5972,407141
2023-08-31T00:00:00.000Z,3493.4929,3537.6497,3479.0886,3492.4321,453562
2023-08-31T04:00:00.000Z,3490.793,3515.5659,3480.3999,3490.6272,254932
2023-08-31T12:00:00.000Z,3485.397,3502.1211,3457.2356,3500.4167,482192
2023-09-01T00:00:00.000Z,3480.8677,3494.8303,3443.127,3454.7947,486721
2023-09-01T04:00:00.000Z,3455.3594,3478.0784,3424.4761,3474.0161,347782
2023-09-01T12:00:00.000Z,3472.8887,3502.1968,3436.7319,3455.5759,513588
2023-09-04T00:00:00.000Z,3449.1606,3454.323,3345.4399,3351.9644,712566
2023-09-04T04:00:00.000Z,3351.9644,3368.1738,3342.5269,3344.2813,266073
2023-09-04T12:00:00.000Z,3338.0679,3365.5745,3332.8577,3351.4185,373556
2023-09-05T00:00:00.000Z,3363.1667,3415.4194,3363.1667,3390.0818,520834
2023-09-05T04:00:00.000Z,3390.8738,3392.5767,3355.3394,3370.6538,211387
2023-09-05T12:00:00.000Z,3376.9963,3405.9067,3369.3,3395.7666,344082
2023-09-06T00:00:00.000Z,3401.0708,3428.2002,3398.8284,3412.4517,400578
2023-09-06T04:00:00.000Z,3413.2834,3431.2764,3408.4727,3418.6206,176642
2023-09-06T12:00:00.000Z,3430.1997,3454.0803,3423.1897,3429.2813,380085
2023-09-07T00:00:00.000Z,3421.2683,3444.1045,3405.0107,3419.3135,401696
2023-09-07T04:00:00.000Z,3418.135,3449.0449,3410.4111,3439.2261,271753
2023-09-07T12:00:00.000Z,3441.1985,3441.6846,3361.3591,3366.365,533133
2023-09-08T00:00:00.000Z,3361.5188,3361.627,3303.6038,3309.0503,579143
2023-09-08T04:00:00.000Z,3308.626,3337.2263,3291.9731,3302.5273,284971
2023-09-08T12:00:00.000Z,3315.4805,3324.1819,3288.9756,3319.3911,359260
2023-09-11T00:00:00.000Z,3325.1904,3359.0349,3322.3079,3336.7512,380185
2023-09-11T04:00:00.000Z,3339.0952,3368.3645,3319.083,3358.0313,281047
2023-09-11T12:00:00.000Z,3361.9167,3367.8154,3348.1746,3360.1528,291896
2023-09-12T00:00:00.000Z,3363.7273,3384.5657,3318.0642,3320.2283,461134
2023-09-12T04:00:00.000Z,3318.7561,3329.0662,3278.7273,3284.1321,348057
2023-09-12T12:00:00.000Z,3280.0491,3294.9087,3222.6228,3225.843,562303
2023-09-13T00:00:00.000Z,3212.7593,3222.781,3185.1235,3202.5125,510725
2023-09-13T04:00:00.000Z,3201.7258,3218.2581,3188.4207,3214.7432,201611
2023-09-13T12:00:00.000Z,3218.772,3220.4216,3158.9106,3173.7607,513373
2023-09-14T00:00:00.000Z,3192.2629,3208.55,3175.9109,3188.5112,429841
2023-09-14T04:00:00.000Z,3188.5112,3189.9119,3167.5339,3181.0535,212390
2023-09-14T12:00:00.000Z,3181.0808,3199.3533,3166.7085,3199.3533,384782
2023-09-15T00:00:00.000Z,3210.3809,3255.7805,3200.8752,3251.1255,463346
2023-09-15T04:00:00.000Z,3251.1255,3258.6533,3230.5046,3253.7095,222211
2023-09-15T12:00:00.000Z,3235.6848,3267.7576,3220.78,3246.209,398681
2023-09-18T00:00:00.000Z,3238.0884,3249.6519,3170.1191,3209.1707,554525
2023-09-18T04:00:00.000Z,3210.2754,3224.3757,3203.0288,3222.0132,182469
2023-09-18T12:00:00.000Z,3218.4907,3228.0603,3179.4504,3191.8589,382036
2023-09-19T00:00:00.000Z,3186.2029,3198.6211,3156.9988,3180.1841,454507
2023-09-19T04:00:00.000Z,3178.4124,3194.3652,3164.4565,3178.7959,280257
2023-09-19T12:00:00.000Z,3186.6919,3218.511,3168.1167,3217.7644,391982
2023-09-20T00:00:00.000Z,3217.4529,3219.4485,3171.9026,3202.916,384294
2023-09-20T04:00:00.000Z,3203.5881,3239.7837,3203.5881,3225.6694,371077
2023-09-20T12:00:00.000Z,3224.4731,3225.2925,3196.3188,3203.54,369912
2023-09-21T00:00:00.000Z,3203.0803,3220.9106,3151.4541,3168.2559,478567
2023-09-21T04:00:00.000Z,3168.2559,3170.7893,3149.748,3160.8293,198410
2023-09-21T12:00:00.000Z,3140.8892,3162.2317,3115.8118,3153.9922,530823
2023-09-22T00:00:00.000Z,3143.5696,3166.7971,3126.6885,3150.7437,356522
2023-09-22T04:00:00.000Z,3151.1997,3173.2727,3143.9275,3154.3625,238197
2023-09-22T12:00:00.000Z,3155.7668,3189.8445,3146.3987,3187.897,463863
2023-09-25T00:00:00.000Z,3183.0581,3212.4111,3142.3889,3170.5068,637293
2023-09-25T04:00:00.000Z,3170.0552,3175.6973,3145.1362,3146.0078,277535
2023-09-25T12:00:00.000Z,3143.8018,3150.9109,3103.6946,3112.2568,453155
2023-09-26T00:00:00.000Z,3133.5911,3191.9727,3133.5911,3178.2129,556539
2023-09-26T04:00:00.000Z,3176.9402,3179.3572,3129.3728,3135.2427,257938
2023-09-26T12:00:00.000Z,3129.2673,3131.0601,3063.8235,3075.8477,658790
2023-09-27T00:00:00.000Z,3091.3669,3152.0903,3080.7068,3146.0872,577078
2023-09-27T04:00:00.000Z,3146.0872,3171.1941,3140.8672,3156.8384,273518
2023-09-27T12:00:00.000Z,3138.6965,3172.5308,3135.6597,3145.9055,396779
2023-09-28T00:00:00.000Z,3136.6428,3152.6414,3079.9973,3091.2024,503920
2023-09-28T04:00:00.000Z,3091.9639,3106.3662,3089.5002,3097.0449,211510
2023-10-09T00:00:00.000Z,3029.9111,3035.7449,2973.9543,2997.8672,547039
2023-10-09T04:00:00.000Z,2997.8672,3008.1167,2966.8071,2973.1289,226943
2023-10-09T12:00:00.000Z,2968.0085,2974.7124,2936.4197,2946.9001,397326
2023-10-10T00:00:00.000Z,2943.6611,2955.4778,2918.9534,2941.9277,378521
2023-10-10T04:00:00.000Z,2939.8,2944.1418,2913.916,2918.3003,239909
2023-10-10T12:00:00.000Z,2916.6323,2928.3403,2898.7517,2905.9966,358027
2023-10-11T00:00:00.000Z,2914.6487,2922.7642,2882.7573,2890.3555,374713
2023-10-11T04:00:00.000Z,2890.9763,2892.394,2856.7234,2874.0168,364448
2023-10-11T12:00:00.000Z,2859.8569,2877.1948,2849.2676,2859.9744,379232
2023-10-12T00:00:00.000Z,2869.3442,2884.5017,2860.8743,2871.8745,329029
2023-10-12T04:00:00.000Z,2876.7708,2880.2607,2863.3992,2878.9353,201810
2023-10-12T12:00:00.000Z,2876.259,2882.9368,2843.3777,2847.9431,350597
2023-10-13T00:00:00.000Z,2897.876,2903.0222,2871.9424,2889.47,427050
2023-10-13T04:00:00.000Z,2890.5525,2894.2451,2879.1436,2892.2866,167956
2023-10-13T12:00:00.000Z,2898.178,2907.9922,2852.7432,2858.9309,418309
2023-10-16T00:00:00.000Z,2869.563,2908.833,2861.2898,2902.3877,430351
2023-10-16T04:00:00.000Z,2902.3877,2914.2813,2901.5034,2906.1489,182788
2023-10-16T12:00:00.000Z,2896.4565,2917.854,2894.6743,2901.21,363646
2023-10-17T00:00:00.000Z,2911.7993,2911.7993,2880.3037,2891.1533,356294
2023-10-17T04:00:00.000Z,2888.5552,2904.9844,2888.5552,2893.7622,186404
2023-10-17T12:00:00.000Z,2897.1274,2912.3909,2891.2415,2911.1895,318897
2023-10-18T00:00:00.000Z,2924.8022,2934.2217,2881.4709,2883.97,408986
2023-10-18T04:00:00.000Z,2883.4995,2893.6372,2861.7717,2863.2427,236956
2023-10-18T12:00:00.000Z,2864.8923,2872.9041,2847.0305,2864.3118,367426
2023-10-19T00:00:00.000Z,2886.9331,2907.5383,2879.5681,2895.1196,330765
2023-10-19T04:00:00.000Z,2895.9656,2898.8228,2875.7163,2885.261,171613
2023-10-19T12:00:00.000Z,2891.4529,2921.5183,2881.5283,2889.178,500743
2023-10-20T00:00:00.000Z,2908.811,2928.2476,2888.1746,2902.7878,456211
2023-10-20T04:00:00.000Z,2902.7878,2902.8887,2877.4346,2889.521,242592
2023-10-20T12:00:00.000Z,2884.4636,2945.207,2879.1433,2940.5513,546394
2023-10-23T00:00:00.000Z,2930.0483,2933.5413,2872.532,2929.2271,690210
2023-10-23T04:00:00.000Z,2930.1431,2932.7876,2891.1521,2905.9434,295352
2023-10-23T12:00:00.000Z,2903.4128,2907.6641,2879.6028,2896.9104,464660
2023-10-24T00:00:00.000Z,2883.4563,2887.2488,2851.9299,2869.5305,541951
2023-10-24T04:00:00.000Z,2868.1587,2892.0117,2857.873,2888.2031,236680
2023-10-24T12:00:00.000Z,2890.7722,2916.5894,2890.7722,2910.8245,471848
2023-10-25T00:00:00.000Z,2931.6011,2975.3535,2929.5593,2935.1304,591593
2023-10-25T04:00:00.000Z,2935.1304,2935.9041,2893.9663,2893.9663,383252
2023-10-25T12:00:00.000Z,2889.9617,2890.9324,2865.0659,2871.842,474675
2023-10-26T00:00:00.000Z,2871.842,2895.8037,2855.9519,2883.1226,455415
2023-10-26T04:00:00.000Z,2883.9348,2893.9875,2873.8674,2889.2942,253734
2023-10-26T12:00:00.000Z,2887.6377,2908.6506,2884.8555,2906.1199,472804
2023-10-27T00:00:00.000Z,2892.7629,2907.8601,2886.3735,2890.8909,357188
2023-10-27T04:00:00.000Z,2892.2554,2912.0271,2892.2554,2905.2646,215877
2023-10-27T12:00:00.000Z,2914.8313,2938.3789,2911.2522,2925.9631,452245
2023-10-30T00:00:00.000Z,2932.2502,2974.4148,2932.2502,2946.7637,614188
2023-10-30T04:00:00.000Z,2946.7637,2953.76,2936.2393,2943.6016,215144
2023-10-30T12:00:00.000Z,2932.1875,2932.1875,2881.4436,2882.7883,654805
2023-10-31T00:00:00.000Z,2869.9531,2873.0508,2843.7671,2856.8286,563194
2023-10-31T04:00:00.000Z,2857.4155,2864.3042,2849.3721,2849.4309,178675
2023-10-31T12:00:00.000Z,2857.6499,2872.6001,2835.0198,2860.8005,620590
2023-11-01T00:00:00.000Z,2853.2866,2855.2031,2815.9424,2829.4165,521135
2023-11-01T04:00:00.000Z,2828.5986,2845.8286,2819.7375,2841.3606,261390
2023-11-01T12:00:00.000Z,2844.5327,2858.6628,2840.5808,2851.6274,379306
2023-11-02T00:00:00.000Z,2852.0986,2878.7732,2850.2332,2872.552,447736
2023-11-02T04:00:00.000Z,2872.552,2898.2319,2872.4519,2887.9507,332992
2023-11-02T12:00:00.000Z,2885.8496,2910.554,2878.6697,2881.2969,487151
2023-11-03T00:00:00.000Z,2882.7944,2921.6267,2880.6956,2918.7322,411179
2023-11-03T04:00:00.000Z,2918.7322,2929.1021,2913.887,2926.5776,213389
2023-11-03T12:00:00.000Z,2936.803,2941.9656,2921.6975,2939.9617,364583
2023-11-06T00:00:00.000Z,2957.0972,2989.5427,2948.8628,2967.7046,545147
2023-11-06T04:00:00.000Z,2967.7046,2986.9163,2963.146,2973.9617,222743
2023-11-06T12:00:00.000Z,2971.4126,2974.9578,2953.3096,2962.3274,350279
2023-11-07T00:00:00.000Z,2966.9546,3036.3611,2965.5066,3026.2686,687678
2023-11-07T04:00:00.000Z,3026.4143,3039.1755,3010.9678,3015.2549,310043
2023-11-07T12:00:00.000Z,3015.3284,3053.8489,3012.1887,3053.8489,486115
2023-11-08T00:00:00.000Z,3033.6348,3060.7683,3023.2036,3048.6116,488537
2023-11-08T04:00:00.000Z,3048.1907,3048.1907,3023.7285,3024.1172,390864
2023-11-08T12:00:00.000Z,3039.2612,3043.7795,3021.406,3026.3906,382891
2023-11-09T00:00:00.000Z,3003.0122,3032.0088,3001.2864,3014.7727,425164
2023-11-09T04:00:00.000Z,3014.0254,3030.5662,3011.4897,3024.7043,224710
2023-11-09T12:00:00.000Z,3021.0281,3025.7852,2974.2239,2983.1992,598359
2023-11-10T00:00:00.000Z,2965.6177,2969.781,2912.0388,2920.0034,620449
2023-11-10T04:00:00.000Z,2918.9612,2924.7085,2902.623,2904.178,257955
2023-11-10T12:00:00.000Z,2902.2092,2911.907,2889.1404,2899.6904,400496
2023-11-13T00:00:00.000Z,2903.238,2928.6157,2896.678,2915.2573,372128
2023-11-13T04:00:00.000Z,2917.446,2927.2942,2911.0486,2924.6648,153308
2023-11-13T12:00:00.000Z,2929.9258,2939.2537,2914.4663,2937.5537,338218
2023-11-14T00:00:00.000Z,2967.6787,2984.8125,2950.124,2969.0415,470840
2023-11-14T04:00:00.000Z,2968.5188,2972.2468,2959.2395,2961.7686,137777
2023-11-14T12:00:00.000Z,2955.0261,2979.563,2946.8772,2959.8335,404197
2023-11-15T00:00:00.000Z,2982.6851,2997.6567,2971.3108,2978.5806,344859
2023-11-15T04:00:00.000Z,2978.2073,2981.0105,2967.5972,2980.5823,170261
2023-11-15T12:00:00.000Z,2985.481,2988.2075,2955.5129,2968.1714,360818
2023-11-16T00:00:00.000Z,2964.0383,2983.5161,2955.448,2958.7893,302548
2023-11-16T04:00:00.000Z,2960.5828,2977.8926,2953.7505,2973.7822,182524
2023-11-16T12:00:00.000Z,2953.0901,2960.75,2896.3584,2896.842,527716
2023-11-17T00:00:00.000Z,2903.2556,2903.2556,2874.8186,2895.2756,456250
2023-11-17T04:00:00.000Z,2894.1877,2896.1899,2879.7593,2883.9285,195830
2023-11-17T12:00:00.000Z,2888.7529,2890.1108,2866.968,2872.7239,351075
2023-11-20T00:00:00.000Z,2872.8782,2894.9526,2860.3032,2886.8589,385063
2023-11-20T04:00:00.000Z,2886.8589,2892.6111,2871.575,2872.9604,158543
2023-11-20T12:00:00.000Z,2871.5833,2882.6362,2853.0444,2859.7471,362138
2023-11-21T00:00:00.000Z,2887.4905,2899.4021,2873.21,2880.3123,353018
2023-11-21T04:00:00.000Z,2882.4246,2890.9871,2867.5027,2890.9619,245097
2023-11-21T12:00:00.000Z,2891.1812,2930.2202,2890.1941,2927.0684,406605
2023-11-22T00:00:00.000Z,2912.5911,2918.8391,2877.2393,2888.2297,384275
2023-11-22T04:00:00.000Z,2887.2957,2889.116,2840.3604,2853.3376,387041
2023-11-22T12:00:00.000Z,2849.8625,2868.3809,2827.1086,2865.4434,495774
2023-11-23T00:00:00.000Z,2854.7151,2875.9241,2840.0068,2847.9517,385757
2023-11-23T04:00:00.000Z,2847.5508,2868.5369,2840.4917,2854.0872,240187
2023-11-23T12:00:00.000Z,2853.5549,2866.533,2846.3704,2862.0742,263206
2023-11-24T00:00:00.000Z,2861.4165,2884.5227,2856.3042,2875.5134,300973
2023-11-24T04:00:00.000Z,2875.5134,2887.5972,2866.1692,2884.0989,207358
2023-11-24T12:00:00.000Z,2878.2932,2911.6409,2876.8381,2900.6274,378548
2023-11-27T00:00:00.000Z,2875.2522,2887.0813,2829.2756,2834.062,491349
2023-11-27T04:00:00.000Z,2833.5637,2838.0654,2819.3203,2827.4448,182431
2023-11-27T12:00:00.000Z,2836.3091,2842.501,2770.3181,2784.9333,581985
2023-11-28T00:00:00.000Z,2784.446,2833.9351,2781.5044,2826.0417,413836
2023-11-28T04:00:00.000Z,2824.6765,2840.8562,2817.7034,2836.6262,172541
2023-11-28T12:00:00.000Z,2840.8774,2850.9805,2826.926,2831.9036,285466
2023-11-29T00:00:00.000Z,2842.0422,2845.1179,2814.9995,2837.1702,351326
2023-11-29T04:00:00.000Z,2837.1702,2844.3757,2829.2678,2835.3584,155720
2023-11-29T12:00:00.000Z,2844.7798,2861.1204,2824.1084,2825.8367,362097
2023-11-30T00:00:00.000Z,2831.4788,2847.4705,2815.8447,2825.7449,401762
2023-11-30T04:00:00.000Z,2827.3149,2847.7627,2824.2786,2836.7979,171642
2023-11-30T12:00:00.000Z,2826.5999,2841.6243,2812.7932,2823.7109,328257
2023-12-01T00:00:00.000Z,2819.854,2823.8213,2756.9534,2758.1414,535454
2023-12-01T04:00:00.000Z,2755.739,2766.0354,2742.5876,2757.6482,266347
2023-12-01T12:00:00.000Z,2756.2734,2792.4172,2754.5498,2782.6919,431930
2023-12-04T00:00:00.000Z,2772.019,2774.3943,2742.8806,2755.7822,341704
2023-12-04T04:00:00.000Z,2755.7822,2766.2205,2735.2144,2740.7263,195383
2023-12-04T12:00:00.000Z,2742.7585,2791.3083,2742.7585,2787.7158,437762
2023-12-05T00:00:00.000Z,2760.7505,2794.6238,2758.0381,2761.8625,457241
2023-12-05T04:00:00.000Z,2762.1125,2782.5012,2756.2266,2773.2917,175771
2023-12-05T12:00:00.000Z,2771.3005,2780.4727,2753.5515,2759.2432,304689
2023-12-06T00:00:00.000Z,2765.4617,2792.0854,2753.301,2786.1184,365984
2023-12-06T04:00:00.000Z,2785.8716,2803.7419,2785.8716,2801.5776,231887
2023-12-06T12:00:00.000Z,2806.3845,2820.137,2787.0066,2789.1516,351854
2023-12-07T00:00:00.000Z,2784.8477,2809.1389,2763.604,2801.3733,345144
2023-12-07T04:00:00.000Z,2801.8044,2817.7695,2801.8044,2813.8142,176675
2023-12-07T12:00:00.000Z,2825.2898,2844.4246,2815.6804,2816.6182,378071
2023-12-08T00:00:00.000Z,2827.0752,2852.7666,2819.5903,2845.8711,306306
2023-12-08T04:00:00.000Z,2845.6775,2855.865,2838.1846,2851.1943,134783
2023-12-08T12:00:00.000Z,2856.1211,2907.7534,2852.1544,2903.0227,452867
2023-12-11T00:00:00.000Z,2873.9938,2888.2628,2859.3161,2865.2935,363583
2023-12-11T04:00:00.000Z,2865.2935,2874.64,2856.2393,2869.4565,163822
2023-12-11T12:00:00.000Z,2873.8563,2888.8433,2862.9966,2880.624,261929
2023-12-12T00:00:00.000Z,2899.4664,2919.6929,2891.996,2904.2606,357030
2023-12-12T04:00:00.000Z,2902.791,2914.8266,2895.8188,2914.1995,128829
2023-12-12T12:00:00.000Z,2906.915,2919.6554,2880.1073,2887.203,307722
2023-12-13T00:00:00.000Z,2881.3979,2904.6778,2873.2623,2893.0939,285241
2023-12-13T04:00:00.000Z,2891.484,2896.2941,2876.9688,2894.2851,209409
2023-12-13T12:00:00.000Z,2893.5853,2894.8906,2852.0997,2863.1568,456153
2023-12-14T00:00:00.000Z,2860.9882,2879.3317,2847.6122,2857.9076,323571
2023-12-14T04:00:00.000Z,2857.8001,2860.6284,2838.9954,2848.2713,132505
2023-12-14T12:00:00.000Z,2853.1521,2874.8106,2847.6505,2869.9534,324756
2023-12-15T00:00:00.000Z,2873.1173,2892.7475,2863.5057,2864.0631,307070
2023-12-15T04:00:00.000Z,2863.5057,2863.5057,2846.9487,2847.4937,173401
2023-12-15T12:00:00.000Z,2851.7339,2855.6477,2825.1705,2825.7707,285262
2023-12-18T00:00:00.000Z,2835.6966,2835.6966,2783.7148,2792.1103,367960
2023-12-18T04:00:00.000Z,2792.6713,2802.7303,2786.6911,2802.0419,141275
2023-12-18T12:00:00.000Z,2804.4146,2838.3904,2799.6145,2831.7388,360097
2023-12-19T00:00:00.000Z,2844.9854,2851.615,2831.6714,2834.435,277932
2023-12-19T04:00:00.000Z,2834.435,2834.6232,2816.4957,2819.797,141884
2023-12-19T12:00:00.000Z,2814.3163,2843.4006,2805.3291,2827.9113,376856
2023-12-20T00:00:00.000Z,2825.0596,2836.4585,2801.1735,2816.9453,301908
2023-12-20T04:00:00.000Z,2818.2166,2828.1754,2806.1045,2813.875,178044
2023-12-20T12:00:00.000Z,2815.6256,2835.2449,2796.4282,2828.1461,390877
2023-12-21T00:00:00.000Z,2826.4068,2831.247,2794.2552,2801.0542,318703
2023-12-21T04:00:00.000Z,2801.6132,2858.0581,2798.4666,2851.922,333875
2023-12-21T12:00:00.000Z,2858.6858,2868.794,2798.603,2799.1482,533231
2023-12-22T00:00:00.000Z,2798.8496,2830.1502,2773.1767,2821.0951,514906
2023-12-22T04:00:00.000Z,2820.5388,2827.7513,2804.1133,2808.8205,191386
2023-12-22T12:00:00.000Z,2806.8897,2834.9563,2806.0221,2818.8326,341417
2023-12-25T00:00:00.000Z,2825.4179,2847.354,2802.0071,2837.3004,410004
2023-12-25T04:00:00.000Z,2838.1607,2842.4166,2819.8423,2820.8054,167468
2023-12-25T12:00:00.000Z,2818.8686,2848.5171,2814.783,2843.8383,326162
2023-12-26T00:00:00.000Z,2844.7018,2861.3221,2836.9427,2838.7442,317507
2023-12-26T04:00:00.000Z,2839.0403,2841.2823,2803.9467,2806.0116,321850
2023-12-26T12:00:00.000Z,2799.3407,2840.5667,2799.3407,2820.7636,420389
2023-12-27T00:00:00.000Z,2836.8009,2876.9107,2831.4468,2867.0816,562347
2023-12-27T04:00:00.000Z,2866.7586,2874.5681,2858.6874,2867.3952,184359
2023-12-27T12:00:00.000Z,2862.4354,2865.4221,2847.0003,2854.9827,338141
2023-12-28T00:00:00.000Z,2864.6826,2887.0496,2863.9946,2876.9681,352854
2023-12-28T04:00:00.000Z,2876.9681,2882.6312,2868.7455,2875.8994,167647
2023-12-28T12:00:00.000Z,2877.0891,2901.9804,2868.9372,2898.0259,410466
2023-12-29T00:00:00.000Z,2880.3847,2893.6397,2857.4798,2873.8179,465529
2023-12-29T04:00:00.000Z,2874.5917,2887.8278,2832.0369,2832.9137,346924
